95 54
46 1
15 10
35 28
34 45
45 53
37 6
28 2
25 52
27 45
19 35
13 12
34 6
6 53
43 30
49 14
39 32
33 23
37 31
10 26
4 31
38 24
19 29
39 21
30 19
32 25
22 12
34 4
12 38
16 36
27 11
16 42
42 36
35 13
53 36
35 42
33 25
54 17
37 20
40 42
28 15
49 29
27 8
1 25
17 40
17 11
15 8
50 49
11 25
32 24
20 23
17 35
35 20
4 54
35 4
7 44
38 30
44 24
5 51
17 8
16 44
15 45
32 4
39 6
46 12
30 44
5 6
8 2
32 36
6 7
48 49
20 41
7 38
42 48
18 50
22 47
49 23
43 47
46 14
16 39
19 10
46 19
26 43
48 16
16 24
39 42
3 19
21 24
39 12
32 45
41 46
31 16
18 16
20 29
22 30
54 32
