72 310
31 29
75 293
261 229
63 285
88 22
129 16
246 48
246 242
214 259
254 252
217 29
257 207
223 92
158 40
120 71
139 212
123 78
144 118
178 2
257 228
4 305
73 145
57 10
276 56
266 183
248 275
219 159
178 36
245 20
48 134
7 82
178 54
49 189
240 200
103 303
155 31
302 258
138 36
244 37
259 238
34 204
125 183
291 204
292 237
221 205
111 108
27 61
268 88
111 176
16 269
249 71
79 178
199 194
251 23
168 256
148 208
261 157
226 279
293 51
115 173
54 97
290 39
24 232
97 200
177 59
153 95
12 21
29 206
143 110
9 56
217 292
200 75
