1254 749
543 305
230 493
328 75
251 645
359 539
717 68
19 467
606 7
490 145
299 465
427 646
239 248
666 84
491 518
230 622
166 497
326 419
465 662
515 306
147 225
422 687
732 450
595 99
47 648
592 304
405 147
221 59
601 421
45 74
2 429
458 100
706 523
350 336
726 269
35 433
479 738
503 163
339 149
231 104
251 450
578 431
632 24
676 113
399 599
95 59
106 67
104 47
168 560
473 468
245 191
445 312
739 65
442 449
65 155
473 289
738 210
669 172
329 265
173 591
454 370
312 143
337 735
288 312
742 668
196 23
171 128
732 174
438 11
467 437
538 491
694 245
533 205
387 465
118 486
242 52
162 551
337 731
269 179
29 663
186 538
406 374
741 69
196 194
708 601
428 675
16 542
436 560
22 304
21 140
220 419
626 181
718 592
502 585
342 686
307 57
184 671
117 38
350 57
601 267
230 612
264 534
178 231
639 330
216 468
405 23
129 317
157 405
121 312
21 224
624 134
201 726
466 3
700 478
581 610
503 394
339 505
435 348
587 675
340 696
608 408
647 632
289 118
402 551
500 438
274 246
519 156
517 103
154 658
513 70
599 457
396 619
721 484
352 651
419 131
561 56
85 628
340 107
621 428
280 176
447 594
457 739
643 626
164 179
351 109
450 673
62 404
453 616
1 400
679 296
213 268
514 123
431 485
442 713
56 511
354 342
660 449
741 520
148 465
687 167
416 148
195 415
500 602
747 186
290 600
399 607
602 399
213 86
200 84
95 722
100 159
118 78
636 678
661 430
483 116
633 542
149 207
268 606
40 446
104 176
170 459
376 369
616 536
705 421
362 303
510 352
136 143
39 327
124 125
226 221
502 691
249 542
453 89
43 46
142 165
677 468
268 353
116 705
198 92
329 460
699 708
695 219
154 338
83 739
103 187
213 59
142 556
742 581
274 627
137 259
239 186
640 430
408 224
288 76
20 138
329 719
104 63
362 120
450 15
387 732
365 424
345 617
501 155
241 153
78 312
340 108
314 636
112 338
240 403
289 385
68 336
593 419
583 307
29 245
55 141
440 666
218 518
194 574
492 82
662 92
148 231
607 1
727 703
585 14
53 466
12 674
193 287
454 492
21 627
131 91
35 530
558 456
88 695
370 40
630 541
376 326
512 680
195 531
203 57
46 37
308 251
473 408
252 174
513 619
490 154
593 316
316 199
420 55
282 747
6 126
388 33
568 646
291 331
727 268
646 384
656 460
197 162
216 604
343 581
662 118
257 595
27 112
48 69
38 574
671 103
517 78
171 711
436 455
228 664
410 91
269 459
715 78
494 605
621 362
548 585
741 128
119 64
659 210
507 258
537 124
32 222
39 351
203 517
720 334
46 274
515 487
445 629
616 643
276 188
377 310
561 711
727 379
651 531
86 3
81 666
449 699
22 542
445 486
240 561
209 283
334 541
156 491
200 728
88 428
630 98
575 57
593 58
329 667
629 140
55 453
273 186
71 63
474 244
316 572
510 182
378 79
219 512
331 648
101 328
199 386
356 561
586 617
744 739
575 132
19 209
151 484
153 2
61 269
297 186
552 327
333 189
664 75
717 175
186 316
401 497
590 296
265 410
361 626
701 573
588 731
202 593
254 741
742 313
429 119
585 547
748 636
642 293
492 469
58 680
731 414
635 434
68 513
423 196
78 585
492 347
403 716
156 746
731 582
594 702
559 479
462 6
112 310
296 70
92 561
29 637
495 182
570 747
230 546
274 442
331 45
183 469
228 585
38 277
151 729
234 456
446 89
670 264
493 500
747 285
519 385
717 99
397 413
629 246
639 604
694 366
103 32
71 309
512 430
362 551
484 448
364 115
416 722
352 162
20 26
231 420
56 310
692 445
572 226
707 412
708 163
200 229
156 368
552 646
217 219
415 722
606 628
268 369
375 654
301 618
365 535
616 525
143 353
256 712
485 85
526 699
526 683
39 246
58 706
677 543
428 561
92 538
457 648
730 696
311 199
587 541
606 403
174 23
443 125
225 286
497 510
558 378
261 720
218 597
667 208
246 364
261 289
114 657
650 326
523 489
374 622
721 258
566 378
466 432
658 590
132 604
281 512
183 173
148 147
498 73
420 221
38 61
537 224
591 346
449 377
201 676
67 510
470 176
602 548
2 454
318 709
6 244
439 8
459 382
174 319
481 365
390 410
289 226
540 125
688 128
586 22
153 300
670 53
278 389
708 228
235 592
718 643
209 100
434 525
275 740
45 635
664 371
41 374
419 570
395 307
127 74
297 635
93 258
234 389
148 702
694 262
413 412
100 720
385 637
743 484
423 9
641 229
287 56
45 200
237 309
130 701
158 196
307 51
454 61
27 106
449 669
271 705
74 701
594 503
696 66
186 592
556 227
128 518
498 518
662 139
65 451
605 295
721 659
378 700
485 334
222 28
224 282
355 669
186 687
379 140
146 600
76 111
401 730
230 137
13 729
72 518
233 326
437 628
111 553
304 289
475 531
146 742
163 461
515 151
668 716
639 122
566 75
379 510
131 179
123 548
339 17
734 582
238 200
443 733
164 406
470 179
194 380
43 35
85 725
113 315
560 21
639 395
295 316
412 714
390 458
91 226
75 565
163 190
430 401
318 192
215 242
328 598
687 480
588 373
224 139
699 439
237 652
59 307
591 600
30 67
557 264
681 659
550 471
11 27
482 597
145 453
521 132
19 414
519 694
307 437
191 631
137 10
328 33
358 347
385 159
362 14
132 173
237 268
687 3
106 487
486 574
434 64
145 370
59 449
600 263
208 498
85 384
436 503
648 246
4 686
247 125
743 429
165 182
119 224
608 643
615 37
358 155
151 69
578 363
14 289
678 3
329 90
562 365
644 27
317 468
733 259
189 623
730 542
250 417
246 139
556 651
467 631
60 153
740 197
352 530
327 130
95 439
72 649
242 99
622 103
141 102
14 284
661 496
115 689
158 326
141 594
157 465
553 536
245 636
725 660
4 563
594 440
236 450
426 158
645 312
543 319
679 243
498 427
501 17
11 240
286 266
461 28
613 272
624 650
333 557
286 588
497 311
670 592
256 650
442 749
367 231
416 616
225 299
83 255
336 213
642 187
210 335
433 458
257 592
626 137
540 69
686 706
675 552
463 1
570 631
88 727
210 728
115 740
456 65
642 13
230 721
148 701
278 647
318 161
590 163
745 520
224 748
531 744
608 38
635 451
599 295
538 530
500 646
487 621
585 245
319 202
127 329
519 521
526 253
370 76
707 286
112 280
549 151
334 678
377 231
356 142
26 607
455 168
143 470
390 294
617 566
292 393
339 433
520 25
710 34
105 622
674 691
243 106
7 65
684 565
4 393
696 546
712 206
580 71
17 438
609 690
405 541
403 710
738 582
343 62
610 190
176 78
421 548
338 225
55 415
366 678
11 195
249 95
184 42
673 347
259 697
681 499
380 666
54 337
21 92
448 389
521 519
499 123
30 261
403 346
372 409
112 346
289 182
227 437
661 83
28 36
98 516
184 475
562 345
34 514
617 580
583 748
689 80
148 695
499 447
546 560
74 594
105 491
37 554
637 81
17 546
543 518
253 303
457 291
176 567
178 292
336 644
369 130
125 213
70 133
143 225
737 729
652 601
321 619
437 395
314 538
715 676
358 279
433 268
81 21
537 723
373 200
471 12
90 686
474 250
359 245
275 557
420 541
618 440
248 460
331 38
154 226
235 14
168 85
14 565
137 546
195 305
688 704
533 621
661 549
156 182
232 693
234 580
388 414
367 5
19 9
411 368
257 559
737 297
177 445
229 22
480 618
171 267
87 158
710 498
722 569
171 653
15 449
550 593
48 79
216 41
590 378
415 219
481 670
344 627
316 692
411 504
276 742
544 436
213 557
508 535
23 457
475 621
714 18
375 368
747 633
634 32
684 44
722 311
119 602
712 182
366 720
571 43
9 82
532 331
540 578
79 279
232 434
387 525
249 285
162 154
409 405
102 131
105 698
280 145
134 310
191 250
422 749
191 45
62 704
207 748
507 91
190 231
529 88
230 222
586 19
53 547
589 129
50 72
684 498
503 597
151 316
152 493
280 379
102 263
380 746
212 248
365 655
586 177
150 670
199 97
379 364
221 87
182 261
504 448
92 16
279 626
208 179
307 522
208 673
164 415
519 76
594 343
55 345
594 141
346 406
468 532
292 515
201 124
509 409
285 255
369 277
194 426
106 643
247 490
600 408
549 621
354 203
284 188
397 187
508 549
219 107
515 480
119 123
731 356
722 295
746 710
142 601
157 434
374 594
666 513
571 692
548 7
723 559
136 13
578 649
125 616
424 158
587 93
303 586
335 552
354 385
284 629
676 34
10 531
397 110
475 367
115 190
559 331
33 236
696 409
531 118
579 655
746 452
355 201
692 322
282 332
196 554
512 643
640 363
193 359
366 458
438 478
354 454
160 53
731 746
113 111
666 416
500 285
316 256
175 152
663 707
739 120
485 232
622 317
636 682
620 675
18 202
647 232
96 14
518 368
570 694
379 61
262 302
418 363
175 491
232 160
379 112
726 535
678 382
278 437
650 293
715 282
130 212
555 298
49 623
480 661
732 365
65 100
435 461
742 251
203 690
500 176
96 723
524 155
566 529
355 726
744 177
560 628
461 316
25 22
353 438
133 113
305 151
486 347
43 652
613 595
380 79
283 452
568 598
215 377
277 662
273 194
2 64
373 219
598 739
575 148
452 442
123 656
672 262
158 111
713 189
684 203
582 386
438 42
84 219
27 168
8 747
175 93
443 597
602 98
339 675
534 715
497 554
116 601
308 548
261 285
529 376
166 5
547 420
500 68
220 251
140 534
370 50
208 525
732 618
324 416
92 80
635 582
79 648
528 613
129 452
11 347
508 225
280 452
378 617
652 656
44 169
691 416
72 104
71 547
401 406
262 637
619 374
577 33
162 690
158 106
245 631
115 254
246 644
717 316
437 47
449 115
101 336
115 265
442 62
109 376
697 224
550 671
128 336
109 46
432 731
686 153
390 551
38 347
363 550
80 523
84 327
305 96
685 210
255 199
607 187
212 64
712 329
518 521
560 552
538 562
601 210
551 432
245 50
404 275
444 680
486 690
637 99
587 274
703 29
26 87
306 192
573 584
529 150
270 509
420 130
412 609
445 13
652 261
733 4
140 460
36 161
662 470
529 742
133 611
369 669
703 203
606 123
139 187
689 325
165 144
233 740
418 544
401 581
534 391
448 233
277 118
213 333
194 715
68 352
498 670
184 149
575 183
222 325
722 520
746 679
700 120
149 49
667 56
348 397
461 651
732 564
474 292
447 426
38 181
265 642
401 68
325 197
78 513
206 305
319 327
741 679
314 418
29 585
622 307
459 31
362 410
706 326
562 63
567 243
674 279
727 58
363 449
106 259
737 220
682 149
97 185
398 196
469 70
172 243
91 571
457 688
681 405
312 548
633 32
247 275
671 267
543 233
142 438
244 511
407 227
554 601
1 10
103 520
745 599
650 250
7 388
279 488
468 332
709 464
62 271
172 514
123 430
550 741
185 317
43 103
154 697
695 320
729 332
168 174
268 700
365 452
346 527
273 323
703 92
650 159
87 577
226 376
549 415
292 585
499 115
579 150
678 180
490 70
625 429
