2785 2242
961 1909
1021 1891
2229 2185
1495 491
2029 322
300 1152
23 1725
1746 1559
1191 1488
1765 1963
1911 2074
2138 1853
262 1418
1629 1156
1560 1766
53 1908
1366 2013
625 2194
1319 1603
783 900
129 1661
177 1024
1056 650
1033 75
211 790
903 1325
648 1217
1290 649
379 1493
789 637
517 970
330 631
1865 125
1173 1068
1907 1682
824 1655
1974 31
1048 810
1170 2106
978 852
2223 356
912 1988
1948 364
625 1781
2097 1
628 860
593 1338
1295 2158
1244 1114
1718 115
2235 1023
2090 1369
679 189
1355 1176
594 2029
83 757
1272 1527
1191 418
1170 108
1111 1455
149 1954
1700 1369
1118 2224
1590 865
1847 278
868 1799
1718 1337
1045 492
1224 1954
75 217
1056 612
997 1884
209 1186
127 1248
558 803
1825 1054
1916 1332
2185 1831
422 1693
603 1753
2148 1568
1280 199
1065 808
1412 1283
24 1650
69 904
1910 1665
1492 583
1855 827
2085 1049
1914 667
1300 595
112 941
1735 949
865 1819
118 1622
576 1834
1655 2223
854 561
515 1005
1779 1733
2075 1491
164 123
971 1199
1649 1418
1125 2202
2182 2015
2060 907
952 777
1076 1001
883 1611
1750 266
1464 1379
1150 1351
1800 907
1432 104
2162 622
227 892
1750 612
945 464
590 1201
560 1715
622 1266
2024 417
1136 582
1773 569
1353 1984
1856 1488
1006 863
1757 946
1015 589
2119 1953
2182 795
156 1690
495 956
121 652
421 1521
1410 790
1036 2016
1746 1326
1444 229
1540 1558
336 2045
340 1193
2091 1393
375 1846
695 663
1448 1525
1356 764
1758 776
500 748
440 526
1230 864
2145 1411
452 730
548 580
1043 248
1414 376
1605 485
260 771
1587 1169
500 1300
872 1216
1806 1947
165 113
32 1199
616 806
1360 1361
986 2112
534 2096
382 712
1911 2036
1425 1428
1603 756
1964 167
498 1712
1750 2088
1026 831
499 1358
2022 669
1499 722
452 1565
1440 182
156 33
818 12
1481 226
1585 775
1970 562
1253 1243
1403 1727
1461 452
1128 765
605 246
1870 1533
567 4
9 2229
32 73
955 2214
850 2238
512 2006
1331 41
1277 510
1588 131
1318 1686
2034 1211
1164 1806
413 1832
1315 993
1551 1745
2165 1893
1502 651
721 2234
732 1353
977 761
273 1215
930 1183
547 1234
1463 1618
884 996
1208 1714
1159 1122
1262 1370
664 741
1707 1495
71 2060
2117 1734
2099 159
812 54
1178 817
444 253
2092 454
986 2081
1167 1203
1439 2012
1336 9
1157 2044
490 1780
990 258
1662 1297
1384 846
803 926
234 134
2188 1938
885 1226
1372 2123
727 1522
725 2201
1959 1742
2167 578
1216 2157
1139 587
8 1510
1115 2001
113 996
1451 2049
124 1191
893 644
1456 1994
1353 2014
511 139
1709 1338
2003 233
553 845
780 180
1208 1484
1316 1656
2026 202
1715 268
716 11
2207 398
1413 966
1042 1318
1885 907
511 1760
131 1527
2162 1053
705 171
11 1243
1700 1631
193 370
416 1163
1850 959
270 1710
624 1884
1419 1287
1697 586
2035 2028
255 736
1850 1585
211 950
381 1121
1148 1363
1194 1839
1978 428
151 2231
81 827
974 1232
186 825
923 1335
1979 1844
841 1140
1530 546
2192 1523
983 2082
1809 2216
2180 790
1350 696
1572 1447
2120 1245
1058 768
1294 529
1373 1791
37 653
2189 1278
1692 1614
754 526
154 1670
1456 267
549 352
1436 414
2087 704
213 595
169 1612
1181 988
690 633
2199 777
2115 797
579 1160
1345 416
1199 1922
331 697
2086 966
815 315
1453 882
1112 1827
415 1800
373 42
2194 1001
1464 82
4 496
1001 1807
2166 1069
1829 1127
554 661
603 359
1143 2147
1031 2143
205 393
1381 1929
1662 616
1868 643
686 882
1920 1749
1605 2235
110 1404
1000 1668
1649 1416
1546 344
591 931
1095 1075
2141 1096
581 1225
636 1549
2158 1882
1440 493
2147 1506
782 427
343 362
565 182
1612 1263
821 1257
1384 1378
1540 484
121 1328
1493 1980
1252 1955
1964 232
344 911
1034 1191
296 55
1166 2012
1287 439
603 105
12 1940
1628 1121
1791 808
751 574
822 1511
1973 791
383 1081
1229 2056
1282 995
1041 549
2090 1178
2143 2159
1774 1037
1564 1366
2019 1859
654 465
13 235
244 1455
924 79
190 1149
2029 979
1267 1561
512 1955
2141 2178
1158 2224
807 1415
1013 872
1227 1964
1729 564
678 1712
1065 1707
2235 506
742 955
1173 827
1520 669
162 376
1850 1306
642 1669
1711 1055
1324 1027
443 2052
1174 1700
400 1184
1827 291
1417 39
698 987
661 153
718 1235
327 1845
1810 1250
1306 985
1755 803
381 1577
1060 1094
1117 1354
902 1091
845 917
1359 331
1542 2016
62 477
1157 1505
1779 261
1175 1808
1235 401
223 1399
913 93
1564 930
2189 2019
475 1496
621 271
1751 597
854 894
744 1699
1435 1255
2076 2200
1912 2014
2147 2043
1031 1087
347 1385
1977 2069
1705 202
1518 1371
571 1979
899 973
753 1290
310 2115
2205 846
2 239
1359 1292
390 1173
397 1670
1485 156
631 217
696 753
274 1404
1165 2206
1803 1546
1739 811
655 2220
657 1683
1187 741
2208 1316
580 973
1409 316
1299 64
771 1615
1714 866
1562 1124
735 2237
945 1363
888 203
685 294
1099 465
1720 479
200 134
1229 1520
1361 1854
449 908
462 262
314 1070
1539 1524
1027 1986
1908 1970
1104 797
1917 1972
1878 170
1730 1539
885 1131
1790 316
1486 894
1106 639
597 1249
2232 1114
757 381
1464 761
1357 1109
981 965
868 1960
126 136
735 1544
670 1930
237 2007
356 987
1636 817
899 1674
2241 1258
112 2154
1734 833
1909 1688
790 1087
1247 1895
138 1777
660 1582
2007 1603
671 192
934 1036
1499 1956
76 284
1369 1745
2149 1069
1826 1357
1161 1896
1707 399
1841 1075
912 515
112 1145
2019 733
94 1273
1580 1488
517 1521
905 119
1458 1693
2221 1951
1213 532
218 275
2101 1965
1618 313
244 1886
792 959
531 288
854 1115
1456 1688
1713 2137
1880 257
180 714
1662 663
1855 1745
344 527
639 1888
1730 304
209 584
583 1252
2117 2075
417 1258
528 1496
1216 1068
1497 1223
983 1240
738 216
1640 945
2209 1753
857 1778
874 1471
1073 1109
168 2068
1093 936
1997 169
977 2233
1863 1506
718 2056
1935 943
548 749
547 2008
1869 1944
1473 1235
1940 1365
759 1153
1368 1430
17 2002
1700 2150
24 625
1715 957
1551 1487
687 1495
316 539
735 1016
2161 1718
365 926
841 1146
1555 885
2205 557
400 1869
2141 1686
1800 1385
991 1544
1192 1604
624 1180
291 921
751 1644
1335 1171
2027 1174
600 588
299 955
670 1376
1940 1475
2138 1099
311 496
937 405
666 320
1919 260
1802 1351
682 430
2 785
49 1424
2098 232
2240 1755
241 1732
122 535
943 1586
1694 958
104 1555
462 21
371 722
1947 997
1197 375
1202 2119
1511 2181
238 62
2209 1407
1059 187
115 1617
1171 1462
1735 1555
2015 1276
1592 830
1057 768
74 1623
2211 1248
1224 1943
561 1348
730 709
419 434
1864 832
328 1173
1266 1490
610 377
1022 767
729 2188
1249 92
1589 875
994 152
548 218
53 2150
1665 121
1823 695
365 672
1011 749
241 607
2084 1695
438 381
645 270
932 1104
1924 1863
595 1509
565 1783
529 1574
1286 929
1093 70
1943 154
1524 527
1844 1691
1987 2242
1194 1006
769 1828
645 1570
954 906
1662 97
165 2051
1835 16
753 495
1884 1225
692 1229
308 108
5 1574
576 1072
1683 1902
1486 1839
912 77
334 804
1586 1237
329 1031
1487 320
2181 67
1867 1097
1263 732
1414 415
2014 256
848 1477
61 618
744 2083
1895 2105
596 488
1691 462
906 1288
1512 698
975 95
923 1456
2074 1301
603 198
1651 630
1732 1053
2121 718
2174 835
2206 1906
618 1227
946 86
1294 1238
667 1784
1856 83
336 539
2038 280
1782 1384
1147 1568
1290 835
881 1435
887 31
839 1004
1205 1059
1624 1910
1639 336
37 1284
366 35
1856 361
756 107
331 526
40 588
1932 508
608 2105
797 386
1385 1994
558 74
1759 1758
1693 2222
653 1172
1822 1581
628 1929
2151 642
736 1005
1601 162
1181 826
192 1287
179 1899
1439 492
903 1028
2146 663
347 22
1974 1488
1810 83
2209 2065
903 2168
78 1159
124 1500
2112 900
1168 2029
79 2149
1002 677
1640 804
641 670
1188 1757
1571 1320
2021 2098
477 596
1712 2240
503 201
546 461
2147 421
647 34
1452 794
1149 1474
84 1185
7 1712
289 1136
1390 132
628 420
1067 737
2107 175
813 1680
970 1916
564 415
830 1074
1677 1058
600 1947
894 1647
573 1790
1249 1175
2139 539
2161 1354
413 1484
1310 90
2139 2121
2157 2114
2051 30
1913 1160
1545 1275
1034 1992
1755 977
685 1546
1574 774
746 958
1301 567
1503 363
2115 735
1612 112
831 1514
374 2048
2134 1544
987 2082
346 1118
73 1006
1432 11
1616 1758
1566 769
61 153
1916 230
1548 1465
698 171
1753 1947
1586 431
337 1922
623 1183
175 1913
233 1828
1256 1328
220 71
951 1275
1047 279
1234 101
1862 1319
1439 264
2001 204
1110 901
2059 1570
30 500
858 1967
1830 1337
1374 1223
850 1578
236 2172
1682 790
585 1222
918 380
1237 971
1895 1728
391 2055
143 1387
1259 1760
1161 1527
2151 658
556 1855
1121 2097
1649 444
1616 1531
214 2036
1001 1302
280 2083
821 328
1749 417
478 1062
1944 923
927 2061
803 687
1334 371
1297 1473
904 1796
1081 2105
1591 1151
1879 1255
625 1487
602 1564
2000 490
1130 1109
1536 865
1177 678
87 1106
1001 1280
701 623
2031 1634
362 1360
960 493
1025 2146
1027 1951
91 2002
1716 602
1922 1324
45 854
1397 1510
1746 1711
2174 381
2191 40
1069 581
450 954
2216 2015
2090 1560
978 1306
2034 1317
2015 867
1874 1247
1950 208
1949 1101
742 149
1735 788
447 585
39 1503
1483 1827
1357 1196
1411 1516
1433 1894
1595 1828
1795 1842
1882 1017
1254 699
2195 42
494 1643
835 576
209 837
98 1085
226 1392
265 1944
462 50
1922 212
829 543
1995 2109
674 481
982 552
221 1069
1466 1384
1309 3
308 982
2001 1560
742 335
1896 442
1063 1820
1025 1071
214 928
543 2193
1175 1772
59 2059
879 769
870 52
641 85
80 376
682 2034
2136 207
530 1270
920 1738
1623 137
2068 2001
1936 644
1079 1461
199 918
2063 1533
1163 1520
1175 1289
1743 746
2089 1917
1147 1594
10 343
283 2239
185 531
1689 1475
1528 76
1711 1131
983 805
610 1628
1761 1584
5 662
2238 912
2043 1305
866 1088
1491 1749
432 1843
692 1896
1350 1272
1739 261
2180 939
1583 1067
1858 1993
1142 2159
2210 1431
744 1157
123 517
124 1202
711 1983
590 935
1649 1099
262 957
779 1956
525 1429
658 595
517 1867
660 21
2151 2063
1414 1256
127 1058
1033 529
61 1592
1167 2175
1576 542
267 1483
90 834
951 1995
2017 1218
37 669
2070 2136
2231 395
550 352
90 2050
2192 806
2049 1614
2062 1306
1980 1495
612 2069
2216 462
1230 1117
1526 1033
1633 383
692 1347
343 168
1929 1584
2130 259
410 171
490 1988
894 1410
91 253
306 1339
1513 612
2186 1865
1305 1073
1557 2066
1047 1673
974 222
1803 684
550 1855
1235 799
971 760
1868 748
1664 537
325 748
1023 1422
856 1343
673 1606
1452 2120
1567 392
256 2162
174 1144
374 737
2075 355
780 45
2064 2055
967 2131
999 906
354 726
513 1862
1554 24
519 252
515 1391
2074 89
1772 2169
2203 640
252 1740
611 1840
829 529
743 1545
1514 186
1770 1951
1656 72
1793 759
1496 716
1248 1919
1822 1759
1317 1236
1592 315
1965 1787
975 1874
1737 1144
1143 907
1105 631
534 582
934 505
1539 1849
2172 1750
246 2180
1917 2051
569 16
2014 1185
2221 1917
1031 364
729 768
2148 1117
1613 80
161 2186
451 1189
65 109
293 104
1036 1104
1261 1910
1273 2096
169 1290
817 1824
638 288
145 2045
901 1459
1517 780
2161 1207
429 282
2107 127
190 253
1001 234
1524 1190
838 2041
253 377
91 1755
1186 1996
190 887
745 1726
1530 1917
718 1943
1326 344
1394 20
1298 983
807 410
161 1975
1231 2056
1713 1049
1341 191
343 1077
1181 1499
2094 1329
1306 1325
65 63
139 895
1704 1708
220 225
1272 636
132 759
284 1939
1023 2103
102 1544
172 724
1639 735
1078 1567
2136 213
2 571
2034 639
914 1478
1913 1128
2080 1143
1651 47
2042 212
689 2029
1147 398
1895 586
1357 1063
379 1833
96 1440
1340 2055
1316 1407
220 1538
2133 1856
1922 1810
301 1530
918 1527
2058 324
34 871
1246 2083
609 1454
1847 95
785 369
1777 547
68 958
1022 1753
1004 1435
1489 1582
1865 1251
1719 1019
1277 345
783 854
1998 306
936 2179
1660 2025
1379 319
922 387
1521 1319
1313 1768
374 1291
1327 1417
94 165
200 1637
2148 491
1654 774
934 456
2008 929
455 348
1205 1751
1976 829
610 1111
1514 1997
52 756
1890 932
1585 1711
1762 1427
1179 942
378 2099
847 950
1125 2005
1057 1979
2180 990
2172 905
1735 1082
1142 1368
1229 1882
1512 775
685 1863
1886 2005
1718 1350
1019 120
1240 482
1177 2042
1862 442
1849 165
1944 118
1411 1697
1655 1595
438 2027
1378 984
1446 1004
1417 1326
772 1912
1204 1490
980 1244
1166 1256
255 20
345 343
303 1105
1647 1716
1629 1168
1924 2018
447 2102
992 988
1225 788
548 751
313 936
498 185
251 379
1379 2171
38 130
1279 1258
930 466
1065 654
628 1100
1340 378
1120 1910
1233 825
169 817
448 1141
1918 1104
401 461
2168 1006
1279 280
1098 1564
225 1745
1722 1879
1295 1456
596 2011
605 1665
1526 1145
955 1866
706 1342
587 1122
1830 230
1616 1698
1556 23
1152 825
2014 1756
801 1132
1676 1205
1249 1237
1331 1019
2155 727
1763 1224
1307 1563
2090 775
516 1400
1266 1040
1333 2072
789 1831
385 778
1742 2019
792 500
1130 2222
1576 1468
892 648
1482 337
21 1685
313 348
1798 527
42 1024
168 1408
867 1013
748 763
1623 1822
1509 619
649 2167
1846 1384
2209 595
350 1715
2119 1620
1547 634
1039 1143
1930 981
2211 2112
845 146
700 398
704 1980
1961 1125
1027 1336
1329 385
123 1943
1800 155
389 309
2196 1154
1401 690
1331 1064
338 2174
1402 1391
537 1745
1862 1873
1010 1075
1945 551
299 167
524 253
161 1158
2061 1219
25 1888
1849 811
768 167
1432 746
91 1568
1141 1437
2115 35
1374 521
117 401
1588 480
513 1526
1832 494
1483 2068
2135 423
734 1822
1289 827
2008 847
61 656
1711 18
810 508
900 1472
468 1292
1035 1234
122 460
1849 958
1360 304
1113 1156
2240 1133
2046 833
1788 1843
922 282
1096 264
1075 581
570 773
2172 89
247 276
190 1327
562 667
943 688
2119 1491
1393 838
790 1859
293 1266
1483 2040
661 702
376 980
1349 948
2011 1619
1396 1616
345 1400
717 2074
1209 226
413 2051
635 750
97 1126
1317 268
556 844
1538 155
142 184
2 1393
2219 432
1797 2009
12 1325
2001 1789
1205 925
2110 2044
1983 1773
1346 224
821 786
1040 41
867 590
959 863
997 46
1897 1077
2070 2088
1674 2115
516 247
602 1498
1114 948
1452 1358
421 990
14 739
298 1949
1089 1469
930 179
1546 1379
1248 206
161 237
1974 1146
1391 631
2213 56
407 253
1575 773
380 284
2122 1524
390 1167
1208 268
116 915
1604 2020
950 2153
2068 2061
836 1741
555 1082
1114 1837
1315 800
1841 2103
1085 892
876 854
1645 1788
1129 1876
904 858
2239 503
1375 32
1317 1067
1096 1142
2132 1872
467 1285
1178 1500
681 2203
169 562
435 2220
345 2011
534 432
1374 891
1922 213
1479 5
896 1715
759 1303
246 1683
1209 1391
1479 1805
318 1247
1172 1692
2151 1135
2133 2218
94 1267
1218 1025
1021 668
138 962
1285 634
1517 1092
1654 2237
1750 1333
187 51
1154 1555
302 1720
1838 1450
591 2115
2226 159
1355 1864
1520 1001
647 105
855 295
2214 467
361 633
483 1067
1891 1783
1005 1367
2032 1850
843 431
2148 987
1162 625
516 1507
2175 697
843 405
1051 1311
1165 1717
557 1176
1898 2173
1938 1793
939 1426
86 395
103 1383
2019 1294
2039 535
2222 1008
1671 1143
1597 50
1085 917
294 1071
1837 1589
1156 1907
223 698
2160 213
1816 144
1079 1279
191 1631
879 1924
782 1415
1768 1625
900 1156
1 1521
1019 753
490 1356
912 1346
2060 147
421 1631
1918 17
65 241
1681 1745
2133 128
927 1752
908 1204
1771 902
102 1555
1099 1491
164 1844
258 894
943 1179
999 645
1648 641
1836 1273
94 1254
1910 61
1095 1097
765 1243
741 599
2085 188
1575 700
2109 2130
226 510
945 2150
942 329
250 2069
1556 889
1870 1523
787 90
1820 869
1081 1092
220 1324
1575 1891
187 1751
317 319
180 1808
677 787
1162 253
1744 418
2042 1765
1197 1777
854 838
1279 35
263 1509
1545 2081
2209 126
2075 1497
2022 2241
998 1000
2007 89
954 1586
2186 1932
482 1505
918 1170
88 1574
652 2022
595 2054
1148 438
1778 509
1132 575
652 1795
379 411
2196 191
282 968
2190 1941
1867 247
2113 831
2049 987
1817 1570
1246 2153
1800 2076
749 611
818 2008
331 1457
449 146
1955 296
380 1140
1917 667
1161 1212
1063 2106
1063 2027
2127 1066
1319 121
174 1751
2151 1565
676 993
1824 283
1769 2135
746 2224
1692 2032
169 1124
76 523
175 276
518 1920
713 1153
532 1537
1495 2159
1320 27
1650 1798
876 146
1394 1179
545 1402
884 338
1514 665
175 124
1669 2189
1804 306
366 32
1593 49
387 1549
1140 758
1681 317
1882 1781
1977 547
1006 1018
1257 1165
1143 410
2102 2078
1426 1142
475 1576
337 1820
768 2097
1484 190
2024 611
217 2199
2202 2066
136 1599
382 796
2177 461
1420 400
2210 814
657 108
309 884
234 767
357 1266
1955 394
240 698
1618 935
1612 730
1631 1391
1676 1196
172 638
1596 1997
1110 2240
437 646
1935 1176
287 1550
1073 2063
21 1970
563 2105
743 2000
1425 1286
1722 1002
2056 2127
71 507
396 67
700 1511
616 1123
737 299
837 815
1168 2188
346 1782
2113 902
1572 505
1857 1135
1475 1117
1331 880
1619 2096
2066 996
953 1924
2031 878
1134 562
49 1353
1699 706
1568 2055
1144 373
211 1002
1814 1730
824 617
1934 1989
2078 2048
63 1265
1424 1020
1324 1023
1204 127
1735 2039
952 134
1521 752
1756 1428
235 1654
166 1484
331 1408
639 1311
1161 1252
1642 2028
975 133
264 746
1774 215
1970 1297
1831 1023
245 1077
1737 902
1413 940
579 1171
1491 290
2142 999
1618 1770
638 1254
203 945
104 129
1947 1418
685 582
43 1646
2203 626
1582 347
1275 2133
2201 216
1435 647
1821 2150
1720 1998
1625 1259
1941 1196
143 416
971 94
1846 1488
1579 1472
1660 60
1120 949
625 1342
770 560
1793 214
1782 1564
189 119
680 318
1451 1
1532 1747
803 676
1379 311
185 680
1637 585
376 2102
532 206
826 1154
281 1659
2012 152
1862 1533
1675 954
1568 1114
280 865
1537 2085
145 1753
321 742
1701 622
2161 218
186 441
844 162
968 1456
532 1885
1088 259
930 1382
1566 531
1616 804
1867 1839
314 1090
2043 1607
1681 282
716 1203
476 1822
65 772
353 1767
1984 591
491 606
412 1873
2037 1722
1767 698
159 47
1507 1607
1921 855
544 786
692 779
1390 860
814 229
1584 1743
1262 2100
1264 627
2050 217
1185 896
419 1584
54 356
1180 240
706 1821
976 1988
1476 1836
267 2137
2129 1217
1478 2168
583 1696
712 57
469 2076
1833 1804
382 2076
569 1733
565 1710
1942 9
1649 1672
7 1164
471 745
562 994
1925 49
1522 1718
1633 1388
321 1299
1307 988
1661 617
480 1625
1862 1640
943 333
520 218
1052 2083
2135 277
969 988
261 1755
1586 2095
962 1686
1482 987
1453 1868
87 1296
746 47
1944 328
1538 635
609 2043
1888 2098
485 1210
60 1675
1077 2009
1310 667
1630 2012
883 262
1902 313
603 319
152 579
913 1934
1353 788
615 1435
639 1049
340 2135
556 514
2156 2135
440 55
1269 2193
1384 2022
782 1635
19 1184
568 1296
1087 479
1267 273
506 1263
1750 865
460 701
2113 657
1955 2045
1348 1202
164 760
1986 1213
121 139
337 676
657 2115
1102 1265
1980 32
1437 205
715 397
1791 1415
127 264
768 1992
1235 2031
1 833
1968 314
2203 287
2152 1
1530 1163
527 377
2094 56
1235 106
1342 349
1652 688
1825 1208
539 1275
1688 1889
1517 1225
365 656
272 2047
1911 450
1522 1763
677 506
1814 409
1146 512
1521 2187
1815 775
1815 786
1544 325
2137 1740
1321 1506
1368 2088
1976 431
1345 1539
573 1802
1586 1222
1158 1819
1440 1280
871 1085
264 2114
584 224
1294 588
948 737
879 920
2222 1740
465 304
557 638
723 1530
1162 475
1216 2057
511 1888
455 943
1354 284
345 666
416 1266
747 1143
260 524
1871 800
2152 172
1183 1418
571 1803
1802 126
694 1688
1255 238
883 547
1527 1709
1625 931
1316 1789
2128 1579
1401 1669
1318 2000
1319 291
806 772
1167 787
1203 2211
668 1289
955 1804
376 1961
1230 295
817 499
1439 2174
808 1520
1533 1195
1212 1488
1866 1301
1070 1251
493 1147
21 1463
1372 1027
908 431
780 1240
1317 400
1404 301
1060 415
1565 689
498 831
863 1439
458 704
97 1221
1612 6
1249 843
1761 454
355 2177
2198 1254
1336 374
988 456
1722 169
285 1109
525 1078
1430 1970
449 1128
1995 509
1509 2227
531 732
783 855
1024 1976
1446 961
325 1610
1369 69
470 944
910 576
130 155
2157 9
1297 751
1533 420
537 871
1764 830
1426 257
191 1480
383 2181
1753 1253
1826 2218
1180 418
239 768
1279 525
861 348
698 754
647 1144
169 1082
1711 699
1094 162
1048 1496
923 2199
390 1216
117 1192
1272 1362
14 2079
1049 2181
315 112
1387 230
1925 1667
203 605
201 143
1721 1088
2023 1525
866 1765
342 613
1731 404
2200 282
1965 131
110 2048
517 1212
1824 209
650 296
2102 645
1270 571
132 1618
629 1377
664 323
844 1144
1223 2044
1402 1933
1227 650
1343 1297
489 743
1057 1844
986 376
494 27
1474 1758
797 1628
613 1510
826 465
2181 1041
1410 786
1917 236
120 1034
892 2012
117 751
891 1440
351 2188
760 391
670 1161
1838 389
1145 537
527 1896
504 1295
1913 1595
806 981
842 1968
1452 1280
658 904
263 165
1421 862
1298 688
1119 254
1885 2046
548 797
1956 596
1728 1003
381 327
1364 1459
1496 1726
1696 1883
1886 850
1418 501
807 2019
1312 267
1151 2012
1541 1188
900 1292
1110 792
365 1838
2082 1022
1860 798
695 366
1931 1819
1866 1580
1925 827
1594 1253
302 1482
634 989
729 153
2132 581
2126 1800
1135 1680
1222 1113
527 1694
1825 1784
73 1792
124 1908
1840 1872
46 750
478 975
1388 1426
1218 2173
2183 494
903 1973
1727 327
63 1494
378 2045
79 1949
1325 882
431 506
603 1310
1486 520
1009 2199
2160 1789
365 768
1726 1810
418 1516
2033 377
1150 324
2170 1194
2201 177
1887 1488
970 1434
475 1895
36 800
1876 924
40 1542
587 586
580 2184
545 2083
696 1627
2154 1255
2123 121
1557 1684
241 1876
1503 929
863 1676
1981 1743
1213 1494
1056 1379
257 1241
2058 389
237 1880
1345 779
416 692
553 328
221 193
1769 1586
1702 2157
168 1776
991 1123
1320 1979
1268 2074
831 392
1739 1464
485 1653
555 302
809 2091
640 1637
342 1411
1305 732
252 1700
1500 1611
980 1853
647 508
310 2103
753 368
830 1502
1353 92
2051 2115
779 958
735 1722
366 443
199 2147
628 1684
737 133
459 2182
1223 688
1908 1144
209 1752
483 1288
1623 1513
1339 229
1105 120
1502 1403
1850 721
1101 2113
1620 1169
1395 801
1292 1959
1605 767
477 122
1106 1506
664 802
322 1853
1738 1336
600 1739
1789 847
891 1305
2018 185
1941 710
1002 1518
2119 903
27 1409
1348 1986
787 146
146 1343
452 1652
249 293
1338 1364
1298 290
410 430
1315 1388
1108 2166
213 1955
2166 1390
723 1133
628 1410
111 914
1839 1418
229 1421
1494 1462
547 1142
1882 1558
1634 1357
1257 988
1250 180
305 102
1330 1022
2064 1795
1327 195
79 605
1647 1917
937 1676
1947 23
15 1017
800 902
1573 1536
1264 533
2167 1952
1182 2222
248 732
913 2005
1912 1756
358 1598
481 1793
381 1383
412 1658
2070 1030
858 427
1940 2158
473 2121
1571 58
1161 760
1118 1678
1896 843
1549 100
772 615
1317 1354
105 2082
1992 1909
2010 1215
392 691
281 308
1869 1176
1282 755
1585 1344
615 2232
2046 127
86 1289
337 750
1248 2029
197 1438
822 1757
249 911
205 1158
420 1317
1255 258
364 1569
1647 1590
1321 1300
1589 2239
1979 1346
550 2065
223 860
1193 1230
2085 834
570 418
1926 2139
1678 122
990 724
949 1123
1186 325
1497 135
59 1231
235 561
910 912
1887 1805
1849 20
1802 44
1607 776
254 1475
1682 1501
2029 514
100 49
106 336
714 1682
2 1034
950 1283
685 474
1378 526
2055 1853
1911 1460
579 639
1016 42
959 1719
532 284
452 1405
2240 919
89 2210
1017 337
1047 875
1853 184
1326 2007
1379 588
1253 867
219 638
1538 2022
662 4
1944 1281
1288 574
330 768
739 1833
2024 1244
187 1378
2055 300
1102 239
512 317
1038 1300
2167 602
644 1810
1787 464
1877 859
1948 1491
1956 740
615 691
1509 344
901 1568
2126 281
1704 1550
132 1608
2150 725
1027 1548
2152 1368
1061 1068
2227 1720
109 932
283 802
1166 1208
1834 693
556 28
1670 800
593 608
2166 1409
29 401
495 1242
582 888
591 1332
1651 2020
2078 605
1582 2078
28 1203
65 662
817 665
377 1434
233 1336
368 2082
869 1791
1185 205
1165 1623
1743 315
179 2013
988 991
80 504
472 1365
804 1314
1297 359
822 649
1227 431
90 1050
1109 335
1748 1188
1235 107
117 286
2039 742
2114 1515
1908 470
752 1258
1188 1087
1247 1504
2043 788
1629 1837
3 2037
1142 635
180 216
179 592
672 1908
295 966
1478 1738
1214 382
926 587
2016 98
639 2024
548 477
161 2183
2203 2079
2048 2160
831 604
1485 2012
898 35
703 184
403 1148
773 1065
2036 1966
1 1497
533 1862
1427 1888
1925 480
270 203
1017 747
986 1750
908 1311
55 1672
521 1852
2072 625
2160 774
1276 1506
72 1193
1428 1139
2242 1912
1221 290
349 1099
559 867
1763 1071
2131 809
1990 633
1606 2168
1628 1140
1088 516
1548 1887
46 1142
1553 943
1360 419
77 1006
320 340
2233 1811
1197 1578
889 917
841 651
1140 244
734 1300
1174 1217
2118 1479
1980 15
2032 1424
1369 2052
1070 1121
1958 740
1127 150
415 1008
5 1222
195 359
1138 569
440 67
1557 688
1546 693
739 1045
1495 391
885 911
1247 557
940 1748
951 1292
1374 2130
1594 762
1071 1406
718 191
938 1537
2184 525
2057 1764
1084 557
98 70
1518 1928
1486 983
2103 959
348 258
525 1257
1673 804
2059 792
1827 473
1518 229
188 1902
848 428
1204 963
1262 1754
649 314
1312 619
1822 2029
1454 2036
1756 1455
1620 2235
1409 476
1412 387
1495 373
1897 762
1594 20
1313 1451
658 1569
2160 1520
2175 556
1795 521
192 37
2170 7
387 663
531 1919
1643 1249
112 237
266 1228
734 362
593 53
109 878
1102 713
1468 2032
1562 982
1517 1382
2167 516
1406 856
60 1680
264 2108
1524 2184
586 1416
188 1500
2001 1211
140 858
69 1668
1968 51
133 374
197 1624
331 9
1740 734
1636 1943
1572 1859
1661 676
61 930
846 401
875 741
1092 591
2132 1445
1840 900
305 1760
503 901
752 1636
557 160
319 738
1927 1339
270 1611
2093 321
861 1192
189 1772
588 42
1669 668
2142 1913
1680 31
983 1053
1807 199
541 525
177 573
392 2081
495 150
1903 1718
961 1045
614 330
510 1705
2208 1523
1466 381
1093 584
389 2068
578 1334
21 1319
26 1546
1794 593
329 755
1942 2010
2100 1356
1248 945
154 1244
2239 301
501 1510
1739 1680
1514 1559
478 181
2237 285
667 1882
1993 1241
128 1917
2116 1626
1988 1360
403 1325
1376 325
978 1560
844 1393
1921 392
2004 1495
167 1903
1478 1804
1994 1978
1390 435
1129 1347
616 868
106 675
1159 1868
2203 1900
163 565
111 1085
1310 2
1784 1494
217 519
547 621
522 1474
65 2010
10 1846
1162 2028
2113 2053
854 615
1525 31
1271 359
1935 2128
1724 1146
1658 2164
284 426
981 1277
135 1857
93 2214
459 1615
2101 1885
361 2226
1356 161
1243 220
1471 374
117 440
340 1023
971 1657
15 729
403 257
1565 17
489 1370
1103 1363
238 434
210 1184
1866 669
469 578
23 1841
47 553
1536 2003
2000 539
416 1483
1341 1793
1061 1552
125 1930
1632 1804
1705 1663
95 1550
1665 1052
956 514
1063 1790
1881 1240
1176 901
221 1185
346 572
623 654
1242 311
496 776
365 1268
2176 340
34 471
1990 1273
1799 73
986 29
2041 304
1571 1336
755 632
1105 218
421 1733
805 2165
697 385
159 181
2163 181
858 2105
1102 1677
1521 1212
1092 166
253 2074
1604 2080
1812 772
2234 695
201 1580
1546 574
1068 1077
