822 566
343 25
411 20
374 4
564 76
197 206
319 78
420 367
59 362
304 188
325 465
160 57
488 276
411 265
201 416
514 223
126 324
388 538
102 355
505 502
439 259
178 320
339 448
23 145
259 258
132 252
360 45
37 553
236 435
75 397
432 189
446 497
501 416
504 396
95 254
93 279
347 21
418 208
388 418
502 334
523 471
231 337
393 487
535 410
15 554
479 220
102 427
297 240
552 419
447 6
493 160
157 280
505 559
137 235
280 492
85 453
69 241
85 149
390 550
519 335
306 163
484 54
12 165
217 426
294 192
285 518
413 32
245 84
209 199
183 70
402 460
149 362
374 367
84 490
87 416
278 341
52 111
270 409
134 439
87 269
279 484
10 79
272 422
55 120
472 69
130 236
484 337
364 168
383 335
373 468
512 302
412 223
3 267
406 529
268 189
562 156
394 365
458 185
282 321
354 312
36 361
354 142
531 341
479 163
30 553
49 198
9 46
473 105
100 372
314 199
429 139
160 223
450 329
463 254
341 122
5 96
461 60
225 402
487 406
517 420
78 192
349 548
444 347
148 78
135 183
28 484
32 179
62 412
163 546
108 529
61 290
376 36
385 254
18 137
24 327
246 76
411 218
223 114
221 523
186 181
58 185
199 441
208 280
111 202
113 558
349 445
347 67
130 190
358 19
215 521
204 84
208 267
190 479
493 442
235 502
176 356
210 221
123 264
536 391
314 378
260 292
235 191
435 15
376 435
197 154
480 227
483 351
92 484
123 374
87 323
555 320
121 524
413 56
290 449
43 57
309 318
197 329
431 539
308 306
559 34
488 13
86 457
165 350
155 162
479 36
144 321
69 9
194 190
320 284
16 112
284 339
452 114
89 363
391 453
61 213
551 76
451 81
271 22
210 125
16 21
284 337
417 398
547 106
474 79
365 564
164 272
13 186
300 488
326 71
103 557
254 187
67 122
526 352
21 252
111 274
12 531
326 564
48 37
75 266
275 200
216 168
549 411
522 382
157 323
307 91
288 166
322 19
17 549
239 70
436 80
189 370
341 28
527 542
525 112
416 218
536 466
465 513
38 553
60 479
218 146
74 437
383 198
552 403
489 2
384 133
217 198
180 202
487 98
134 502
357 242
67 5
376 129
415 113
33 34
373 436
340 531
496 271
370 174
432 253
314 261
33 190
471 295
251 323
217 87
379 300
480 533
343 198
40 11
272 219
24 318
320 28
487 241
430 93
497 495
120 138
219 394
337 299
431 271
157 321
122 47
485 101
501 4
488 256
149 122
539 256
209 212
270 228
183 178
273 132
314 497
101 256
305 123
13 492
165 43
556 557
27 8
217 25
107 74
336 149
496 336
439 335
394 92
320 129
151 293
156 476
204 354
427 72
149 244
357 551
368 345
357 471
233 300
465 248
453 2
165 150
366 371
184 138
29 502
97 205
360 262
93 147
25 549
460 12
517 502
219 377
372 443
319 292
550 138
423 440
237 555
411 98
520 289
361 58
26 199
224 548
381 502
324 491
556 33
388 563
408 457
242 307
423 405
167 107
416 387
31 414
461 297
379 211
432 491
254 7
254 67
110 151
511 22
184 502
351 261
565 191
535 486
212 301
7 527
41 226
245 152
534 484
202 289
313 118
111 130
511 203
334 231
271 306
3 46
190 462
341 547
88 168
68 19
542 342
552 196
131 223
164 24
196 279
347 478
292 194
116 451
162 327
449 244
354 488
144 556
422 375
100 357
511 271
24 158
103 111
2 82
172 260
420 511
212 561
348 42
502 286
73 54
51 286
72 227
463 52
234 439
122 176
395 380
386 325
454 435
388 409
387 516
558 350
524 54
119 281
282 475
471 302
499 390
111 39
334 135
438 112
272 534
314 397
135 476
82 318
156 74
269 175
239 563
230 302
450 278
402 369
306 302
323 527
485 2
502 491
39 58
520 240
344 2
461 353
37 43
367 161
221 509
277 132
316 334
200 118
297 203
227 534
283 439
472 151
53 211
201 64
425 497
338 253
385 149
17 410
353 493
16 279
385 136
334 70
385 560
349 542
300 322
514 236
462 267
437 435
282 558
34 476
64 326
323 499
239 116
207 67
52 531
469 153
76 244
438 265
473 393
204 447
459 434
23 82
144 338
385 410
163 239
69 304
514 330
330 331
524 148
107 289
342 560
349 471
302 496
273 507
94 196
385 154
418 214
369 151
435 25
71 419
264 272
94 23
28 267
219 566
82 169
37 440
109 493
282 178
563 397
171 76
167 517
73 131
143 433
143 419
232 259
158 480
438 268
348 21
387 338
473 251
357 546
50 249
462 200
22 129
260 160
361 24
304 434
497 18
408 103
111 104
471 486
266 162
49 524
342 404
272 508
532 474
363 330
185 559
327 204
128 48
56 300
98 141
227 559
463 379
341 374
4 404
287 443
10 462
149 290
493 405
27 185
339 330
17 21
25 77
382 58
368 304
439 262
534 490
51 469
274 265
508 373
547 45
189 521
272 328
505 341
215 397
396 38
62 279
73 22
36 557
309 418
533 225
98 177
317 10
346 46
140 16
234 280
76 286
118 462
202 59
361 436
490 365
276 282
30 25
412 306
156 240
444 114
215 495
475 142
427 113
321 369
400 211
542 356
182 562
488 90
479 225
472 155
22 275
8 524
442 480
517 378
503 354
281 326
73 463
212 44
71 518
87 481
438 288
231 23
515 130
256 203
214 148
83 57
107 287
338 130
52 54
359 123
5 368
321 259
247 425
502 461
70 378
365 424
522 315
554 393
208 240
162 75
217 114
49 17
146 141
470 425
308 429
421 254
503 403
250 325
443 212
251 347
365 406
536 197
485 516
502 146
487 96
257 152
561 29
78 329
50 27
29 175
183 299
94 385
250 427
47 434
272 268
246 22
533 400
336 54
548 408
544 271
379 489
433 411
12 89
29 504
188 36
507 355
121 300
475 207
565 261
237 179
442 557
119 227
333 548
28 471
55 317
149 329
1 195
373 282
12 384
241 399
250 20
231 109
516 535
115 111
348 374
210 442
28 369
470 162
446 28
500 204
216 537
463 449
140 185
416 408
51 127
160 273
205 125
527 161
270 15
137 199
238 327
445 345
277 442
422 508
223 503
171 233
230 115
489 553
255 171
390 387
38 112
143 91
92 367
435 544
211 284
321 299
296 225
391 161
394 175
315 360
492 213
109 206
543 171
565 390
245 550
303 63
518 325
311 329
472 542
48 269
216 234
18 426
138 169
267 84
180 265
163 347
270 355
189 87
239 259
290 457
542 377
449 505
491 564
331 450
456 534
370 38
130 477
371 149
548 318
526 405
251 289
123 78
418 489
363 467
561 228
349 457
19 60
302 342
538 48
33 158
181 171
391 251
476 398
322 450
33 199
291 112
168 475
366 134
9 177
473 412
381 118
3 359
557 216
369 405
210 423
494 394
458 540
226 182
66 370
337 117
556 448
337 458
218 9
248 527
485 538
422 505
239 147
432 23
516 74
114 11
202 409
112 365
324 54
282 137
356 560
357 269
490 537
54 93
198 479
337 149
441 305
133 61
329 120
8 136
161 356
280 77
134 34
193 434
82 471
551 215
557 503
266 500
240 1
335 503
31 215
328 353
258 223
251 54
297 40
555 109
532 467
195 412
32 159
14 544
541 463
130 144
165 242
454 362
444 188
488 136
495 545
173 453
485 382
13 18
339 70
