92 31
13 25
6 27
26 6
26 16
29 25
6 7
2 30
4 29
28 16
6 18
31 29
11 14
11 30
11 14
21 4
28 24
23 22
9 26
22 16
19 27
30 31
1 31
3 14
9 15
3 22
21 8
23 11
28 9
19 5
23 16
15 24
4 11
15 5
1 15
31 13
22 2
16 9
25 29
12 18
3 14
11 15
25 15
17 1
19 16
14 25
17 3
30 6
5 31
15 20
17 8
14 2
20 12
1 2
6 28
19 5
14 9
7 1
16 1
6 7
7 30
15 9
5 29
5 1
11 16
8 21
15 27
3 5
11 1
27 28
26 6
30 28
18 20
22 15
21 14
13 28
21 15
22 3
16 2
19 23
9 11
25 15
5 2
19 10
1 12
16 2
31 12
12 14
14 23
6 26
17 8
14 27
28 24
