5523
885 771
408 617
10 692
404 619
233 212
585 371
540 628
908 795
400 325
732 569
492 853
390 805
271 625
618 669
691 918
806 905
663 856
605 97
935 497
989 962
865 438
510 210
892 800
896 919
113 281
758 167
648 295
281 767
743 798
751 164
109 926
835 801
527 419
618 803
34 752
937 290
548 478
790 240
485 395
79 939
270 241
25 410
849 820
687 758
879 699
20 709
116 942
77 196
402 481
605 352
159 760
351 701
492 411
571 704
299 245
309 475
837 823
161 311
677 578
453 833
699 71
748 229
143 792
779 710
108 542
572 417
47 266
580 537
65 320
389 188
233 843
671 251
178 89
646 194
358 959
606 243
728 906
695 729
103 854
411 970
122 867
698 771
328 972
524 618
554 497
414 194
27 980
133 854
931 834
452 570
677 954
746 559
881 195
652 372
87 859
742 265
95 454
747 380
771 737
315 457
296 215
865 372
796 272
793 203
96 46
894 26
622 92
904 973
711 807
526 798
111 519
176 914
303 460
41 460
505 860
973 965
31 940
502 525
708 630
47 655
993 799
167 986
685 683
936 265
127 355
421 573
439 627
219 358
525 401
464 162
913 402
85 479
470 61
12 940
1 256
598 246
586 946
312 414
243 543
413 466
251 404
843 50
633 240
882 944
415 246
310 718
511 479
406 197
450 469
699 944
181 200
155 184
680 823
688 418
421 828
873 171
603 310
718 297
957 313
965 174
665 370
26 154
535 297
416 834
29 610
239 154
898 470
176 485
520 783
974 199
98 565
740 971
854 255
505 552
849 325
931 660
499 966
363 324
951 494
321 327
197 520
417 789
935 486
797 27
544 335
697 614
623 399
460 378
229 216
198 866
129 278
841 972
971 35
1000 507
689 322
4 219
485 34
724 279
156 761
302 61
727 964
493 797
579 46
452 759
299 931
66 171
897 328
916 341
35 592
269 530
535 915
497 394
889 918
498 996
367 284
520 233
442 808
717 518
304 120
629 405
983 408
372 520
86 126
916 583
448 249
814 572
857 942
590 598
741 996
528 888
393 700
603 244
594 424
722 875
449 716
199 16
254 891
211 26
615 604
766 248
986 288
55 910
490 838
41 783
581 239
919 463
131 676
239 209
752 471
710 999
806 707
157 32
167 491
62 963
472 309
632 32
296 83
908 839
994 650
993 425
487 553
393 137
488 374
784 143
44 104
431 513
656 897
521 672
212 102
281 461
740 221
926 613
942 557
909 151
974 509
74 518
745 457
971 211
45 985
57 56
444 465
222 352
72 822
590 519
75 864
778 984
19 703
927 555
908 47
402 175
109 862
384 572
463 47
554 165
738 511
77 11
477 884
995 581
323 417
736 586
686 994
782 702
102 943
284 462
494 6
270 527
726 578
690 884
922 224
143 486
737 407
520 409
255 929
158 996
636 769
852 101
570 940
303 825
118 550
833 761
776 227
850 176
340 599
298 602
26 143
655 122
741 125
870 10
873 281
594 600
580 702
920 770
109 299
785 353
604 12
623 25
650 128
760 525
361 25
687 949
1000 362
255 245
843 415
292 312
421 951
378 315
162 431
649 549
814 882
107 266
29 841
712 834
822 477
343 479
799 493
687 23
298 965
950 891
633 955
829 372
89 333
947 364
508 960
498 272
231 157
869 939
951 483
51 455
596 780
996 899
504 144
165 449
101 693
393 84
417 441
816 150
57 98
972 434
778 797
468 608
712 968
911 131
128 688
516 504
172 465
23 342
625 676
914 550
184 970
504 157
51 589
627 493
847 496
474 399
620 453
162 807
481 294
173 178
420 284
100 50
65 995
65 766
373 882
476 337
252 592
816 405
57 353
413 402
974 698
979 813
962 351
10 133
887 177
54 176
474 533
633 297
440 885
123 949
459 346
222 433
768 872
988 875
320 187
471 585
204 12
572 179
968 115
794 228
54 189
666 716
182 603
130 184
99 605
198 547
184 649
877 118
887 540
959 416
422 477
909 824
407 842
800 773
90 88
981 296
408 663
447 362
479 314
391 201
608 724
478 843
1000 430
265 735
149 560
685 311
784 253
409 901
161 799
16 152
269 332
480 781
939 312
879 32
185 338
909 140
811 800
286 915
148 456
179 560
905 435
941 92
757 271
990 250
596 848
89 751
636 395
629 207
704 795
950 33
418 438
532 45
382 515
115 925
729 559
491 916
513 971
939 554
168 936
837 277
465 405
721 331
702 89
826 613
862 41
888 444
621 100
912 572
571 508
306 762
961 959
396 921
795 926
60 477
27 529
660 967
295 51
665 816
86 880
246 869
231 709
895 460
344 357
867 398
913 285
522 629
445 934
132 595
810 924
128 301
496 239
890 395
955 753
172 78
769 105
223 309
118 781
809 406
607 420
142 357
100 360
223 430
32 899
639 116
180 770
775 125
852 345
370 76
14 966
639 237
429 656
29 951
695 546
899 312
482 667
347 250
861 205
76 918
473 554
757 84
285 503
161 733
574 148
338 366
399 790
722 248
179 494
877 307
495 205
63 319
486 156
389 718
862 901
623 390
958 380
163 671
760 661
326 140
289 221
220 387
715 100
799 737
492 28
769 602
521 500
240 221
42 502
97 172
313 965
325 975
805 380
292 798
484 968
164 468
728 281
227 524
736 630
423 170
294 699
299 814
151 650
211 701
159 511
849 692
849 463
439 565
505 101
966 984
215 527
181 125
277 358
493 922
598 184
634 632
928 584
410 887
205 226
867 345
297 229
784 576
123 830
62 591
800 291
899 4
565 653
350 176
238 938
613 815
401 407
225 181
15 371
870 885
498 195
687 885
497 761
299 251
868 179
419 23
462 659
164 965
998 639
406 727
561 372
767 477
610 530
866 190
535 356
335 968
927 62
354 200
243 857
48 93
650 198
490 734
801 367
24 675
841 668
784 134
44 95
296 87
718 719
927 304
657 443
388 26
434 142
849 155
222 222
411 158
447 606
600 848
993 550
182 42
127 106
156 578
233 273
482 748
232 573
918 83
620 160
745 569
695 977
417 969
71 332
403 805
174 982
18 176
909 384
468 907
163 42
467 453
649 164
903 983
478 53
815 870
708 744
630 861
35 651
926 859
893 682
736 698
617 518
400 520
685 918
76 544
459 53
841 118
130 228
858 701
715 652
241 998
733 706
874 416
972 170
798 808
369 365
481 606
542 64
120 600
519 309
968 172
445 131
906 755
852 226
125 126
963 996
457 370
907 835
836 137
646 13
637 193
284 829
246 537
172 322
227 29
182 552
402 784
168 617
928 76
575 483
962 892
321 78
17 835
634 16
459 658
249 848
431 330
236 91
643 600
863 374
808 438
735 310
699 387
243 107
123 456
576 667
208 271
834 962
235 108
344 280
418 266
743 551
123 577
780 618
72 760
791 447
204 916
259 623
629 156
108 161
608 218
381 175
262 749
224 228
413 164
807 54
586 55
355 159
939 624
895 288
471 226
352 763
222 424
372 863
133 352
509 868
46 878
434 694
142 293
128 358
155 3
922 633
917 289
168 430
405 114
479 63
252 838
173 545
66 419
626 527
496 417
513 586
967 941
194 954
877 230
730 705
996 595
361 84
864 641
131 790
456 321
393 9
207 785
403 202
302 793
263 838
901 829
931 708
361 326
908 724
595 264
116 495
419 267
589 944
622 892
680 308
929 783
170 731
944 125
711 560
403 444
56 336
825 29
852 657
962 263
301 783
353 973
788 901
898 544
848 952
686 853
93 753
198 806
622 316
852 778
21 621
843 958
640 104
318 90
89 755
334 34
611 571
167 860
229 277
542 737
311 50
780 794
26 820
419 751
620 512
661 55
5 882
643 681
385 874
691 163
650 805
235 297
840 673
437 697
275 635
500 753
888 569
552 354
455 687
87 291
941 580
897 510
542 53
447 984
147 426
917 344
306 190
911 566
424 182
85 487
341 413
395 649
298 716
259 236
88 125
401 356
831 169
651 238
369 259
860 991
727 354
443 595
823 62
551 128
566 894
263 893
371 426
440 31
692 252
928 199
776 596
504 137
258 670
390 789
579 725
73 624
654 81
497 134
709 956
998 830
968 658
117 34
805 142
75 791
484 730
267 961
542 671
574 623
546 790
450 853
869 19
356 171
853 977
713 674
606 319
349 397
53 749
740 403
397 266
882 981
219 408
42 748
611 639
454 692
200 516
300 225
884 919
904 339
690 6
361 999
37 875
188 290
469 424
749 707
463 350
155 5
399 594
898 49
567 178
383 357
990 806
840 44
520 591
76 843
249 771
698 634
12 306
851 58
653 73
772 933
371 360
260 263
600 597
226 127
264 382
336 258
828 720
643 415
170 720
453 25
403 433
169 266
155 368
857 374
776 651
621 777
390 615
949 84
379 197
814 125
717 192
280 376
662 441
913 23
173 213
887 788
646 433
967 259
213 551
83 441
983 203
969 305
844 539
107 919
721 95
280 618
2 344
580 92
655 909
768 557
904 152
900 676
124 226
589 262
954 683
902 493
305 503
90 349
543 560
386 576
147 65
730 157
592 681
229 629
366 109
760 36
961 26
393 508
696 280
401 332
341 52
938 42
645 692
451 863
950 281
672 273
916 633
365 530
423 471
240 535
804 348
625 871
721 579
58 6
176 227
797 574
365 651
920 644
138 874
432 597
287 179
578 651
58 356
76 669
514 114
266 12
68 27
8 656
99 774
859 233
401 587
313 474
543 936
92 771
950 536
489 821
952 582
878 367
220 138
918 705
766 311
227 262
213 364
113 951
154 723
170 667
389 711
815 324
111 208
612 904
147 804
835 424
497 136
856 483
460 254
914 424
124 39
257 797
742 88
174 799
480 842
834 845
543 144
212 273
220 393
178 625
623 746
610 255
438 737
355 968
214 992
951 962
65 869
5 589
440 746
271 974
429 99
713 797
50 453
702 379
628 164
776 853
32 584
665 985
131 297
483 456
171 864
947 856
31 66
280 807
209 338
464 335
185 883
694 760
26 72
913 575
420 413
529 814
284 754
259 172
530 931
661 596
512 244
874 825
192 10
37 890
114 319
317 126
886 17
660 465
247 67
362 542
169 147
240 27
317 247
887 777
563 653
12 550
134 18
811 674
919 473
387 841
137 437
775 428
35 389
147 630
549 381
461 268
190 677
42 550
658 553
137 558
764 656
948 248
213 553
72 577
223 975
36 102
941 208
932 159
728 100
984 26
590 395
655 790
218 752
801 844
474 449
892 962
680 554
456 809
68 929
424 978
551 561
110 293
913 388
172 878
482 57
294 760
237 226
110 185
820 52
718 41
695 286
284 688
537 639
922 450
36 357
294 881
889 44
677 390
53 940
254 930
266 1
190 945
749 643
362 234
50 642
975 168
324 881
217 755
263 871
273 835
97 838
783 348
25 706
806 517
653 9
304 535
689 871
749 656
475 353
790 428
451 181
575 476
987 420
679 304
282 79
600 654
880 708
336 315
395 895
882 259
954 364
656 707
348 554
35 94
50 897
141 261
397 941
149 610
111 89
335 211
115 733
288 890
197 506
91 790
111 210
938 891
915 944
435 270
985 185
954 606
233 92
16 323
78 972
586 624
171 382
909 82
46 616
217 205
865 655
600 909
606 431
119 47
468 726
239 637
324 452
337 162
72 645
287 570
152 345
936 198
850 912
932 456
49 863
720 802
90 406
700 335
326 619
343 34
460 619
437 864
123 933
38 337
637 925
957 341
571 571
172 825
156 63
240 471
135 943
701 802
636 821
510 453
790 470
564 918
779 577
316 587
844 743
658 287
553 5
733 875
982 384
762 115
951 51
720 118
246 235
251 579
388 813
971 639
354 182
533 413
744 367
301 292
172 141
961 567
25 882
118 844
322 351
248 136
855 585
640 660
762 128
733 70
461 136
693 644
541 21
730 711
788 652
507 373
223 614
583 368
189 966
43 683
724 78
894 1
945 720
408 781
7 208
55 922
719 902
815 610
919 704
251 16
285 566
505 835
412 378
109 606
563 776
637 725
617 258
791 145
765 910
386 96
606 365
244 915
545 89
839 78
696 29
293 807
973 14
56 571
861 739
745 564
261 451
490 45
271 910
973 953
934 436
699 798
207 107
872 726
285 929
200 333
888 441
948 492
969 551
738 618
844 556
603 164
30 302
828 282
975 975
329 46
279 225
876 215
528 929
677 271
546 983
355 220
761 642
322 43
561 288
62 641
598 355
697 105
354 934
539 916
286 470
136 940
733 930
542 167
236 649
134 867
772 629
937 696
357 121
413 696
895 470
977 509
366 355
316 763
897 516
437 6
657 9
469 483
12 244
379 940
319 660
52 545
533 589
139 958
777 986
987 530
890 634
697 468
91 658
980 756
742 884
272 935
234 414
137 481
963 65
813 535
775 14
381 612
150 191
747 181
995 17
907 133
378 543
509 245
373 384
978 952
36 964
796 423
625 312
547 887
720 549
434 192
342 374
488 199
226 428
42 607
506 970
795 844
970 616
142 959
728 265
194 331
468 836
247 379
706 664
57 218
984 83
221 326
13 333
407 452
401 149
423 167
87 218
861 807
759 796
660 790
429 103
453 460
883 273
134 451
20 578
920 340
221 339
666 460
622 619
646 976
695 343
98 124
851 627
832 348
3 237
261 761
866 871
516 758
254 758
92 696
491 176
128 124
554 461
626 751
473 243
982 386
887 297
945 238
223 482
16 943
470 359
322 232
179 412
729 61
992 700
290 428
397 527
295 479
341 595
685 176
778 367
392 826
454 243
115 548
436 603
936 926
923 169
98 729
445 544
744 840
804 891
59 774
110 968
53 205
648 85
589 939
770 196
930 185
21 603
926 709
678 378
727 765
562 203
487 783
21 495
119 801
967 373
860 247
545 91
901 958
467 437
1000 671
348 745
724 443
1000 792
664 843
347 907
170 42
39 525
933 967
735 494
988 674
601 265
817 792
779 271
879 623
144 928
82 50
87 165
105 219
537 630
382 756
289 528
581 148
31 4
858 456
645 577
390 287
6 590
610 327
451 977
757 754
352 934
104 869
252 767
644 59
5 72
464 623
82 292
156 241
161 585
105 461
779 405
536 647
481 711
599 703
459 400
546 288
653 939
36 711
541 883
11 654
662 355
464 636
651 462
692 234
821 873
329 182
609 465
843 403
256 606
214 609
814 870
491 365
320 483
295 655
966 594
723 873
721 9
753 486
835 296
269 373
45 894
821 886
292 771
662 489
598 733
455 950
953 372
342 255
722 476
488 309
727 591
556 709
799 844
458 322
152 215
484 725
179 843
977 69
743 656
228 210
385 453
123 682
439 430
958 500
653 618
97 400
449 559
706 895
849 449
602 20
409 150
964 143
181 929
762 911
820 98
214 59
741 973
364 757
501 503
408 275
27 583
16 690
824 863
588 98
636 812
832 458
288 331
565 868
804 396
633 285
624 465
965 206
837 694
648 529
969 850
652 914
567 52
935 973
415 183
442 811
720 1
651 167
480 514
86 358
480 285
107 417
354 65
684 465
501 987
843 458
430 814
591 651
281 425
360 489
651 638
68 317
229 945
116 479
11 951
308 420
423 895
734 528
535 584
722 410
815 372
949 308
579 546
756 179
687 308
976 182
126 914
102 328
742 136
934 77
163 954
655 662
796 601
295 844
468 772
416 87
531 74
247 315
544 501
697 780
736 442
190 683
61 798
312 380
826 372
817 552
789 719
173 221
916 265
86 976
929 204
12 798
956 603
92 269
680 668
695 976
472 904
95 688
887 220
708 743
408 222
50 514
876 327
289 530
723 499
860 733
24 232
857 987
865 848
841 225
734 99
937 687
307 291
619 526
364 7
921 864
341 289
978 580
766 172
807 469
70 176
94 304
73 366
195 477
982 564
835 56
224 885
724 942
839 929
565 131
317 66
492 821
579 709
44 136
615 662
301 472
306 550
24 608
657 255
579 601
465 206
313 832
509 478
646 483
95 380
876 945
774 897
867 78
946 371
271 727
804 961
378 789
395 204
124 155
979 669
143 168
589 191
11 214
549 792
819 424
557 387
736 618
438 961
702 253
666 330
344 279
951 957
211 918
555 499
987 910
536 220
864 22
764 838
58 861
1 61
64 117
399 336
349 744
63 912
396 38
131 521
764 959
640 398
769 256
666 572
740 521
440 983
622 502
687 631
103 580
748 89
524 344
161 292
455 510
565 870
802 325
946 976
807 403
555 862
121 112
219 647
594 295
29 752
791 809
312 582
515 416
292 344
956 95
364 183
239 188
879 814
789 103
68 306
665 296
890 680
114 193
26 80
289 719
435 773
562 60
209 467
35 21
325 763
974 943
330 878
242 994
870 68
782 184
792 643
792 414
14 83
803 243
455 994
888 58
884 353
56 201
751 763
827 987
968 468
849 251
398 86
986 522
61 666
472 651
296 425
888 71
587 897
85 915
685 651
933 487
578 259
59 899
348 736
139 333
999 962
837 146
496 82
861 503
836 675
8 35
711 909
852 656
549 847
282 503
684 254
369 916
941 324
948 485
497 549
306 981
414 780
736 565
37 564
702 429
946 789
897 375
183 803
747 616
394 986
615 167
667 34
266 922
495 745
646 914
401 329
955 622
495 866
779 396
354 927
985 730
402 409
591 574
407 524
956 968
509 922
333 925
98 304
795 232
701 984
20 1000
804 816
577 130
702 576
260 194
927 923
287 68
569 949
584 520
52 659
368 407
700 880
514 461
225 587
875 359
267 705
611 249
377 82
203 949
917 477
774 657
629 10
634 125
167 659
826 66
51 447
202 616
902 290
585 125
879 306
414 472
914 529
903 784
914 650
565 496
854 370
500 552
448 96
7 390
512 791
708 437
400 321
498 856
107 971
456 859
826 429
373 861
765 153
1000 959
114 866
67 791
889 899
450 263
336 686
413 381
279 152
239 982
591 158
415 161
747 671
246 914
842 908
759 910
526 150
806 204
681 438
790 344
31 292
440 756
723 556
250 861
401 505
919 202
139 764
791 690
532 695
927 736
593 338
417 341
59 633
903 234
520 469
296 990
850 344
611 62
483 816
579 524
78 767
147 372
686 357
479 64
250 995
327 424
449 121
836 301
252 250
940 624
711 306
201 995
600 475
942 175
451 352
309 942
490 953
171 419
776 529
289 145
986 753
525 129
783 653
62 139
699 430
258 953
990 350
329 604
155 717
991 723
140 853
869 999
316 261
495 263
803 379
770 202
715 266
737 25
917 895
631 309
143 454
593 956
622 425
412 615
489 310
274 910
698 191
870 675
408 92
266 682
352 456
464 145
47 759
766 860
186 285
953 686
725 41
41 806
633 452
526 97
431 991
214 239
79 280
365 408
24 344
461 52
294 878
206 994
603 401
200 462
136 935
249 583
703 753
997 742
481 825
911 675
153 996
882 122
183 350
725 404
353 532
306 420
435 830
677 858
870 4
453 884
883 697
324 999
162 183
368 517
492 583
510 866
648 830
213 350
287 299
586 595
217 994
660 288
70 422
273 256
966 479
165 430
872 63
824 480
655 479
149 836
278 492
46 371
1 857
362 836
389 710
169 441
764 358
934 15
557 28
875 603
185 385
787 490
909 187
83 374
184 951
338 600
11 205
472 600
319 92
558 374
771 896
26 742
191 846
700 198
628 847
247 603
187 323
729 606
173 388
935 482
897 190
694 504
32 799
792 29
140 103
296 616
39 694
749 332
33 916
859 729
850 909
751 378
873 75
682 507
355 149
329 914
953 741
856 845
185 640
540 50
856 27
547 440
562 977
161 404
675 625
3 232
242 514
34 979
560 42
969 964
904 340
14 771
755 217
99 815
489 741
16 817
681 453
590 823
631 861
49 176
193 369
213 284
28 9
676 459
98 482
511 880
693 628
681 574
216 703
837 821
656 746
958 293
911 743
896 354
766 473
77 665
400 123
267 762
523 193
729 298
217 123
88 652
321 365
436 840
255 536
482 956
790 843
273 553
873 814
220 434
190 676
666 376
146 606
354 555
971 194
444 448
213 781
69 278
850 843
808 846
94 42
314 45
728 328
375 735
874 153
722 550
804 323
234 732
309 502
204 974
400 620
78 340
582 102
974 626
148 813
972 967
464 268
736 690
4 512
204 48
525 857
654 513
621 336
538 567
596 508
801 159
506 470
179 112
161 701
326 805
615 642
735 973
711 350
242 811
834 457
479 229
446 52
704 347
373 476
395 760
764 105
595 296
99 883
479 350
479 121
652 49
222 953
898 455
996 761
138 178
123 314
307 660
563 586
370 191
251 994
870 248
129 250
800 943
927 1
13 304
104 422
756 348
510 881
183 715
814 60
833 73
146 540
951 708
481 264
389 712
948 410
604 600
475 715
961 874
840 584
321 433
849 552
539 363
87 202
895 146
270 323
222 282
516 500
786 95
562 616
741 847
653 734
749 213
979 904
743 893
545 154
357 857
899 911
460 726
108 503
705 264
919 193
67 916
24 51
593 208
106 349
885 316
534 796
937 506
408 162
721 622
49 983
893 850
194 812
693 267
290 291
725 219
205 449
114 65
917 160
586 289
961 203
352 876
151 68
166 871
629 632
171 986
747 99
829 168
435 766
682 643
767 458
398 66
1000 400
389 512
458 117
576 109
387 587
631 984
206 17
706 340
941 880
361 305
157 246
276 877
962 121
240 136
11 838
448 839
955 118
982 746
563 533
687 74
141 544
626 64
983 301
297 10
113 189
473 495
752 819
477 614
623 439
562 429
264 735
732 840
878 665
38 136
348 850
425 316
133 144
391 668
454 724
724 319
371 955
899 845
71 205
114 804
896 22
268 224
460 660
362 88
931 16
91 39
154 324
589 252
771 966
494 917
664 840
824 792
505 29
408 96
922 317
668 666
189 402
596 268
926 143
859 907
412 861
565 810
752 148
389 96
862 508
25 573
883 338
524 405
358 867
375 282
306 182
669 5
214 593
61 122
57 646
547 510
294 64
973 618
325 811
475 112
339 480
690 414
538 811
904 868
257 303
860 44
190 249
859 344
812 3
252 80
78 947
381 719
747 288
403 249
664 519
141 478
614 698
634 118
892 642
767 647
141 599
29 129
120 247
259 591
765 722
294 548
693 819
285 728
677 57
425 250
62 198
17 950
860 178
712 14
750 306
116 663
919 758
702 6
638 250
715 433
857 782
221 312
341 902
795 843
633 27
104 666
747 543
236 556
739 130
111 561
221 204
979 785
844 597
654 436
70 910
716 267
941 385
278 41
961 71
29 276
102 754
514 964
517 444
930 613
431 929
252 698
420 511
351 677
5 3
376 212
31 177
181 350
126 414
571 801
376 562
445 167
447 213
705 508
359 100
135 355
561 463
588 337
194 935
590 117
42 56
132 178
935 44
64 717
521 404
806 802
797 753
112 650
308 296
392 933
330 55
285 541
412 124
585 281
703 7
653 415
460 286
80 553
107 656
87 714
744 718
888 174
609 759
521 646
176 648
353 15
50 14
611 310
963 469
948 346
81 266
807 895
746 885
648 313
881 292
542 826
24 900
225 890
858 308
371 715
57 259
714 300
2 94
903 724
171 546
724 200
679 952
412 608
16 379
125 551
482 34
51 750
696 259
361 912
879 609
230 200
739 77
216 36
78 331
862 147
905 783
614 82
825 494
792 88
673 396
767 260
56 922
518 724
578 509
990 719
453 743
585 670
812 797
499 337
536 633
603 165
351 853
516 920
965 29
122 764
832 631
474 694
553 987
242 573
765 348
785 677
413 805
158 286
177 299
507 174
801 163
350 227
723 738
840 91
965 500
906 859
890 851
702 800
989 564
361 241
53 125
336 413
446 56
360 770
881 923
357 364
490 75
445 598
629 944
904 883
334 996
755 760
58 603
699 599
59 949
742 188
329 544
306 789
400 424
152 322
396 719
437 491
911 347
429 78
291 373
549 668
149 963
166 378
909 193
638 602
77 40
517 83
544 445
98 99
474 386
699 733
993 951
248 797
121 204
776 135
342 846
433 964
697 256
447 81
344 397
903 95
416 502
385 923
627 722
16 568
613 558
365 685
207 284
102 756
233 687
733 744
153 923
53 985
174 228
604 41
845 103
987 452
968 210
469 526
637 110
330 862
756 970
42 166
971 629
102 180
590 937
241 231
535 220
158 233
994 734
569 999
410 188
544 942
915 855
877 334
514 282
35 18
494 532
444 186
499 647
755 573
209 814
765 766
999 933
611 299
982 737
696 114
954 409
730 930
458 242
603 825
542 586
349 191
891 245
734 527
109 475
865 458
208 188
39 150
340 78
341 717
50 16
944 458
868 877
99 137
887 890
428 312
768 417
625 597
215 204
569 436
66 81
885 938
945 723
681 125
727 766
278 674
276 76
947 998
997 361
190 790
707 262
174 967
635 130
478 146
667 836
768 888
87 32
50 379
349 675
280 841
383 259
544 621
965 126
89 980
716 95
638 670
866 793
136 688
370 626
158 972
423 223
293 342
917 206
187 855
349 688
842 32
770 452
575 442
305 618
322 33
198 226
227 927
842 971
670 450
64 411
958 99
657 925
555 914
378 49
425 804
392 627
693 555
323 756
323 527
362 455
664 39
429 630
882 346
644 410
602 450
789 276
16 60
665 240
587 815
351 50
81 189
686 299
630 633
303 238
87 650
316 887
345 356
825 993
653 243
404 936
371 530
632 305
991 652
889 641
92 297
759 531
36 136
984 878
486 601
25 14
30 92
72 503
686 891
402 903
360 906
449 197
640 142
590 321
772 69
918 123
522 308
525 313
634 485
947 945
983 373
317 549
960 884
413 257
388 200
30 455
984 194
438 960
752 73
214 397
949 617
508 386
814 429
855 430
571 671
10 109
39 810
656 486
568 373
600 96
126 405
888 499
121 448
800 507
588 99
502 813
221 800
419 815
804 626
444 54
589 674
60 64
419 936
463 454
174 351
853 868
820 462
302 765
586 295
245 2
872 100
514 392
693 623
992 690
238 228
581 338
840 269
681 919
473 475
491 529
549 470
604 177
741 411
199 128
419 131
192 354
715 129
866 527
26 550
857 478
224 13
690 486
1 907
161 896
202 897
904 940
434 8
494 776
213 534
782 196
470 833
886 253
192 596
885 819
986 871
241 717
838 478
497 185
175 134
892 943
487 894
490 145
182 29
462 312
763 425
899 20
102 679
341 961
834 76
660 943
491 905
347 897
20 502
124 559
215 677
327 918
872 718
94 158
388 376
442 612
698 538
180 841
832 501
31 223
569 801
531 317
63 966
443 433
580 667
436 164
898 195
484 97
305 620
225 102
152 755
518 849
848 724
810 203
722 90
773 321
924 224
772 850
348 293
922 794
696 976
880 568
873 380
668 914
914 152
267 341
352 119
367 922
17 580
228 763
960 160
798 98
307 763
444 243
86 535
989 568
722 224
498 479
630 635
382 533
79 761
652 165
552 715
385 538
247 116
720 528
461 304
350 702
518 286
721 120
36 17
547 758
887 826
915 107
227 487
626 4
502 197
400 186
188 946
761 313
43 33
213 710
460 358
968 993
882 724
76 331
313 15
962 195
304 195
763 480
730 303
212 377
611 611
839 246
486 845
863 603
621 23
824 611
328 673
763 601
721 375
801 75
137 849
795 260
74 914
149 270
140 221
343 257
162 919
764 21
989 139
913 787
816 625
847 729
238 96
21 98
606 788
697 381
432 635
996 448
187 804
756 732
148 58
472 155
284 858
480 504
209 684
507 112
421 863
71 979
350 165
781 617
950 803
618 101
499 638
741 171
228 818
682 988
830 923
539 976
527 885
57 707
621 749
712 638
252 128
948 97
898 505
413 756
721 872
731 99
812 990
722 279
474 177
264 367
511 998
421 287
30 136
305 112
169 480
995 293
4 938
255 520
989 515
722 400
330 290
677 105
216 713
453 131
659 236
254 416
460 521
681 934
280 590
403 660
117 303
375 827
337 77
543 411
180 359
9 477
699 429
752 935
532 144
607 961
720 609
367 427
312 491
787 784
330 545
908 27
357 907
811 94
576 951
230 85
259 786
92 380
482 40
289 628
1000 905
939 895
483 386
568 201
339 112
729 792
715 628
896 151
942 792
705 556
70 45
944 838
712 680
882 108
54 451
904 621
384 97
955 852
655 331
531 790
718 616
830 857
916 860
613 859
148 234
395 636
604 221
124 816
867 860
27 883
639 215
262 228
136 8
264 193
251 870
750 288
774 645
56 365
732 648
434 991
704 586
44 18
3 889
572 817
455 3
658 591
676 874
745 479
681 989
605 176
555 355
832 892
904 997
667 761
994 927
634 355
270 307
762 540
608 302
866 597
310 379
406 87
492 127
873 987
138 538
424 666
412 548
305 422
623 731
263 425
208 489
521 720
142 135
204 784
441 431
394 90
289 562
192 895
682 264
425 608
260 800
650 726
956 998
309 433
221 549
727 946
395 436
143 629
301 20
872 775
94 215
704 144
392 552
870 850
628 270
798 947
31 51
564 780
913 668
335 691
816 735
561 216
748 79
169 106
917 265
209 444
849 804
654 565
444 984
29 513
636 925
852 257
898 373
554 334
757 922
300 683
190 57
351 914
203 750
528 52
436 463
596 452
540 291
762 340
170 465
978 867
661 702
512 579
796 109
696 925
787 518
374 874
947 507
379 989
317 111
914 101
15 941
370 351
718 805
743 340
139 81
201 178
679 705
538 177
414 407
980 818
248 603
43 908
417 826
549 716
404 69
992 10
80 911
14 557
950 13
36 316
143 442
965 816
955 357
201 420
863 768
985 236
295 18
589 7
637 721
342 773
54 77
5 858
454 721
228 149
731 477
1 106
257 32
642 139
844 768
599 442
296 670
716 209
707 618
330 668
738 493
311 389
544 856
175 501
964 661
476 614
770 795
684 499
546 269
155 155
614 669
325 566
22 528
9 37
556 435
865 961
505 389
885 610
847 89
157 874
471 741
526 448
517 628
25 691
295 515
706 500
21 168
833 46
210 592
330 923
801 508
880 801
988 334
556 448
43 829
106 885
436 760
274 698
207 708
513 980
750 398
481 947
861 414
565 352
341 644
541 180
835 398
890 859
408 819
499 708
809 870
974 412
724 237
416 121
862 881
323 78
428 131
161 16
746 706
47 668
289 201
877 637
302 140
772 291
323 199
452 609
226 303
597 704
643 820
963 532
435 147
388 301
546 887
902 522
12 724
53 725
34 483
180 537
784 651
574 841
355 16
35 563
511 492
497 594
356 618
194 327
842 777
224 435
335 680
932 441
586 33
153 676
450 374
611 736
421 841
354 851
436 331
446 790
86 218
867 554
232 43
584 202
16 684
81 813
156 169
981 23
688 444
110 467
682 629
924 391
477 345
677 672
670 632
618 213
237 750
779 804
605 917
368 452
381 650
263 106
287 463
810 275
223 707
512 581
634 278
214 658
859 396
330 52
497 983
280 460
323 830
329 352
967 343
573 941
488 116
135 715
355 755
341 820
112 997
704 643
365 948
745 415
881 47
812 176
684 930
45 943
912 528
937 292
264 492
685 522
449 245
748 807
624 246
963 466
49 540
770 71
646 530
122 264
956 692
469 79
773 756
89 733
878 893
671 829
652 587
817 654
256 92
926 826
714 418
194 382
264 855
517 254
25 317
613 716
976 539
910 185
882 86
1 108
548 506
565 675
119 100
210 447
292 257
424 147
892 252
608 493
618 952
613 608
70 36
393 726
326 672
804 674
199 163
187 863
22 530
470 397
208 922
249 694
68 353
730 738
761 51
284 917
523 933
41 930
517 859
567 222
768 212
738 40
294 63
712 576
978 695
95 348
53 351
331 66
594 934
65 590
753 698
882 354
291 115
26 369
516 233
750 171
704 698
341 646
73 831
682 121
687 236
463 757
857 647
336 652
630 870
289 82
160 197
21 533
26 611
335 319
579 945
228 193
431 781
596 885
795 950
228 314
118 442
952 116
411 435
378 783
460 822
223 909
381 263
872 537
619 320
500 894
44 385
11 437
222 391
56 624
578 440
836 964
46 845
247 835
526 21
814 424
337 728
478 438
855 196
662 30
865 884
426 19
753 148
909 661
212 733
730 430
289 687
187 676
929 495
796 905
997 895
724 736
586 277
252 926
817 146
815 221
572 500
250 974
98 580
621 392
920 917
852 261
477 118
908 570
168 760
22 477
264 239
248 2
215 54
65 295
577 406
637 457
122 11
259 282
548 119
782 57
262 287
131 770
538 865
32 239
739 626
785 742
983 986
501 983
881 975
865 213
575 868
592 283
404 986
63 693
687 291
246 585
227 306
364 311
157 476
555 522
99 13
546 473
236 247
967 466
540 887
961 917
452 545
455 62
465 484
36 78
817 643
935 635
752 928
902 229
112 73
898 753
507 602
73 81
429 948
317 478
905 648
454 712
390 956
976 528
444 438
759 944
127 438
751 302
701 710
134 599
208 548
910 66
10 38
419 731
763 541
83 553
955 711
13 494
756 767
222 567
268 683
560 74
376 253
262 905
35 862
690 39
590 855
409 551
796 960
68 221
480 431
633 444
583 852
908 383
880 550
388 613
503 563
355 436
250 908
341 272
766 973
227 924
389 205
862 388
346 508
368 267
965 257
478 627
199 983
463 504
747 34
577 111
531 675
999 743
551 95
905 327
929 684
579 571
315 232
683 399
259 337
168 707
476 860
584 622
608 750
43 712
657 346
316 53
120 932
627 211
482 530
868 687
508 115
29 117
306 425
498 595
88 468
298 12
349 472
752 862
697 926
604 469
810 574
958 472
815 652
999 998
675 120
691 64
156 723
715 192
585 577
395 187
350 939
515 252
831 754
495 310
971 239
257 667
733 596
962 190
48 493
645 254
507 778
358 426
353 82
237 136
994 115
25 482
319 205
748 59
571 426
829 950
133 429
933 778
905 945
965 996
903 81
398 619
610 475
166 727
405 780
312 552
399 211
292 85
113 608
164 573
809 311
869 362
910 363
664 896
222 514
777 773
684 316
790 217
991 207
490 679
44 629
244 394
662 153
169 220
329 209
375 325
941 736
214 636
52 574
50 915
595 220
185 56
567 158
553 223
503 631
129 161
588 446
786 690
794 551
54 512
895 862
667 217
176 394
527 880
654 921
911 25
830 100
324 228
81 241
227 66
360 824
786 703
697 631
783 634
316 939
401 983
505 811
145 239
80 783
807 65
651 986
536 16
563 873
236 249
212 306
950 6
413 67
383 124
68 786
274 891
912 653
469 83
64 34
196 419
204 14
605 129
687 656
926 938
26 910
422 358
537 833
358 373
581 122
789 825
949 777
329 840
865 820
683 25
578 497
27 623
944 591
696 489
310 682
282 620
822 76
262 89
236 854
294 41
10 282
750 846
259 205
961 248
388 615
820 272
76 757
313 441
82 279
329 156
945 388
535 490
45 397
908 506
877 375
323 755
739 670
431 288
372 913
182 752
724 806
553 399
489 680
826 36
277 760
743 267
82 521
596 742
237 809
545 696
703 50
61 583
88 457
781 680
963 162
596 634
334 863
750 283
889 627
980 745
892 861
878 468
561 761
786 879
310 132
134 172
772 163
130 696
773 802
352 250
819 625
972 867
115 14
70 537
92 296
135 895
628 10
965 864
525 299
893 466
562 595
276 238
267 943
936 284
679 887
706 990
517 71
157 667
509 597
844 816
352 613
849 665
35 677
126 41
594 146
48 616
422 305
978 257
662 960
252 796
998 357
464 423
120 613
660 69
629 490
427 504
917 139
151 865
136 971
234 82
227 860
786 558
799 268
95 152
1000 29
480 488
144 44
267 380
525 675
621 383
92 793
554 558
666 799
929 620
701 204
848 668
584 558
267 393
323 702
343 617
59 629
544 112
222 61
240 115
999 692
211 582
970 405
271 633
82 468
212 992
917 515
829 631
994 735
261 295
242 53
593 805
443 43
930 161
95 528
599 290
380 697
559 928
414 510
515 67
36 69
280 695
738 112
142 990
482 829
153 361
237 998
42 759
820 824
983 293
545 67
125 420
216 13
419 601
625 706
582 70
807 188
738 354
847 755
838 706
6 324
596 126
936 460
573 142
673 494
781 293
878 899
476 596
63 952
374 319
649 258
131 332
492 540
617 720
739 417
959 191
596 139
372 660
270 383
600 258
745 87
763 895
837 615
494 212
578 849
884 138
872 838
179 322
520 386
590 859
748 250
403 215
105 558
461 156
232 333
975 377
424 274
659 851
863 92
486 105
706 374
928 975
481 929
591 572
253 284
392 857
304 744
944 138
899 624
821 741
91 865
196 918
297 970
908 858
791 44
218 411
465 288
826 267
547 852
179 456
927 90
610 908
1000 568
100 577
591 814
551 220
363 398
665 470
744 763
36 942
562 463
292 639
832 58
451 632
131 132
105 934
731 164
180 290
410 715
83 357
499 6
710 455
682 127
851 350
510 286
54 6
176 935
308 825
592 355
930 350
934 240
246 68
339 30
165 897
237 19
27 438
531 237
572 9
296 599
566 194
987 187
166 489
111 553
9 771
570 838
642 189
726 826
471 307
462 487
916 428
612 431
180 774
986 120
790 208
678 906
538 603
846 490
326 720
111 795
17 379
449 790
916 670
214 398
145 564
101 228
677 775
368 205
794 542
866 152
862 447
516 39
347 267
724 742
586 512
971 619
649 568
376 675
574 165
475 388
716 514
105 626
110 704
171 162
901 910
560 388
520 925
330 47
132 291
156 648
794 676
193 715
741 520
231 418
938 805
308 638
671 461
724 58
101 833
866 636
558 291
819 561
222 76
172 484
70 473
138 119
762 700
582 998
678 706
567 875
524 10
787 878
510 112
666 359
35 492
384 646
365 138
263 356
846 182
359 589
460 641
556 874
908 13
371 828
926 821
31 90
294 958
765 85
305 595
398 557
520 254
530 942
203 318
268 676
464 359
39 624
648 439
738 598
927 534
784 714
919 121
304 491
39 974
423 442
244 211
213 80
89 44
90 912
415 443
630 139
445 93
119 337
950 494
578 851
449 966
825 728
136 920
781 658
511 568
199 976
320 448
829 325
517 733
498 454
43 813
710 81
137 448
901 615
142 563
114 235
796 269
985 959
295 512
214 816
300 627
152 877
80 708
699 457
685 559
759 508
308 343
258 751
743 500
235 996
238 513
830 159
475 456
414 446
267 692
46 464
385 647
701 395
627 217
169 534
102 480
597 688
253 649
456 483
618 518
752 747
136 249
879 522
870 702
130 700
340 244
264 663
639 577
160 313
509 467
820 63
99 303
26 727
664 755
370 537
213 819
466 999
893 578
543 465
91 75
803 769
16 655
35 668
221 306
437 833
74 781
490 430
894 291
475 832
459 70
983 713
229 776
721 484
587 255
129 609
595 79
927 589
550 602
629 602
763 602
479 843
551 948
675 489
582 261
89 99
126 395
520 322
387 436
157 913
559 664
864 482
426 27
684 551
633 734
256 747
83 38
300 561
546 213
804 737
508 860
239 177
4 805
353 922
36 986
581 557
391 167
51 476
684 914
739 621
816 50
783 627
86 470
455 44
460 159
60 417
459 688
480 747
898 506
153 352
144 532
56 419
195 992
419 242
616 756
46 640
840 393
573 12
344 189
316 356
256 76
287 823
428 304
78 420
537 476
431 952
121 9
257 836
940 866
359 820
428 425
763 644
550 536
109 830
114 908
360 146
487 187
315 898
411 606
189 264
667 828
524 254
50 371
614 184
789 939
300 482
227 906
409 654
102 911
559 598
173 562
938 365
764 185
449 847
650 83
140 506
169 978
368 370
342 88
586 219
222 696
786 509
505 496
689 24
575 676
583 42
193 759
427 697
977 841
636 282
372 209
551 211
960 150
257 407
614 910
499 694
414 98
983 218
644 523
979 513
473 641
674 402
546 631
155 746
995 228
34 456
199 294
587 110
267 694
93 770
248 415
969 212
926 744
733 349
994 915
703 177
529 290
18 74
138 176
776 921
874 180
901 54
978 237
642 59
676 875
517 293
417 880
7 716
406 196
497 351
15 311
953 365
87 187
424 775
865 868
277 203
6 612
959 8
105 362
437 835
917 11
251 187
195 255
718 296
324 665
783 950
98 93
42 952
239 971
947 240
723 532
39 802
100 260
563 21
814 771
81 102
8 792
710 835
223 451
859 140
198 394
411 916
706 312
152 921
73 399
573 456
564 902
856 256
952 718
131 754
542 325
803 100
252 226
546 444
494 513
17 854
41 982
639 379
336 341
28 225
231 59
685 495
84 800
239 408
830 95
338 158
35 120
375 454
435 993
189 937
249 988
51 478
68 647
47 709
138 110
919 675
368 801
437 406
65 534
815 702
815 473
702 44
559 224
13 465
724 62
520 3
444 422
576 578
557 299
276 57
927 512
946 525
784 463
434 350
73 78
892 935
890 337
146 593
46 655
490 366
916 474
852 984
89 961
405 938
257 959
589 237
811 313
781 178
552 318
789 2
419 728
364 792
47 856
740 783
91 374
976 767
43 562
5 41
63 19
670 202
697 305
287 141
738 602
94 500
500 959
104 959
884 23
75 379
314 624
451 141
310 919
776 197
626 667
593 490
180 846
156 223
111 975
465 978
96 852
424 159
606 136
167 503
717 906
843 493
760 724
173 927
709 678
979 502
552 694
183 568
549 396
521 563
227 116
20 52
873 493
798 90
827 791
985 145
271 573
73 817
720 399
381 704
686 522
859 679
848 32
487 578
927 96
987 864
976 217
466 869
763 109
234 748
504 114
27 189
825 169
388 168
866 466
37 584
529 292
42 699
778 767
690 654
564 286
490 300
784 289
771 993
678 765
621 2
602 928
330 469
994 220
555 587
720 883
401 120
948 518
328 544
359 648
1 149
684 179
890 513
23 433
707 311
22 208
701 762
646 826
717 706
216 195
188 133
675 480
463 72
193 211
867 650
985 642
333 487
117 603
824 724
353 550
991 83
435 848
344 501
526 249
867 542
756 940
112 380
351 662
506 270
49 31
312 899
785 594
14 976
224 557
256 738
49 970
62 909
566 671
258 555
175 557
775 27
763 727
752 309
103 802
15 689
786 566
422 784
155 440
446 912
26 289
130 383
11 691
570 389
742 910
743 317
82 571
458 333
439 91
839 964
800 972
137 628
247 271
926 559
764 268
361 521
442 217
39 241
722 271
851 156
746 857
867 100
478 813
421 279
371 687
252 470
752 564
540 873
437 408
693 859
579 757
835 454
155 695
553 475
408 57
291 411
540 886
620 586
959 52
675 293
279 293
894 337
533 883
899 940
2 429
898 981
473 14
567 881
731 696
361 897
842 941
92 480
216 21
375 14
886 718
710 529
961 111
668 532
919 114
580 419
287 840
6 561
769 291
974 723
163 481
130 75
727 65
148 92
772 481
18 507
436 266
269 89
457 325
29 558
280 140
97 921
35 43
996 724
466 266
14 105
720 38
983 906
532 970
955 844
925 147
443 898
75 502
116 274
201 89
459 613
932 981
929 683
385 290
930 90
441 865
447 616
718 850
97 237
123 532
174 763
673 181
380 868
189 68
741 581
133 173
429 989
969 445
210 127
877 627
71 234
319 70
530 748
57 70
339 951
20 417
713 640
963 751
691 63
737 179
296 702
146 879
806 171
378 892
802 173
41 718
354 949
834 354
393 877
517 418
830 649
318 474
934 477
931 408
205 304
826 880
822 357
338 15
460 944
191 490
319 675
910 362
646 23
804 609
790 445
573 676
263 901
979 88
10 455
574 268
147 460
788 722
58 388
44 978
25 736
743 198
271 617
701 201
353 686
788 614
650 155
686 337
318 850
599 45
452 520
588 566
808 569
51 361
59 976
370 343
609 625
287 574
918 148
634 389
503 872
242 50
765 54
462 53
972 798
111 240
804 167
385 708
161 182
529 349
223 831
634 402
524 5
854 405
749 123
702 277
533 993
71 410
249 416
428 418
685 754
573 18
375 942
378 947
902 809
309 709
125 888
268 442
89 965
450 419
706 116
56 788
421 657
172 855
18 388
551 888
592 660
766 143
540 325
512 263
84 725
910 309
836 323
821 954
628 559
34 86
149 561
264 282
962 849
798 189
54 445
289 985
3 628
735 25
520 854
38 851
5 179
353 862
91 862
256 929
429 628
946 329
68 585
233 164
687 334
804 919
208 336
796 506
928 396
740 345
520 867
335 296
481 350
500 400
659 393
246 749
48 239
218 421
271 927
335 188
885 857
425 347
304 57
124 355
27 193
398 594
194 535
841 117
424 997
18 309
275 645
121 178
159 470
618 755
76 435
612 536
533 14
390 194
684 412
793 584
669 23
250 830
733 947
244 261
717 710
813 418
377 790
788 361
76 798
217 545
819 879
511 497
304 662
970 257
963 69
480 366
490 788
133 672
899 205
790 676
582 269
228 680
184 610
817 28
760 662
856 370
154 852
379 970
411 922
249 860
863 265
188 850
324 216
752 663
950 907
732 455
229 329
401 850
118 232
221 919
357 514
904 912
356 289
157 345
928 222
98 933
189 822
104 226
315 638
678 461
110 943
37 401
806 912
400 224
157 237
160 471
924 638
862 928
879 343
58 874
75 814
231 536
480 45
49 761
99 124
577 880
791 351
386 531
854 636
854 407
788 53
560 869
305 350
883 61
920 357
629 410
904 349
620 590
78 307
845 708
110 259
560 990
238 939
117 649
286 192
426 882
43 326
982 282
64 614
30 737
847 767
709 537
833 832
556 66
208 780
423 668
741 196
488 955
562 86
830 840
845 145
294 271
423 681
438 437
443 781
570 327
377 161
451 147
832 741
394 515
110 756
383 622
369 687
322 383
690 513
203 920
607 515
478 630
319 48
182 982
913 972
479 451
446 274
551 327
358 161
790 986
898 785
428 112
401 918
647 156
113 222
316 56
849 519
153 523
920 170
878 927
10 888
5 544
333 346
197 714
723 43
931 975
857 760
586 940
978 3
644 652
671 755
807 121
633 234
471 172
588 757
173 478
893 575
198 13
739 108
553 884
224 416
848 280
946 586
335 661
674 881
431 894
305 526
186 309
308 6
131 373
681 288
650 938
669 951
174 191
246 67
327 958
151 961
374 481
866 943
387 191
929 245
794 286
202 145
9 770
441 427
597 940
163 419
742 769
93 94
745 20
277 440
436 433
64 561
460 9
591 492
525 892
998 587
574 259
54 489
480 597
683 202
60 977
655 369
751 831
448 793
775 959
957 441
910 595
299 441
343 255
398 154
298 970
231 980
310 41
807 847
774 441
102 48
561 562
332 739
206 105
794 541
204 446
278 395
942 375
135 575
561 683
960 200
349 275
924 506
5 236
90 280
133 916
274 626
568 844
1000 501
705 31
949 391
761 111
894 906
961 667
806 793
570 745
928 224
532 224
417 917
444 525
7 524
764 503
879 453
232 642
311 935
493 683
643 627
916 227
991 815
259 866
180 344
273 535
729 522
517 114
792 53
33 1
52 14
967 579
492 57
423 186
115 70
1 197
611 651
108 296
266 882
800 523
39 839
786 130
6 433
221 358
942 643
88 997
697 58
490 482
751 294
924 185
502 721
451 941
248 841
977 462
908 362
416 425
261 551
663 531
208 890
10 380
607 370
28 959
699 898
91 490
614 531
528 198
822 416
963 126
390 493
358 726
275 957
297 487
30 860
332 673
841 550
674 144
261 914
206 978
699 322
625 144
373 566
32 44
918 891
412 265
324 152
549 270
465 276
365 863
794 717
276 791
524 627
356 225
8 976
77 581
724 917
33 740
996 33
696 37
16 49
632 281
489 912
448 874
10 877
54 691
843 851
824 572
672 969
308 692
437 577
976 333
45 992
915 323
130 807
856 682
845 752
27 305
385 767
7 592
533 113
920 293
505 51
799 3
331 423
745 706
299 885
681 398
925 758
6 488
914 865
466 180
858 475
765 247
75 66
835 986
893 927
339 260
292 185
585 703
208 716
235 553
92 770
472 8
817 945
690 86
18 676
721 604
342 19
892 422
398 853
556 244
938 309
915 820
538 833
299 322
973 761
532 789
917 371
591 844
489 833
189 800
612 903
785 602
755 430
998 831
795 731
695 564
104 325
329 443
908 793
298 46
754 97
812 38
453 105
917 734
110 934
152 113
251 92
597 500
607 693
393 441
898 613
213 510
83 400
803 460
796 686
450 49
345 521
924 871
970 987
665 876
641 290
819 562
815 820
925 463
218 601
964 391
418 403
898 976
67 819
342 758
978 181
509 642
316 476
572 173
365 597
392 471
455 527
694 772
699 887
482 135
655 63
324 946
668 527
115 314
268 556
37 889
754 944
119 433
766 15
551 63
57 494
48 903
515 783
812 777
27 736
305 717
809 479
819 938
10 274
539 66
169 38
315 92
840 179
305 838
74 151
665 326
766 149
481 919
900 85
734 318
747 257
105 790
55 932
746 786
536 976
116 390
387 624
349 332
189 868
899 735
714 201
947 668
195 804
501 93
649 745
936 21
886 163
271 570
847 437
544 170
457 925
92 275
94 873
713 622
699 458
354 689
872 386
472 681
623 813
291 111
571 165
328 407
694 464
212 232
647 389
468 912
224 57
793 214
559 47
696 281
954 805
608 168
223 1000
4 175
121 171
720 759
40 1000
346 289
387 61
956 972
612 179
56 715
644 885
193 195
991 175
266 939
853 241
261 595
453 536
84 181
750 759
693 225
70 1000
304 184
813 61
945 180
301 115
583 767
489 580
566 534
934 472
533 128
794 169
780 5
349 950
583 888
863 942
663 359
35 790
470 193
222 845
748 174
81 88
215 842
961 403
89 208
396 365
46 252
494 378
504 837
590 86
522 891
773 473
914 183
401 601
194 796
940 586
596 547
174 329
876 601
900 958
807 730
1 107 178
2303 4819
