4499
276 956
82 941
466 558
865 75
254 150
471 673
692 641
167 2
292 33
741 762
813 113
582 360
658 993
574 505
526 465
338 265
874 388
929 324
614 169
738 464
216 388
295 303
992 609
514 756
113 412
455 670
34 268
32 487
571 207
306 461
256 869
488 438
472 85
402 923
249 830
59 32
120 716
638 791
504 562
524 769
700 357
153 484
308 507
433 767
811 453
816 568
339 494
590 76
262 885
322 33
123 461
387 162
685 759
149 370
963 29
226 65
905 762
872 585
930 935
527 550
437 922
355 969
287 160
224 220
526 213
367 943
209 506
313 972
756 904
718 383
316 223
811 345
760 874
316 897
452 492
253 957
763 799
129 253
122 128
595 577
945 281
652 968
548 236
28 695
614 447
929 422
447 270
956 147
333 922
453 84
823 32
328 727
433 780
619 116
605 218
660 679
466 548
598 996
348 147
626 686
268 941
757 840
110 275
764 736
178 1
335 622
401 833
233 840
172 595
515 589
412 842
663 424
103 236
844 356
994 789
216 787
331 359
667 394
630 921
723 66
616 83
895 172
639 332
405 165
193 803
589 511
25 518
730 370
849 699
15 882
533 579
225 463
286 64
863 225
385 186
713 546
253 790
362 468
715 735
279 699
244 970
933 140
371 782
978 62
856 451
863 81
497 369
64 630
603 121
493 664
818 195
362 818
605 725
188 702
880 664
759 554
860 457
41 274
908 88
398 920
225 849
928 820
948 835
711 68
856 572
20 71
644 832
409 786
498 598
196 413
482 919
606 168
904 728
368 525
375 384
204 682
316 69
462 123
8 856
177 399
536 72
497 526
875 212
57 74
468 728
185 897
579 70
933 153
343 59
690 395
851 349
642 355
423 805
974 828
185 259
474 133
350 592
524 628
750 791
646 96
975 6
911 516
582 569
404 828
707 978
786 893
232 456
625 796
212 398
931 85
950 98
346 69
41 516
199 953
35 27
874 862
910 556
280 389
115 581
763 128
286 54
78 25
234 538
174 636
135 150
305 827
413 509
224 344
456 879
606 266
33 633
153 549
32 817
850 626
692 189
183 986
875 719
578 841
237 548
317 428
453 172
727 183
424 374
405 132
27 329
426 600
925 396
44 269
906 154
625 809
801 626
718 857
555 76
2 272
412 256
382 413
838 364
774 379
566 350
956 127
985 828
453 64
779 85
903 758
144 706
24 561
318 779
794 888
438 695
646 724
63 489
277 741
895 525
983 638
743 922
486 97
389 659
36 126
543 488
61 70
775 874
936 828
240 450
898 307
669 447
138 439
547 458
839 895
492 522
95 706
694 391
657 64
158 88
684 692
276 638
673 417
596 988
54 705
835 107
635 836
403 593
204 878
616 328
1 698
775 321
381 919
949 208
469 803
241 796
324 156
687 882
779 62
56 750
980 52
887 153
926 81
486 483
103 602
95 598
365 422
680 434
841 122
591 276
647 702
67 127
330 995
918 113
213 181
394 256
328 131
880 644
304 448
27 548
246 623
704 418
217 825
83 974
471 970
476 411
11 311
14 874
769 255
474 221
926 876
263 532
913 677
183 423
225 11
46 454
535 353
321 393
768 704
775 563
830 270
721 592
931 173
533 163
192 99
523 607
374 664
531 468
660 878
744 346
850 593
123 902
352 496
23 406
903 339
684 826
556 906
908 454
813 711
104 925
140 582
968 176
510 530
355 507
482 611
998 384
58 549
522 275
387 459
50 545
817 43
19 966
688 307
559 422
276 628
838 511
184 890
402 209
405 858
201 979
649 86
860 764
406 328
550 867
717 460
20 558
560 14
704 516
122 160
835 856
338 575
80 14
510 13
697 922
182 327
409 455
306 771
696 548
7 295
853 760
606 511
278 529
661 181
876 335
479 290
232 4
451 457
521 781
252 656
790 331
126 251
963 339
158 91
172 892
333 846
488 640
293 544
764 395
917 637
938 431
83 820
342 177
257 856
243 543
433 295
831 979
796 118
65 48
347 112
658 413
791 677
844 918
446 5
521 673
671 352
388 409
797 577
838 200
866 936
514 405
164 664
534 383
999 791
976 170
249 479
773 485
253 858
67 588
66 623
291 970
761 919
554 706
745 157
427 485
613 612
230 731
448 50
997 229
63 325
346 39
471 299
307 685
406 53
506 894
414 439
251 790
480 384
1 907
505 706
696 8
378 336
411 253
635 672
846 181
796 589
353 428
513 417
90 463
848 407
623 926
946 942
884 738
947 349
62 895
521 277
622 180
128 840
205 157
214 89
502 901
719 341
106 672
805 530
20 489
193 560
488 365
589 268
700 922
2 700
865 172
287 195
809 271
907 577
912 921
226 365
388 772
460 123
324 113
996 246
927 412
295 315
46 663
434 659
68 7
795 601
162 874
614 446
228 819
453 263
794 413
318 304
913 513
691 400
199 612
579 79
242 165
848 878
116 843
941 840
153 87
179 225
665 527
904 809
986 848
718 539
819 442
719 89
573 938
112 729
206 507
303 31
650 404
722 280
255 894
195 992
944 64
504 695
253 30
178 265
949 142
27 770
775 255
611 412
248 360
96 232
55 194
870 672
62 993
785 305
327 244
232 272
205 255
122 778
14 687
427 102
245 211
474 708
943 778
249 181
582 470
485 574
938 25
360 48
945 967
496 961
595 854
383 297
602 750
271 205
482 568
933 175
972 432
713 846
282 888
219 194
348 833
66 855
471 495
663 845
296 414
774 267
545 215
38 793
177 951
733 6
818 230
211 684
546 445
213 910
110 143
328 631
708 852
262 128
573 807
382 193
895 678
788 323
852 753
194 896
251 384
287 944
499 40
145 631
766 978
216 920
484 1000
804 187
293 200
278 486
707 483
791 742
142 333
703 629
605 472
306 584
201 239
277 786
16 602
761 490
59 155
143 297
669 901
44 929
96 222
739 179
376 127
8 109
614 822
785 295
391 893
152 382
125 365
118 469
231 675
433 252
16 458
130 480
560 442
482 931
739 444
705 302
366 985
36 27
212 927
736 518
791 225
162 23
289 881
551 738
973 876
45 112
318 536
49 262
514 182
305 188
530 306
540 728
93 188
180 193
577 875
818 184
199 206
126 859
994 297
183 347
602 825
437 263
390 2
413 809
46 378
520 377
842 577
646 602
473 36
870 1
159 929
114 741
388 752
369 942
780 193
432 4
735 716
802 477
186 357
594 182
791 876
9 432
237 439
799 700
602 946
284 142
726 487
405 23
323 362
851 518
994 912
585 893
337 791
891 145
783 54
56 363
284 636
537 816
602 982
503 823
599 382
887 440
362 555
965 625
457 69
721 902
104 705
438 959
909 724
175 994
980 110
230 701
641 6
590 598
332 977
757 446
91 771
405 818
555 497
40 131
806 79
659 963
491 970
298 426
443 930
106 76
93 960
862 239
709 146
176 586
466 10
978 679
150 39
863 469
914 780
401 295
658 854
671 793
647 207
274 828
280 908
490 452
448 635
416 274
774 885
79 509
258 740
81 24
762 273
474 364
142 565
739 555
587 12
527 110
810 844
369 427
481 668
210 928
939 320
487 419
969 608
757 14
903 397
913 856
626 763
719 167
111 842
516 482
649 746
889 993
401 681
736 485
641 513
145 346
651 792
550 889
456 845
315 348
699 194
158 630
396 193
367 395
287 515
253 144
533 427
426 301
997 153
169 559
927 732
416 516
894 326
57 992
761 25
881 881
321 284
701 505
695 345
624 959
742 277
609 13
467 109
235 769
902 37
199 932
562 755
707 90
588 893
740 87
398 503
57 210
161 676
908 345
18 856
350 54
577 999
729 459
709 401
908 610
707 211
166 876
503 561
316 555
288 344
91 882
909 691
637 232
256 949
563 54
176 23
567 582
742 434
430 693
63 262
764 718
536 823
772 542
21 265
161 388
788 895
708 786
144 744
343 136
348 394
26 343
430 958
198 306
616 65
716 381
229 788
877 335
403 595
648 1000
134 407
954 60
255 288
159 729
330 202
601 696
75 92
593 841
937 236
266 446
744 70
734 551
172 24
370 912
204 471
433 65
740 365
319 946
300 704
758 499
480 900
401 756
288 321
668 871
918 488
958 444
387 592
130 558
906 25
887 649
203 362
149 391
297 326
929 8
750 760
405 88
921 4
790 716
967 120
584 993
998 373
101 759
313 270
283 656
692 675
63 95
52 723
282 282
51 678
388 300
45 455
934 882
112 365
814 408
564 791
744 721
750 652
148 696
593 180
578 280
949 861
612 687
244 291
849 105
840 173
253 605
452 585
457 929
346 424
553 637
388 12
211 379
958 951
14 359
920 430
11 699
378 901
88 394
862 834
495 403
565 727
957 168
599 460
503 901
763 977
681 270
356 473
216 170
366 523
719 641
354 140
558 544
31 124
437 583
989 93
565 174
546 81
958 434
522 398
769 355
772 918
927 941
943 391
160 799
63 229
814 277
759 719
221 815
624 674
601 133
341 731
699 668
99 560
819 621
563 515
675 576
544 910
931 273
392 553
283 646
688 286
245 125
142 378
784 748
32 884
915 185
675 841
767 21
19 536
207 736
255 255
395 149
860 923
632 879
182 679
286 916
179 790
289 396
424 212
619 42
427 366
86 73
440 156
191 126
261 599
104 881
354 647
201 176
639 896
951 408
466 559
569 980
881 429
826 493
668 56
637 477
445 127
966 387
993 490
10 873
753 243
500 966
447 582
711 246
467 560
205 411
899 68
191 476
400 650
607 454
527 345
997 231
989 227
277 399
417 559
208 565
782 980
368 29
51 910
327 665
903 861
836 771
433 912
290 109
988 2
991 565
759 179
705 962
699 802
755 325
946 5
509 4
125 158
512 567
370 483
320 891
877 845
794 173
3 52
341 456
83 835
502 373
104 629
837 363
26 35
892 824
102 668
918 962
362 744
243 149
37 804
589 414
503 374
967 100
909 733
573 698
270 23
625 745
60 33
572 739
906 993
291 311
186 29
236 375
567 889
994 180
504 949
550 162
787 892
131 358
253 55
855 389
853 608
347 248
765 724
626 566
444 818
827 327
64 942
455 684
555 771
440 555
236 905
391 928
107 266
915 705
545 577
530 714
606 444
181 709
672 389
453 85
780 251
770 695
740 178
931 649
216 932
93 187
669 383
383 780
822 333
971 47
434 108
881 419
355 718
820 552
494 647
568 453
438 752
156 508
159 25
124 296
53 910
628 732
530 197
573 796
177 567
466 441
387 297
170 528
788 312
508 178
376 633
509 668
764 629
836 617
67 292
326 403
885 101
738 985
116 593
962 613
595 182
353 240
136 571
337 561
3 536
216 680
758 554
289 255
293 634
708 733
77 750
417 935
746 845
815 450
254 154
31 225
971 963
800 407
541 67
724 448
150 182
115 978
379 679
316 214
966 884
288 677
59 854
798 748
26 640
325 70
491 331
133 623
381 459
602 693
234 297
348 282
20 337
294 311
848 989
553 980
812 682
620 103
43 91
667 35
227 666
732 393
21 189
46 740
242 386
575 446
982 721
425 916
551 763
865 959
456 903
994 286
518 177
619 143
546 159
440 666
363 303
378 691
892 9
10 673
611 633
905 851
744 668
942 95
228 523
557 433
162 578
813 130
419 728
922 940
360 413
207 320
302 292
766 18
417 804
280 161
49 228
671 311
275 311
758 279
878 195
670 166
484 979
445 493
940 701
541 201
613 306
750 949
299 259
16 87
482 789
27 474
991 666
835 10
417 925
475 192
668 278
673 585
909 304
838 689
410 391
406 12
244 179
310 124
433 640
813 107
629 286
185 538
27 101
590 178
206 332
843 624
103 734
98 390
405 398
136 273
336 298
711 324
685 43
963 167
521 200
7 244
954 841
383 760
891 147
991 234
752 892
862 120
36 307
316 590
420 827
719 974
65 599
5 319
713 900
580 636
485 664
689 314
331 340
84 240
95 478
881 255
193 784
574 741
163 878
248 162
517 881
527 400
794 601
873 516
88 704
893 723
218 139
204 241
937 6
746 295
517 472
328 685
902 134
892 120
769 544
648 397
287 275
252 317
778 921
706 524
915 518
960 669
708 39
491 190
752 231
915 783
900 883
249 922
32 170
646 329
978 802
423 400
613 152
650 857
752 496
459 997
821 855
498 85
11 492
626 765
636 284
586 692
145 312
614 382
495 16
686 630
838 764
661 228
372 885
484 272
639 820
55 912
495 52
431 525
13 952
826 646
618 617
488 916
277 58
251 860
307 346
153 288
34 337
348 118
125 226
191 400
794 470
315 615
729 978
435 531
546 139
732 229
773 38
265 614
807 668
564 947
76 598
646 571
647 536
45 202
497 628
326 72
30 976
826 129
463 226
254 232
518 687
370 672
161 678
119 7
606 391
730 835
69 186
114 337
142 256
612 205
810 306
655 432
567 548
900 837
667 257
841 293
635 45
102 219
923 857
709 897
104 903
793 73
41 209
279 526
290 10
489 256
151 340
168 658
229 525
287 795
797 637
472 23
365 714
650 209
328 158
512 733
848 539
574 299
216 591
96 446
955 256
259 818
758 236
373 574
992 668
148 312
228 192
86 108
150 538
290 661
936 809
942 703
442 237
77 782
310 755
648 76
480 120
283 658
593 326
353 982
677 814
459 1000
866 155
835 991
93 268
200 480
927 171
587 511
609 270
714 701
962 537
495 922
258 192
457 401
325 102
748 959
140 465
485 994
134 242
778 456
347 535
462 107
512 602
379 338
498 667
423 524
639 414
214 908
653 312
853 486
508 897
446 19
56 996
381 527
944 641
935 821
627 705
659 886
415 31
615 56
655 507
821 390
537 631
750 775
563 540
146 746
802 822
419 904
651 244
582 144
590 642
976 40
246 460
744 62
800 717
34 955
527 213
813 427
258 25
133 668
611 292
960 217
768 541
964 187
355 897
288 807
840 417
107 795
227 711
666 493
881 189
432 97
182 151
970 904
834 77
641 436
411 797
695 327
767 432
873 679
825 931
553 243
486 153
149 239
261 480
669 683
584 167
376 138
346 295
890 130
357 533
962 527
778 855
191 92
315 536
239 806
499 882
644 217
713 991
526 756
481 339
872 984
524 795
58 242
561 39
107 543
511 218
327 775
330 292
733 151
862 790
562 449
657 421
882 768
425 35
55 761
157 629
928 506
780 757
208 940
21 705
982 334
88 795
761 249
293 898
194 547
525 238
407 920
32 863
460 932
835 226
827 51
905 379
105 704
207 657
766 858
768 410
290 520
512 304
404 213
772 380
5 616
200 483
221 277
599 717
885 28
722 379
572 849
569 20
617 1000
850 666
18 671
581 705
818 352
730 239
342 14
67 978
808 567
993 878
322 710
206 907
326 6
950 13
369 376
216 283
262 250
191 864
370 112
944 464
442 217
291 722
240 231
60 938
832 780
859 505
609 888
449 341
599 20
567 891
216 139
55 859
620 488
389 67
799 868
284 310
345 140
761 118
752 564
10 973
286 728
575 602
127 326
738 71
201 132
259 631
720 840
226 454
737 26
922 566
299 438
749 229
952 854
305 369
568 334
545 350
184 79
532 2
512 173
684 365
324 876
626 15
32 588
885 126
579 757
412 351
193 47
788 193
791 756
66 846
226 81
17 990
187 498
491 235
696 604
960 305
694 823
29 964
908 932
945 176
791 347
580 429
160 889
331 362
138 233
30 105
871 721
24 885
146 582
699 120
334 373
699 794
412 472
389 983
416 442
27 630
234 551
306 719
114 369
641 560
71 673
243 779
421 377
89 721
115 859
788 579
251 640
367 177
18 23
199 184
107 775
939 897
309 730
344 193
117 151
630 407
547 638
928 738
499 561
768 377
296 647
231 401
829 207
596 530
255 466
504 267
829 881
344 49
579 181
290 78
187 331
239 750
338 909
3 659
640 685
865 166
980 641
612 623
484 703
270 365
760 229
820 14
537 71
115 836
950 389
135 814
480 211
986 986
709 183
177 402
342 884
213 999
517 736
919 667
974 337
920 366
873 142
30 877
629 419
857 426
471 885
719 721
305 444
557 808
135 670
977 348
994 517
565 254
513 738
681 880
666 980
801 796
405 567
135 706
444 787
470 925
850 14
827 525
350 451
1000 596
67 657
603 402
907 139
569 638
91 785
147 271
656 414
287 431
810 472
757 51
611 900
944 143
369 729
989 294
922 304
897 885
620 82
665 233
842 15
135 153
812 252
585 210
340 293
48 5
265 528
372 511
251 221
56 125
790 907
332 29
62 205
410 128
439 12
128 150
849 813
274 204
654 754
870 378
786 873
649 230
289 741
1 832
445 351
627 328
167 901
940 559
895 142
693 273
572 312
439 48
842 136
849 849
943 713
651 47
364 771
138 465
408 289
689 159
295 757
968 248
465 185
126 719
462 525
334 605
214 423
369 68
199 560
399 734
38 463
13 61
161 942
919 886
381 945
316 736
700 353
264 280
439 169
198 860
319 741
390 127
970 851
153 300
310 921
749 703
456 221
513 463
428 913
505 608
807 415
729 87
750 555
348 395
563 320
932 186
51 437
336 686
368 1
463 647
216 361
126 467
622 491
96 36
771 354
473 511
482 251
383 883
269 632
270 597
44 105
256 433
853 423
586 308
934 497
790 861
814 23
16 946
545 127
10 786
533 827
689 437
332 837
112 425
834 1
308 71
932 307
815 396
700 595
791 942
872 558
850 619
822 557
531 759
138 190
570 601
13 833
900 476
979 769
553 252
99 836
998 639
420 662
770 366
841 426
777 936
627 174
47 416
469 554
693 119
972 766
576 537
846 361
946 219
753 807
216 868
159 334
96 723
909 417
527 235
179 837
139 764
365 173
585 442
315 581
499 24
548 703
762 254
255 832
610 880
734 421
198 32
696 574
783 542
638 224
106 214
529 317
332 526
742 281
639 305
502 708
397 363
832 583
68 187
531 363
385 797
307 469
827 96
954 954
790 357
482 241
214 161
785 99
390 503
710 859
670 786
229 406
462 757
862 53
824 844
667 897
678 381
448 593
405 897
137 817
471 842
738 777
161 536
725 578
29 237
307 590
363 491
103 186
506 799
342 468
39 430
782 474
282 8
425 731
747 782
570 820
231 600
35 396
787 180
833 147
162 357
733 209
966 411
360 601
112 536
486 826
642 436
480 374
769 248
657 973
385 136
869 106
857 998
243 281
343 405
512 326
586 275
328 425
320 421
767 732
963 378
883 269
547 549
392 446
168 552
871 789
698 489
925 909
239 841
860 371
335 549
955 114
663 351
130 791
861 744
828 189
162 743
836 13
552 254
58 951
470 221
261 227
126 411
144 545
393 383
909 119
644 602
714 209
681 261
224 16
508 369
614 616
973 814
231 469
735 268
233 21
436 609
745 690
275 512
783 424
148 291
806 148
812 42
194 29
566 575
473 347
445 514
266 54
908 424
431 350
321 893
885 557
820 311
796 628
643 535
520 544
101 969
910 470
964 212
263 659
1000 772
536 817
504 456
369 640
247 800
238 77
425 986
908 954
670 259
105 487
187 111
6 99
192 226
367 78
888 338
24 4
302 735
701 103
865 620
910 1000
428 582
549 463
468 246
829 517
988 690
451 751
248 651
365 153
379 991
6 629
628 792
307 557
105 608
937 315
618 864
622 160
585 687
311 447
298 328
984 167
590 765
418 430
317 198
906 513
68 131
884 574
867 930
353 300
166 65
852 658
633 354
957 823
943 925
976 19
958 788
597 288
781 863
861 855
646 638
457 622
495 914
831 720
245 214
568 984
216 187
272 842
714 55
153 247
1000 232
366 769
253 334
952 192
920 797
766 739
669 132
781 310
347 118
307 799
706 545
622 811
260 867
697 725
523 423
387 828
982 745
853 69
405 733
326 440
828 421
321 245
989 375
929 473
343 758
592 559
65 139
167 7
632 366
955 382
827 462
277 138
311 51
460 934
75 40
740 48
701 731
558 911
798 26
747 847
17 593
268 992
296 682
14 438
698 433
813 383
31 756
520 655
261 315
989 725
670 334
9 625
352 433
164 382
643 8
140 928
917 211
51 96
509 682
163 274
871 998
712 596
851 531
914 996
369 113
37 543
624 223
557 987
121 951
715 341
163 539
262 661
472 620
721 421
228 897
806 645
737 774
843 792
579 108
704 597
677 351
542 306
45 403
640 612
244 612
586 641
405 566
848 498
82 321
569 817
202 386
118 652
258 812
857 546
430 101
283 51
570 898
912 927
821 480
921 567
571 634
381 882
91 146
1000 631
837 753
864 478
116 993
388 369
496 460
148 271
259 633
212 701
725 957
408 347
790 412
688 401
102 649
113 924
759 690
600 288
841 314
852 589
13 348
979 284
821 601
582 90
343 748
571 755
437 904
98 306
712 465
291 292
774 260
828 231
599 179
944 708
27 511
722 744
589 251
30 516
423 856
869 534
637 965
941 702
469 972
68 628
749 123
15 802
823 567
696 871
773 337
876 838
640 36
514 751
248 186
435 192
431 945
627 628
831 278
302 306
276 25
248 860
715 66
727 77
1000 235
223 952
687 678
758 64
674 559
117 562
748 365
93 842
847 258
136 166
465 76
284 1
849 825
382 307
691 10
935 636
284 675
534 441
505 643
104 299
855 347
934 640
413 151
615 774
148 634
776 728
211 16
668 786
336 47
147 260
291 799
869 547
225 445
527 401
456 786
260 811
132 891
719 193
709 823
229 186
252 727
952 401
314 144
204 687
788 558
666 452
333 917
56 114
820 281
554 885
914 145
658 219
902 845
723 614
260 438
372 765
984 618
1000 68
644 284
953 136
18 267
47 65
574 225
263 220
147 417
64 648
275 194
886 82
610 938
831 3
602 180
933 917
114 505
840 317
736 668
197 94
988 215
764 587
907 141
372 886
842 835
701 567
294 292
796 310
69 619
858 105
314 121
213 75
560 448
205 71
151 917
521 865
540 878
66 321
112 666
32 557
444 7
620 578
755 394
655 456
65 325
129 755
865 940
721 401
389 831
20 848
653 346
395 496
242 403
839 393
771 487
238 927
840 474
529 990
71 112
437 727
982 149
860 452
21 291
33 494
550 375
77 829
729 377
178 503
20 969
920 731
116 528
58 178
993 572
69 187
204 3
95 325
762 639
174 389
668 632
199 562
440 359
739 921
308 60
630 111
686 500
13 966
999 731
616 850
468 723
175 470
817 840
579 294
513 874
297 316
595 647
904 350
45 360
667 523
279 298
494 186
264 547
376 725
117 385
581 111
24 831
568 666
533 937
317 1
598 163
922 898
623 336
973 980
736 213
184 411
764 986
933 498
441 710
677 429
313 790
896 616
369 950
362 8
312 187
141 863
366 307
202 693
27 841
338 325
880 528
547 993
418 354
996 65
375 621
673 49
240 576
898 433
101 3
151 498
36 926
738 295
383 67
382 22
413 504
115 661
788 381
508 247
401 121
995 365
688 214
370 542
186 196
285 89
764 698
964 872
828 862
852 402
324 17
861 105
298 782
29 923
73 26
53 197
57 347
626 504
10 235
134 567
782 77
15 350
939 735
643 822
530 387
743 531
4 686
110 996
626 998
382 143
403 840
112 139
56 238
7 611
238 364
569 872
54 543
989 34
369 698
502 324
897 445
721 777
682 520
896 858
236 699
335 67
863 452
154 895
381 937
95 580
111 30
477 645
725 747
703 579
27 445
232 814
645 229
501 630
332 672
589 185
721 633
495 141
133 54
785 883
299 86
536 587
486 995
275 403
712 929
114 40
353 322
190 444
2 244
28 382
575 780
322 371
176 137
836 555
733 54
243 715
695 207
846 605
986 765
927 450
918 481
299 881
164 836
857 385
436 212
760 947
59 262
542 230
275 115
802 306
424 732
726 725
923 187
132 969
898 917
548 947
59 756
666 265
392 62
832 706
478 968
26 313
645 62
212 589
23 424
357 449
951 25
210 250
993 516
902 923
493 495
92 151
187 123
445 418
935 282
324 128
527 865
825 150
197 581
951 146
622 990
2 342
743 871
872 756
540 17
325 358
446 10
730 672
817 411
548 515
662 216
859 673
911 720
61 284
680 33
278 956
496 361
498 959
615 312
854 594
776 266
871 9
282 926
75 713
176 765
970 280
224 427
292 302
300 831
655 125
524 459
768 456
976 31
468 415
663 474
352 612
976 705
418 972
844 406
828 541
415 143
425 831
810 264
279 219
550 862
904 42
666 399
927 440
918 471
514 796
256 235
405 889
245 900
141 434
975 596
926 331
20 409
305 887
206 499
444 62
581 562
935 645
832 961
338 426
566 433
274 899
42 284
121 577
469 729
131 96
916 811
8 291
505 194
335 420
580 862
721 47
925 371
698 854
633 608
231 448
647 134
764 390
87 291
246 464
36 883
778 208
68 915
138 522
288 955
316 937
507 239
806 801
976 309
966 753
819 591
779 518
420 91
989 773
249 209
98 714
513 664
609 372
430 895
677 98
465 736
26 954
700 639
542 956
376 515
507 998
643 779
824 525
860 219
624 271
293 251
536 158
752 48
664 164
478 562
792 987
409 728
882 386
555 28
108 471
550 816
837 909
491 501
107 655
847 136
69 363
328 623
142 204
946 407
331 628
958 152
473 303
636 101
284 324
190 280
315 540
882 13
281 398
704 501
720 180
806 140
581 696
294 108
958 237
32 108
952 868
798 810
644 715
204 300
710 697
221 798
671 589
386 191
458 216
486 952
349 538
437 422
132 540
869 690
63 706
965 398
201 2
431 607
259 272
543 934
162 568
385 985
152 783
830 847
415 519
462 451
671 216
923 517
310 811
76 644
724 945
75 536
587 73
250 159
401 706
138 741
723 348
835 589
981 872
80 879
87 775
121 688
270 402
510 878
760 266
684 536
74 576
347 1000
669 785
20 605
374 459
206 466
538 976
594 462
834 709
77 501
64 382
702 410
29 461
860 618
946 770
833 335
554 920
416 312
281 496
297 361
791 109
835 710
674 427
449 983
285 386
294 880
267 863
739 593
890 991
581 421
392 634
346 109
575 835
520 899
494 761
805 394
540 877
841 51
25 139
142 724
842 461
710 13
256 480
507 62
960 682
198 884
295 408
353 907
528 759
500 697
420 588
722 481
84 639
12 205
379 407
970 466
633 552
738 605
658 496
331 101
579 352
910 946
279 814
706 164
124 940
524 236
693 45
866 116
39 487
633 817
868 46
713 697
743 311
528 386
10 280
998 12
925 845
463 671
280 815
553 70
261 536
708 847
173 423
540 625
130 727
66 68
409 816
446 438
530 697
162 679
849 68
10 136
947 311
642 758
221 356
613 731
119 79
383 534
269 512
976 145
762 939
529 737
213 617
381 344
929 707
144 517
304 884
742 472
662 363
296 880
612 1000
952 53
685 841
117 420
163 387
267 179
847 345
461 718
129 623
37 656
244 869
840 980
296 916
589 86
761 570
742 328
432 22
910 815
252 729
946 243
674 538
226 448
455 271
604 888
596 884
392 480
691 627
327 759
927 495
838 417
22 123
305 857
206 469
480 300
631 618
700 223
845 541
24 843
564 299
139 415
783 337
564 973
994 786
27 997
711 52
755 275
1 859
966 687
291 140
92 834
220 754
646 188
586 57
486 873
146 396
332 815
498 847
320 203
557 933
705 768
506 293
243 328
615 874
417 401
984 103
353 874
230 166
459 892
743 422
863 487
813 895
999 985
174 5
691 640
548 66
682 820
253 643
148 361
158 671
69 971
472 867
482 386
746 841
923 474
394 273
261 9
81 945
22 630
524 877
297 606
686 381
147 661
850 898
902 42
809 717
372 636
639 571
794 594
370 675
728 383
710 860
291 382
878 587
730 838
752 777
387 90
346 89
752 368
254 500
973 187
688 841
696 58
795 180
976 341
444 480
301 697
299 916
247 726
917 700
950 877
458 6
140 334
250 731
860 840
105 413
723 197
857 11
130 586
712 905
37 358
606 286
809 874
31 692
65 605
679 993
59 382
14 639
772 812
254 886
793 377
91 105
601 27
267 676
635 843
709 792
327 461
770 393
949 624
752 116
527 635
40 139
632 688
320 193
9 417
128 746
278 425
423 514
451 124
709 648
947 965
616 191
918 84
511 663
226 271
152 56
119 962
761 20
193 731
70 777
349 341
433 600
293 669
404 802
112 514
269 83
949 745
277 990
700 684
830 156
149 432
354 47
583 773
126 677
569 609
864 643
34 451
830 421
643 415
702 501
569 200
747 652
875 572
364 356
787 459
214 826
859 564
130 275
701 127
693 123
656 650
558 78
723 789
587 779
951 796
394 613
784 390
323 998
98 471
597 829
873 584
952 877
670 813
165 3
434 951
480 918
554 867
555 832
574 845
269 963
748 589
919 62
882 552
365 442
58 291
137 435
167 872
146 749
892 453
50 961
19 299
695 582
781 622
723 272
303 732
42 319
60 745
863 166
819 505
346 56
22 224
953 468
880 484
148 449
369 268
382 616
763 344
864 247
892 983
422 51
205 282
481 100
720 611
624 823
643 19
696 928
616 819
89 250
358 524
553 125
919 857
128 327
531 223
962 818
359 605
866 27
284 840
406 600
660 453
67 991
787 557
471 437
47 518
954 176
982 95
969 979
40 250
716 762
426 551
949 326
983 59
144 981
746 232
482 451
973 131
968 461
830 231
134 644
427 106
936 20
715 918
871 528
43 934
812 213
404 913
1 937
800 733
645 859
380 296
663 993
96 537
580 92
231 87
181 495
854 969
239 436
685 114
489 239
997 380
588 590
311 690
526 615
216 718
372 328
456 25
681 409
786 425
239 930
137 16
769 867
317 212
948 115
714 177
33 453
991 714
782 720
524 196
418 35
665 809
414 181
189 700
21 744
356 877
480 126
728 340
560 384
977 178
948 609
511 342
479 539
558 274
377 262
279 859
477 349
772 383
206 380
506 492
406 554
104 369
592 681
75 571
253 83
268 849
922 327
674 76
473 989
310 208
787 282
915 59
642 538
923 179
331 496
139 1000
153 755
424 315
308 549
170 844
186 672
644 992
79 317
305 480
544 496
857 727
132 817
834 106
574 933
546 197
655 778
711 264
1000 138
800 867
429 286
533 523
516 25
19 122
222 481
607 292
2 591
85 741
565 146
117 56
555 776
932 497
645 175
783 405
25 318
635 656
704 261
877 827
744 297
514 366
91 183
450 610
797 983
93 601
298 970
891 581
997 599
556 219
244 770
533 644
694 561
861 738
624 237
975 431
710 951
953 821
91 268
649 675
687 967
44 681
999 379
10 459
847 547
938 140
201 930
187 92
478 564
864 865
126 899
110 137
616 534
170 942
121 183
99 15
79 186
762 179
715 247
833 239
267 502
151 699
980 29
305 614
836 393
82 685
676 32
791 736
499 973
759 295
848 898
623 285
677 342
2 841
207 456
964 435
712 708
981 753
95 660
708 100
890 77
450 708
834 325
220 920
134 359
183 135
620 890
652 205
393 848
175 360
528 627
261 283
755 297
651 734
170 281
481 960
212 18
187 599
707 140
992 389
184 710
45 286
10 557
14 936
145 373
932 78
1000 887
948 468
222 556
676 9
140 80
766 311
593 914
226 483
367 193
453 345
653 370
226 74
300 777
354 897
973 497
872 594
860 211
675 574
199 465
246 397
742 484
878 79
679 544
943 245
933 689
648 965
66 695
116 58
550 399
51 715
879 80
164 363
483 754
683 25
294 738
855 217
770 667
958 638
351 46
124 821
60 391
682 325
573 647
266 496
38 260
564 864
481 155
497 774
441 119
695 264
54 613
260 681
714 134
742 870
163 111
246 554
673 770
9 727
657 237
610 13
413 551
174 943
760 366
495 849
259 84
449 324
100 356
341 382
5 347
464 898
332 562
315 918
417 786
982 415
209 757
732 532
584 405
617 731
762 820
102 136
211 946
501 785
846 819
455 934
993 838
413 263
437 620
652 316
196 36
710 486
47 56
91 657
615 477
365 860
252 574
406 632
605 878
881 633
712 675
905 990
894 752
580 147
88 588
714 376
500 941
432 132
593 86
905 352
39 466
661 629
875 738
63 531
119 166
442 936
427 956
893 234
954 64
240 492
576 527
552 987
977 233
487 40
882 224
860 551
14 265
245 18
880 300
239 612
642 508
36 927
985 173
28 694
832 897
383 742
864 966
288 770
805 651
225 76
905 738
611 520
758 539
91 899
183 79
368 619
641 628
97 793
675 770
405 946
634 769
299 519
413 541
409 916
506 174
826 530
394 936
58 987
715 842
402 382
947 182
354 720
530 388
877 761
360 385
757 21
12 53
225 197
797 14
673 436
927 618
888 361
769 935
389 714
236 435
707 349
700 81
799 203
727 938
875 836
183 874
740 791
918 914
244 295
740 382
37 756
639 861
465 937
180 167
220 203
895 521
936 559
146 25
501 222
680 224
112 935
302 421
439 18
452 854
29 937
12 439
995 873
567 841
494 213
950 313
556 948
626 518
225 174
224 209
107 856
477 538
425 348
536 853
433 877
137 964
807 938
178 736
318 896
672 979
696 433
230 783
426 429
504 757
235 861
476 695
700 323
70 910
273 744
910 807
82 884
839 109
142 935
297 958
563 25
545 794
77 460
787 965
230 639
905 957
464 577
93 139
329 532
129 736
798 602
84 176
648 886
450 413
265 102
261 397
818 171
116 653
86 136
331 541
108 649
962 444
938 990
50 299
134 558
97 145
406 226
457 308
522 703
912 443
127 253
634 844
310 783
889 725
163 621
353 336
636 279
37 216
330 618
788 938
420 920
229 157
619 226
296 67
822 671
977 694
824 186
34 67
776 146
931 843
737 712
444 230
371 1000
536 313
425 891
737 303
740 866
88 568
940 519
134 535
439 911
981 965
977 586
868 908
978 136
227 991
925 130
378 257
169 412
500 103
812 369
870 868
100 169
768 677
615 169
474 230
589 971
62 780
604 834
690 757
882 24
782 840
421 340
245 672
749 434
287 260
626 858
960 883
827 619
388 837
946 719
837 812
965 589
279 521
790 471
399 586
390 617
940 761
442 893
536 820
5 775
296 201
847 978
156 944
813 985
770 349
798 39
255 923
707 558
823 132
87 701
753 296
719 383
801 193
253 733
717 459
839 76
654 668
152 421
525 554
336 767
137 558
974 758
73 802
643 21
552 391
421 991
198 653
796 608
88 787
550 732
949 63
860 400
847 281
405 85
871 409
684 403
898 512
242 207
12 419
970 909
216 972
180 232
254 181
849 619
915 601
849 390
960 752
66 884
952 748
445 157
605 524
693 79
990 860
973 133
191 506
387 301
984 291
958 153
988 670
569 866
337 709
54 766
827 344
925 879
553 104
71 181
841 916
871 121
530 502
659 387
729 940
461 631
462 596
737 535
770 483
480 501
216 949
877 960
331 786
543 297
503 224
561 345
473 461
573 548
691 949
23 261
818 910
186 962
255 504
69 148
124 987
144 816
290 116
932 257
213 278
234 72
471 802
342 837
146 862
882 256
559 277
538 74
536 293
875 891
30 650
633 720
767 571
19 3
673 527
696 102
70 988
943 653
118 390
478 553
63 311
957 142
712 491
887 492
769 882
418 279
577 266
424 173
591 350
294 243
217 634
586 271
309 637
802 915
955 648
705 79
411 10
669 534
936 506
74 999
793 686
435 38
634 284
136 565
311 417
134 492
671 580
256 72
643 518
42 903
948 974
823 485
185 686
342 32
79 296
493 430
93 868
210 221
66 851
28 330
590 362
409 287
907 972
354 500
449 997
523 946
604 791
375 968
669 17
12 916
845 588
795 996
880 466
525 89
425 151
400 732
181 428
467 822
786 947
60 547
876 432
644 863
433 271
387 304
155 821
186 134
410 516
680 148
546 68
200 563
473 572
300 272
827 841
979 938
591 713
875 243
367 856
383 535
231 141
769 836
417 39
13 364
441 396
889 672
544 897
105 447
924 364
633 566
683 832
939 758
899 307
905 616
885 638
775 12
984 680
992 355
107 227
901 911
840 752
104 338
377 496
115 347
639 353
174 811
296 279
235 412
233 717
931 381
343 885
555 130
960 673
254 776
234 569
275 341
182 113
604 251
888 913
242 164
327 351
422 131
181 971
170 404
247 99
449 722
768 359
533 227
603 551
397 303
671 835
954 220
598 356
357 1
631 619
793 123
929 950
134 185
986 209
400 457
933 17
735 447
587 283
422 890
727 214
50 115
984 922
816 929
817 516
362 201
883 461
130 718
42 605
424 670
707 613
264 452
394 153
26 660
919 649
491 351
521 868
361 650
25 552
332 852
956 796
36 710
881 622
569 944
143 427
99 766
827 422
310 275
926 544
434 756
122 224
397 954
292 672
222 836
710 102
574 470
861 563
256 569
840 477
921 285
876 808
585 107
805 110
701 318
640 451
145 329
880 698
921 321
659 550
138 61
97 23
551 230
877 809
44 771
2 954
318 257
605 350
681 754
482 279
110 636
63 412
596 875
132 920
730 875
423 309
1000 470
947 315
845 447
459 906
573 891
632 977
345 655
381 312
905 318
129 97
605 880
300 95
375 9
509 992
156 459
980 348
114 462
951 699
260 287
242 10
515 168
183 598
363 794
745 859
668 118
406 261
893 465
923 753
653 892
940 168
464 59
487 451
279 422
766 689
764 845
264 442
737 891
883 945
751 646
846 389
866 218
120 285
272 648
672 666
991 398
865 30
197 617
91 227
743 907
808 133
606 35
415 467
950 711
926 125
771 251
364 730
200 399
133 80
38 108
410 617
536 842
514 940
305 946
876 798
975 920
160 442
917 570
692 43
997 270
740 528
867 569
72 69
14 653
990 2
186 994
74 524
382 411
418 105
494 323
132 236
598 938
669 324
780 686
16 290
251 193
430 195
567 987
663 546
788 806
879 170
20 193
471 870
616 205
205 342
623 64
897 75
544 674
245 298
146 930
861 530
335 829
926 776
583 931
257 272
801 107
318 139
807 1
676 750
310 98
176 958
390 881
635 340
888 520
685 835
236 414
62 298
937 641
734 956
984 493
519 393
965 71
241 794
54 559
305 141
945 501
262 179
793 898
655 668
120 95
224 561
487 297
680 612
472 583
327 308
608 178
171 326
998 104
477 661
97 111
177 220
993 663
681 168
383 325
601 813
520 739
381 544
426 58
458 10
241 241
527 747
373 689
344 891
461 244
207 248
676 727
661 598
889 462
521 66
865 105
324 275
657 713
647 965
394 748
648 515
227 342
129 185
203 888
909 556
369 17
875 792
808 882
782 744
508 132
286 19
777 931
379 67
975 92
846 356
695 861
459 850
872 265
134 7
542 210
179 158
43 526
794 611
568 119
562 188
923 167
915 492
584 472
161 518
528 720
585 208
91 868
284 854
410 993
29 893
9 506
391 571
834 274
438 274
676 969
308 573
718 328
867 42
103 24
115 932
179 279
587 482
571 803
763 70
108 484
128 462
367 515
355 361
484 246
892 71
393 653
648 348
489 361
523 991
432 464
665 437
389 768
812 456
290 380
176 166
843 709
845 224
778 234
363 221
808 751
277 706
606 653
945 82
46 56
300 955
957 56
285 301
417 228
53 589
769 616
125 465
63 490
989 390
935 419
336 648
269 329
399 179
688 53
1000 548
910 740
958 551
806 45
718 161
305 517
92 144
310 595
719 385
804 758
433 931
990 885
76 19
350 259
242 88
747 898
521 406
653 705
108 762
45 297
824 852
201 986
660 192
678 618
262 182
263 147
996 964
318 986
20 389
986 362
80 25
455 88
783 936
556 485
94 45
173 338
331 546
924 157
246 179
12 12
917 118
656 837
978 622
466 856
418 62
11 541
957 419
674 476
944 108
385 373
511 598
88 681
929 357
68 437
461 777
772 639
926 697
467 183
568 760
125 828
431 80
576 584
152 665
706 56
734 792
895 709
532 657
298 490
239 175
229 656
172 85
211 342
300 945
884 62
971 884
396 653
556 642
594 897
839 585
248 489
104 890
254 569
280 707
812 73
47 90
506 375
685 792
708 101
76 153
332 79
455 595
521 540
195 110
899 980
762 337
384 800
653 659
33 951
256 614
879 742
99 896
521 805
105 976
15 179
815 986
773 123
162 198
594 609
390 959
416 194
732 988
459 686
644 57
932 789
892 424
143 40
858 431
457 87
19 270
960 70
850 427
140 151
75 696
801 571
518 628
793 190
981 767
49 149
133 557
108 55
320 383
730 367
983 547
470 62
614 601
54 758
860 742
558 520
268 830
100 874
538 462
373 129
319 912
340 706
918 454
54 120
646 898
934 956
1 583 969
1779 3534
