3980
287 62
684 781
454 993
919 684
790 8
287 736
686 67
394 682
118 369
256 748
214 77
73 892
216 532
489 727
107 625
215 158
193 548
918 166
405 813
73 74
483 912
192 211
872 873
357 507
274 738
659 320
992 609
826 842
503 72
129 914
265 280
892 787
838 816
779 501
257 425
303 392
667 31
438 208
496 478
321 446
972 178
631 114
183 741
337 799
550 943
868 615
202 754
228 663
485 176
887 448
226 968
968 818
173 318
821 619
664 147
485 670
36 578
80 993
281 754
626 529
427 54
144 111
356 439
571 364
986 692
852 234
92 595
832 368
38 624
559 884
696 215
253 54
701 330
128 697
961 635
608 102
948 436
420 51
301 854
114 353
125 628
686 924
248 204
686 695
27 879
447 41
831 790
1 332
373 878
644 289
957 520
213 368
967 979
298 555
686 551
518 595
579 574
762 955
492 48
356 416
721 20
30 740
867 74
892 18
405 574
370 845
198 324
44 37
371 252
409 544
344 298
327 474
319 470
769 298
31 103
221 987
699 611
526 311
410 508
700 347
518 307
761 177
995 115
43 980
824 233
92 55
974 586
437 647
249 447
288 375
337 151
681 864
173 308
221 205
692 873
260 950
665 590
694 159
411 594
496 818
377 452
795 965
252 866
584 144
276 406
265 656
420 679
888 784
258 617
608 321
976 488
568 959
547 82
48 398
828 998
148 485
408 561
154 7
531 897
124 393
430 436
965 780
793 259
300 735
992 468
316 334
579 70
466 767
339 726
297 995
771 240
688 242
202 577
944 693
781 815
647 964
927 115
944 284
158 507
211 662
909 326
622 4
783 824
888 123
320 834
530 415
991 773
782 779
78 663
164 995
898 811
285 876
581 875
636 316
507 431
888 388
77 209
895 247
846 391
739 265
966 307
644 256
775 596
619 757
815 403
40 672
505 363
529 720
626 244
614 944
516 372
855 67
954 189
205 596
830 568
12 430
856 706
381 147
579 806
521 307
514 713
982 638
119 183
592 632
782 118
933 516
420 934
228 584
540 850
297 46
965 325
263 807
680 601
875 431
870 87
830 954
374 674
9 24
596 458
875 22
360 510
307 355
283 147
248 40
767 605
41 879
231 365
353 62
760 337
824 730
538 144
768 835
634 197
185 105
275 673
231 221
852 276
817 318
267 260
968 487
883 937
356 517
300 702
574 825
213 554
814 923
3 744
789 521
646 701
74 130
736 100
362 942
63 237
928 270
451 611
240 836
854 92
235 492
464 172
14 115
918 342
376 59
126 176
317 647
588 207
119 906
811 544
822 819
932 425
895 623
80 819
317 503
659 532
233 15
644 632
381 667
486 869
538 916
238 624
990 259
528 48
517 942
185 203
230 391
295 600
349 491
934 327
557 111
159 187
776 6
467 303
839 849
657 872
817 681
697 536
452 848
736 198
10 243
585 560
912 689
106 705
133 808
356 471
772 386
406 966
541 782
148 213
160 941
603 873
848 561
868 539
803 144
591 639
761 147
920 549
662 928
4 550
836 177
51 365
509 951
151 74
871 400
794 37
251 692
365 677
23 419
345 290
902 244
453 152
648 62
500 84
737 814
568 893
40 737
974 232
432 852
802 422
951 514
785 73
376 579
725 696
650 931
65 12
652 483
677 656
586 272
834 374
902 100
906 399
699 149
122 137
425 849
348 71
457 652
110 428
559 291
882 270
916 937
952 631
455 957
974 353
674 995
642 554
982 739
820 969
67 94
550 62
773 894
813 930
75 852
68 547
802 134
670 881
584 320
549 591
465 103
18 546
346 677
53 15
738 643
899 560
411 397
517 415
155 328
811 367
272 355
308 12
183 655
175 651
960 612
616 802
201 560
55 240
202 259
879 358
741 653
757 103
225 508
434 273
355 883
840 632
704 168
26 936
835 208
383 307
618 210
948 85
439 882
521 506
338 650
412 599
778 985
593 531
195 750
698 584
66 636
733 425
497 414
805 530
705 214
286 639
621 629
197 710
458 751
819 730
547 271
535 971
50 139
939 795
70 871
427 763
435 438
912 283
858 312
824 170
357 784
757 80
815 579
64 302
254 957
583 867
216 436
500 869
825 400
256 63
151 306
661 377
418 656
845 723
380 135
83 28
803 497
24 616
523 34
832 789
878 756
130 225
207 737
671 463
837 495
857 324
332 588
576 82
502 96
223 681
492 577
343 634
282 767
115 361
647 371
622 952
654 1
271 120
909 865
620 762
770 441
14 49
663 315
286 328
757 996
227 13
988 520
6 868
645 675
830 83
776 866
979 700
603 529
932 768
262 7
709 696
271 879
212 564
945 149
373 252
309 762
476 610
442 468
94 279
543 520
609 465
518 872
12 246
463 2
279 181
417 789
801 406
554 120
847 144
289 374
117 39
640 43
609 730
237 858
675 446
850 298
930 407
276 32
975 558
812 6
291 420
263 358
804 825
48 433
252 986
5 471
648 428
713 823
138 363
187 893
746 182
388 474
7 108
300 132
992 94
345 283
490 521
864 848
795 977
402 408
929 977
767 915
909 590
34 18
899 805
150 687
855 390
400 978
337 284
285 911
195 200
886 871
639 622
813 658
518 561
149 349
807 169
793 271
81 214
311 905
701 682
75 665
609 190
111 93
738 600
92 983
397 307
410 389
805 510
571 343
953 637
504 253
205 860
610 271
470 260
371 663
187 88
62 731
758 843
255 488
119 856
262 347
47 422
607 939
444 387
804 550
311 797
587 552
727 712
65 476
978 28
310 423
516 757
130 313
247 898
785 573
658 203
598 301
610 163
780 49
861 940
738 986
515 303
804 177
600 527
472 836
298 799
472 872
690 11
43 200
516 649
866 353
324 70
952 542
199 713
419 945
257 129
843 635
990 654
511 799
224 477
586 713
266 214
688 352
800 264
358 68
368 756
892 347
196 6
878 183
181 255
978 270
612 887
795 185
187 860
978 944
22 527
175 477
349 513
107 571
277 79
455 760
257 21
525 855
848 871
24 573
449 945
579 566
241 687
8 714
513 63
204 131
733 215
415 314
359 270
16 196
66 920
553 284
568 938
663 681
130 38
641 742
541 804
597 327
269 870
575 159
884 240
871 975
142 686
262 602
953 748
201 363
856 852
579 49
891 544
782 637
316 84
821 565
439 649
728 257
317 394
410 356
368 625
269 88
79 522
946 336
971 509
663 393
923 469
132 119
284 482
61 324
605 308
262 85
863 832
522 539
487 432
268 128
459 599
419 526
285 446
44 91
131 159
136 503
889 332
681 74
255 311
523 354
221 318
580 516
521 201
680 603
229 667
797 105
110 450
732 613
353 882
95 178
366 821
174 242
902 652
525 665
114 865
928 524
533 440
6 923
934 375
975 901
370 153
885 190
408 265
352 364
119 162
779 846
522 287
304 473
266 181
142 411
813 350
103 303
298 887
149 944
708 642
998 481
748 486
68 690
490 828
72 989
37 65
558 325
654 33
513 848
336 361
153 276
849 766
926 986
363 909
718 957
264 521
145 12
594 921
591 507
567 824
757 161
585 729
281 955
128 633
906 784
863 148
591 134
777 261
353 342
555 297
62 544
52 988
881 318
327 698
732 338
942 593
863 449
815 372
740 607
800 509
835 207
208 225
178 840
722 675
704 132
521 47
727 381
31 3
302 646
742 918
45 432
582 142
143 738
374 113
244 641
974 666
591 785
71 341
641 48
400 925
47 392
774 83
163 195
334 571
127 92
850 307
88 286
431 94
681 800
902 619
176 893
2 591
614 481
833 519
988 313
568 859
711 413
527 741
401 602
762 495
359 227
354 32
752 716
494 909
585 539
486 151
187 529
656 599
164 774
764 132
893 17
312 380
546 467
642 26
959 636
522 784
927 424
156 132
529 643
588 729
649 559
525 789
753 796
511 854
790 418
931 165
901 780
552 626
464 779
449 650
523 599
419 133
644 480
567 117
750 498
616 418
399 798
651 641
215 568
642 821
769 633
356 198
622 434
672 26
640 631
786 685
52 52
534 241
232 19
336 485
455 851
413 180
598 634
818 903
315 691
647 118
623 807
739 201
843 667
206 375
123 606
899 598
588 68
898 868
113 678
882 20
748 960
997 761
167 569
420 749
778 457
381 492
78 720
208 192
241 863
136 581
337 571
504 419
146 711
793 293
375 454
828 659
573 289
163 391
187 748
524 433
374 754
649 693
8 288
580 859
98 819
311 963
825 281
588 683
40 320
418 946
365 934
19 117
805 797
383 659
665 408
767 276
175 401
444 409
235 415
968 37
613 892
768 915
812 18
894 911
135 822
200 85
289 651
928 229
560 248
515 963
298 62
679 19
475 369
584 47
972 421
329 989
370 990
339 508
765 616
554 24
79 963
477 478
41 442
983 21
624 497
451 197
211 853
154 319
695 786
913 371
123 740
732 30
385 740
844 537
732 704
958 113
292 289
29 553
857 964
910 976
396 346
512 966
322 168
390 940
532 386
57 242
779 263
744 534
411 245
272 841
538 57
815 823
453 736
843 513
469 186
439 838
880 989
652 982
211 565
924 501
965 130
874 500
165 40
832 503
545 181
817 640
56 807
337 152
237 968
909 723
332 711
317 848
465 746
193 961
781 165
982 829
839 255
295 42
552 750
839 26
993 84
928 592
333 154
211 457
572 585
314 778
965 925
81 576
279 857
843 899
26 411
767 760
883 297
921 589
943 348
286 78
390 544
874 477
580 296
704 740
405 444
803 188
229 447
526 325
241 421
934 119
163 767
695 511
322 940
434 98
482 812
959 557
201 241
340 170
81 962
117 656
732 694
822 179
530 416
113 393
102 792
200 281
827 788
209 775
245 432
872 939
140 904
899 807
80 624
547 96
431 293
440 787
436 408
98 907
150 51
483 340
849 726
653 751
719 696
693 415
175 489
42 225
833 309
300 749
929 17
783 488
845 283
770 518
268 271
232 614
886 55
925 312
333 288
63 513
887 465
93 684
225 840
870 641
645 114
181 159
674 437
318 659
353 351
340 3
129 643
987 259
990 5
411 212
267 464
831 506
914 949
142 24
218 571
598 38
460 599
324 589
628 326
341 233
349 237
822 48
71 903
802 744
191 819
574 849
99 327
316 999
379 381
906 950
348 802
331 304
152 73
371 148
867 464
471 235
555 872
35 162
438 58
571 322
174 506
621 817
418 229
83 913
235 107
435 132
180 437
864 166
604 993
737 354
317 442
476 844
288 644
951 54
821 204
325 37
921 965
864 431
546 5
153 190
775 731
541 564
203 685
341 390
189 521
589 986
554 125
798 751
426 205
797 935
378 128
936 950
236 44
558 998
659 147
893 85
796 561
443 114
236 718
633 683
611 744
424 509
139 785
847 234
919 488
202 316
388 443
175 70
99 340
853 951
811 280
344 665
938 92
41 893
587 917
373 957
193 761
879 42
68 846
346 482
283 17
506 434
308 864
478 372
739 642
659 533
47 414
729 628
897 441
92 422
116 779
221 78
861 896
905 36
754 541
903 255
182 724
654 45
879 163
3 758
24 552
174 231
299 491
952 4
554 223
968 357
609 833
172 795
90 88
570 167
420 637
713 890
882 582
461 934
950 79
385 121
479 314
873 470
211 5
813 339
902 942
143 99
133 580
707 995
834 807
728 380
584 632
136 505
619 473
598 679
28 643
466 905
42 843
670 146
471 840
198 416
414 77
548 40
27 683
577 183
871 401
84 845
838 224
455 343
475 172
578 822
603 995
401 143
935 422
622 865
302 658
313 933
642 843
193 751
564 286
299 769
108 6
4 672
577 39
850 234
219 251
212 212
699 559
537 268
44 744
234 87
914 749
400 119
333 883
970 155
947 517
339 926
992 439
506 774
541 652
681 812
122 848
932 128
480 264
884 88
899 476
767 177
409 469
484 383
519 75
452 839
285 811
821 413
39 32
897 143
354 44
623 806
195 545
758 393
34 448
650 680
269 839
707 805
380 447
981 816
78 225
602 231
701 353
503 926
381 900
597 790
631 703
159 973
37 44
392 421
891 513
744 314
134 13
905 39
418 595
38 45
948 495
385 3
635 35
531 472
526 128
837 807
442 394
676 36
967 508
178 168
573 697
772 943
707 697
515 118
157 410
323 671
429 689
840 260
400 891
703 434
93 474
776 275
593 568
385 353
968 445
634 191
406 296
258 169
162 610
624 555
417 342
926 448
591 378
71 837
711 523
695 844
224 701
708 634
232 296
587 344
870 58
420 87
161 501
678 382
760 946
846 195
274 149
449 230
610 858
448 679
862 813
674 613
440 446
153 124
151 572
933 873
404 609
346 259
56 191
971 985
540 124
54 496
103 272
601 894
286 653
563 373
930 575
906 367
149 913
455 202
29 359
285 693
756 544
571 907
554 409
329 965
194 920
314 836
80 669
444 686
352 948
850 816
905 523
924 536
50 912
127 192
267 352
375 443
784 233
535 432
831 165
905 114
968 579
204 561
205 148
284 441
478 535
25 855
607 191
246 823
778 567
410 171
337 187
806 257
238 968
881 925
775 678
84 681
26 145
277 810
56 433
210 491
29 745
809 936
518 235
589 524
919 399
182 20
814 871
247 415
591 188
957 425
568 321
627 407
120 948
402 697
19 816
995 308
380 41
989 85
775 125
192 973
59 709
883 741
545 337
304 131
613 737
143 851
704 101
773 875
426 273
187 894
204 309
463 569
416 308
816 836
507 755
262 21
710 297
470 199
393 590
677 349
645 954
230 483
513 97
474 843
422 653
482 667
757 457
637 312
490 113
247 163
598 878
686 433
335 913
14 449
892 538
870 928
864 705
362 458
673 908
962 782
84 779
103 792
328 236
638 807
138 341
649 816
150 315
736 555
682 584
639 888
957 523
709 458
907 931
501 429
537 840
905 778
214 744
854 138
185 946
451 428
194 357
313 494
464 892
713 693
734 487
204 407
126 896
250 145
488 840
485 48
10 950
818 486
569 419
173 190
974 733
871 986
688 376
82 417
578 504
135 572
700 121
563 232
318 959
210 831
815 825
803 213
332 219
597 868
10 168
551 343
484 353
565 12
91 916
924 359
682 188
502 895
359 29
645 535
169 426
945 647
950 762
271 65
460 755
728 569
99 218
315 925
252 460
328 190
974 710
363 822
36 427
204 420
74 948
212 424
990 17
780 207
810 724
342 390
936 720
918 257
272 182
756 115
978 945
512 392
695 19
636 836
16 979
946 504
709 677
653 776
754 828
772 59
974 602
56 148
408 865
156 235
240 872
779 363
968 150
60 676
491 225
950 510
281 86
364 758
993 63
445 603
308 863
637 773
522 972
960 560
325 278
906 589
479 107
451 274
619 1
114 94
506 469
325 314
948 442
889 127
538 278
458 169
966 310
185 648
643 480
530 948
334 219
697 42
318 540
21 662
985 854
888 247
254 784
68 99
252 823
675 548
895 780
143 687
553 442
726 599
345 84
806 479
423 412
961 353
142 170
38 607
94 93
247 372
887 961
933 928
700 726
276 664
181 426
433 727
362 29
24 299
550 903
611 504
827 394
313 847
937 754
602 541
965 364
453 561
512 647
280 261
375 4
137 212
625 524
681 196
934 376
651 433
131 955
798 452
53 218
814 576
472 696
103 713
294 15
513 90
190 452
71 123
679 351
251 90
504 270
138 707
30 579
457 832
703 70
920 971
201 992
226 182
854 468
700 559
6 816
403 452
781 929
236 46
703 335
787 972
653 743
708 679
868 817
691 855
920 827
185 229
173 929
662 74
9 269
916 973
795 9
276 533
875 38
950 477
144 493
817 213
60 908
600 364
706 611
497 617
259 300
947 408
10 907
830 417
605 973
735 265
838 766
13 689
312 836
767 68
404 16
567 946
709 392
475 979
380 73
622 769
639 184
30 857
777 792
112 667
790 465
304 608
403 730
892 858
660 243
685 565
904 603
10 884
957 578
751 101
854 602
233 175
785 917
526 248
968 215
817 720
301 575
757 31
864 243
554 346
653 468
477 800
880 925
23 301
301 166
649 992
551 457
516 90
875 666
689 247
390 588
271 408
529 932
738 548
104 2
585 949
500 496
667 115
707 300
17 793
654 819
177 745
429 63
572 786
858 60
637 995
334 994
756 49
172 895
972 756
993 779
483 528
586 46
713 87
757 273
668 610
272 610
684 60
25 95
417 848
44 108
431 517
300 34
2 340
617 793
58 12
161 513
156 169
113 473
665 46
77 928
741 679
220 190
976 582
603 974
190 576
815 219
826 494
930 960
143 235
511 253
55 122
415 514
325 886
178 458
626 734
709 94
735 232
860 263
597 298
250 828
391 687
407 137
969 435
71 188
218 121
114 558
976 65
978 483
506 524
754 775
10 586
140 58
851 299
761 405
7 697
984 154
474 986
227 700
406 177
439 211
466 79
559 801
857 229
126 159
8 927
882 551
813 717
333 80
489 68
872 623
3 174
166 726
960 98
899 985
238 751
193 334
915 850
695 581
365 526
717 865
675 194
774 316
333 839
223 213
925 634
895 871
702 742
111 646
703 521
660 596
718 12
15 678
392 256
86 738
192 756
776 627
558 139
299 473
109 420
265 331
131 480
192 347
800 575
196 726
37 324
234 838
616 903
70 92
747 340
503 617
233 793
292 25
629 464
951 664
876 750
442 229
774 702
144 306
150 615
575 84
818 894
410 425
320 797
311 977
776 519
541 765
187 124
939 137
179 120
392 642
777 75
295 560
334 817
160 515
224 945
107 509
784 608
844 659
266 682
969 919
303 155
442 350
350 761
710 21
862 298
736 976
219 341
622 811
455 554
311 15
510 261
40 46
804 213
747 582
558 417
214 756
896 970
752 288
927 140
304 915
856 525
346 503
878 98
236 631
477 348
121 421
549 453
723 755
469 344
36 871
706 28
227 173
93 322
861 868
938 414
826 847
531 850
532 400
729 11
623 896
944 839
720 191
61 226
990 726
893 119
585 3
399 779
59 302
541 225
188 861
647 472
389 851
920 630
297 359
985 467
536 375
277 789
123 731
692 888
261 27
355 745
267 861
341 810
880 450
578 228
865 178
939 127
834 828
887 754
906 853
886 609
770 843
91 146
27 619
281 386
407 382
876 452
460 623
246 285
151 276
770 699
664 309
468 334
23 621
829 376
509 106
508 290
926 803
639 481
66 848
208 523
869 943
677 364
109 666
532 354
889 283
926 659
952 568
256 190
598 219
127 305
946 408
211 713
534 729
144 623
274 95
329 31
663 56
820 677
870 269
480 200
709 172
734 345
598 484
368 782
611 274
910 836
379 791
783 237
99 99
865 950
613 320
913 761
114 636
851 786
231 138
416 300
131 954
692 204
637 268
781 807
386 686
826 958
762 528
810 196
290 718
725 646
738 436
163 650
795 332
493 525
561 165
268 815
395 627
505 270
937 681
649 772
35 55
395 218
613 706
291 655
312 449
126 93
708 449
812 915
518 554
767 355
423 316
833 300
314 638
499 949
465 53
609 592
890 462
776 440
488 302
627 497
925 74
693 442
365 231
44 670
541 722
271 718
336 927
244 435
793 385
702 941
887 312
368 278
780 860
672 769
16 464
340 30
252 295
802 61
51 979
905 482
976 771
445 726
671 135
147 129
197 624
799 958
404 545
402 764
677 969
542 924
443 802
916 82
796 166
162 523
797 805
326 217
844 737
730 486
889 888
567 837
916 576
357 878
612 988
499 553
272 511
917 312
892 219
192 173
604 755
9 317
876 131
253 3
259 83
219 10
942 979
498 99
336 37
670 291
483 730
783 842
514 983
992 607
277 890
275 292
147 106
869 393
503 973
441 95
262 618
913 728
736 766
202 307
435 280
740 885
976 604
268 926
997 169
752 896
505 610
97 141
984 199
472 433
685 577
75 239
575 296
691 736
129 624
350 443
655 145
854 205
620 941
805 349
34 243
497 233
265 484
535 116
498 606
87 743
470 773
555 997
148 493
599 100
425 887
515 286
687 478
518 557
135 410
844 318
405 536
680 475
575 947
419 25
85 674
749 574
328 401
49 608
876 386
70 402
321 133
811 814
74 521
537 282
826 156
979 627
538 247
477 151
225 690
736 491
901 973
86 266
731 4
907 638
183 693
741 426
732 606
62 403
907 229
339 940
665 287
518 125
784 424
522 653
263 164
774 868
81 7
629 221
23 411
610 653
219 880
235 330
17 782
176 955
678 936
924 174
273 213
822 392
535 70
538 633
599 463
614 363
838 745
340 648
516 465
430 133
701 776
82 618
924 30
356 741
159 987
247 691
112 646
168 132
866 25
611 64
701 632
913 960
330 725
659 635
241 647
746 374
103 188
198 914
110 47
50 936
738 141
42 29
217 555
869 481
466 356
290 688
795 266
353 299
149 649
480 111
559 404
48 108
369 14
259 557
815 509
937 206
884 200
817 964
795 122
639 140
871 526
895 883
741 825
164 813
194 427
81 141
327 282
700 793
448 163
796 123
268 870
966 763
788 119
721 358
773 634
3 78
323 128
457 248
208 218
42 6
15 52
226 272
235 729
479 43
724 219
167 451
372 820
262 948
70 369
762 102
219 232
891 890
783 799
893 442
68 179
602 873
974 250
802 669
11 319
344 757
306 465
161 901
438 392
557 492
397 286
579 251
560 238
37 722
809 564
595 604
403 25
562 198
772 911
36 497
787 545
659 625
794 441
813 683
279 75
73 644
613 100
165 727
327 560
251 916
869 700
715 376
358 633
589 8
304 662
976 417
403 555
62 491
796 895
807 230
449 522
721 47
497 190
965 673
458 82
278 789
440 293
863 396
499 379
338 282
949 170
820 434
194 646
463 691
629 574
993 362
242 85
948 885
229 869
967 898
94 824
807 351
530 717
401 981
938 691
954 141
957 704
726 283
855 19
875 900
921 867
764 17
536 122
522 224
646 519
784 898
986 853
733 407
479 33
92 527
898 511
731 334
123 743
509 141
535 953
974 469
932 652
700 266
374 590
394 568
863 638
68 663
34 936
352 193
343 639
419 103
430 378
146 848
606 195
529 649
782 829
526 760
838 172
475 120
272 435
326 177
463 969
420 333
726 116
505 822
392 536
700 652
807 449
408 889
917 995
994 312
651 467
133 770
718 148
82 575
2 466
205 237
261 955
143 325
170 50
872 700
748 930
933 301
641 309
434 245
80 879
60 821
829 100
505 534
361 898
438 215
493 151
261 582
300 510
769 580
442 185
832 25
213 133
705 824
490 670
968 151
701 36
472 213
628 869
318 155
720 49
629 47
390 668
948 587
317 455
472 249
666 343
929 982
773 326
401 454
934 14
969 646
737 897
28 437
952 184
687 667
658 869
113 23
173 37
587 171
790 5
34 782
367 842
498 242
529 495
272 690
321 466
194 96
417 928
105 433
480 81
523 680
594 969
791 351
827 948
341 151
410 888
940 825
34 903
948 191
763 783
805 371
905 229
254 268
663 287
725 936
252 487
451 553
994 423
975 144
521 877
825 614
304 125
763 639
33 385
944 422
404 966
101 928
334 233
593 493
732 651
848 454
416 531
237 71
315 399
915 135
859 728
281 751
905 844
741 98
742 63
827 287
667 823
946 387
421 273
736 248
278 602
761 570
659 559
336 543
573 141
601 963
959 442
944 170
62 605
909 212
496 946
438 447
286 987
880 563
610 410
866 70
412 803
752 234
416 953
109 802
870 369
921 680
629 14
492 683
787 600
704 831
710 762
961 115
861 140
684 215
728 550
145 315
50 343
896 363
717 886
192 18
733 485
384 368
425 140
808 924
829 718
387 751
339 445
549 26
232 319
484 720
287 26
701 160
695 903
256 38
42 869
780 44
865 268
560 715
98 504
137 612
868 831
626 660
692 605
945 785
102 474
416 521
383 344
342 492
891 405
57 588
654 578
444 768
826 541
993 718
788 20
156 72
117 1
797 663
94 97
943 717
619 885
855 604
798 70
721 524
648 125
745 881
271 553
441 61
446 405
814 194
565 356
349 243
750 258
291 647
441 326
517 56
739 923
565 621
722 196
143 632
835 402
600 499
154 678
716 939
822 957
552 13
806 195
273 598
889 867
627 718
666 709
379 387
35 577
344 658
127 660
392 326
776 926
951 24
384 322
738 405
340 624
292 733
292 504
860 696
103 308
130 33
447 643
733 66
790 371
713 762
549 16
416 884
413 241
205 966
161 285
865 258
626 879
395 43
970 423
951 181
828 190
137 193
889 206
909 35
357 196
631 585
960 495
756 845
633 100
582 543
396 453
742 681
149 661
731 788
795 952
460 65
714 210
815 930
174 754
908 75
878 312
422 447
94 87
191 923
817 302
975 510
867 797
848 555
628 286
60 768
993 793
54 545
105 102
824 835
953 491
873 90
583 400
902 791
191 550
227 207
157 557
506 296
697 13
523 614
937 748
822 947
963 657
173 501
359 628
247 307
579 780
888 483
814 534
465 529
333 81
752 708
926 366
955 658
35 423
708 143
108 493
683 873
815 89
651 283
620 933
777 508
658 142
447 224
794 597
386 357
647 398
377 537
219 100
934 491
304 324
679 201
389 548
823 889
90 889
91 854
573 857
238 873
1 780
447 80
907 473
590 766
979 727
152 720
270 38
267 149
531 982
11 43
752 721
811 770
837 679
302 484
656 604
102 984
62 768
580 465
547 288
482 42
133 828
255 525
456 807
300 447
609 528
683 477
752 168
8 833
951 377
627 433
572 646
926 729
922 350
1 528
838 616
769 782
800 95
591 479
549 333
544 892
395 949
678 892
487 129
94 692
210 229
427 901
14 174
755 703
754 887
100 363
477 84
430 763
548 144
33 718
172 876
134 392
48 352
439 997
662 660
872 241
161 229
750 215
256 875
627 410
961 664
919 847
94 584
797 67
273 964
350 281
262 397
470 575
102 179
108 110
472 127
909 882
157 115
563 245
365 144
259 657
8 172
897 270
440 174
212 316
467 48
718 533
16 786
768 799
209 18
911 61
73 911
939 946
738 627
610 707
214 770
915 180
188 489
132 588
352 820
943 916
597 279
143 975
343 134
609 662
460 948
645 993
981 799
544 761
784 105
642 924
697 631
145 792
480 633
709 605
744 297
985 360
314 155
685 922
84 553
872 74
766 730
352 38
958 900
481 826
965 796
94 188
309 262
84 818
694 561
627 508
753 647
497 807
934 579
261 450
14 164
34 179
640 855
292 703
278 768
279 584
378 477
723 252
534 465
247 143
711 915
103 507
619 423
415 773
858 705
462 705
521 791
268 574
899 557
315 686
880 55
274 96
795 356
743 166
377 746
465 859
740 569
251 378
777 982
912 761
683 938
665 246
218 609
529 242
888 669
217 501
266 277
32 110
825 649
374 713
947 117
644 308
527 955
247 529
803 481
650 388
510 494
845 743
613 357
195 747
171 390
657 692
702 700
304 919
773 989
302 55
625 825
475 917
567 475
251 126
466 14
918 669
476 473
419 756
23 756
620 746
426 652
581 675
978 454
836 370
326 385
767 536
81 846
565 401
33 806
784 854
472 359
442 596
451 156
878 223
310 934
111 496
750 303
32 352
215 962
439 856
864 325
326 421
862 135
977 122
272 944
381 585
474 813
211 848
726 131
542 310
238 951
539 650
141 115
985 62
22 423
617 718
979 576
408 724
730 366
776 333
910 562
795 346
340 31
634 249
440 118
211 295
687 404
794 387
35 478
344 559
118 512
55 47
370 59
66 322
480 456
21 845
386 412
212 525
541 206
511 443
54 613
591 701
572 459
201 632
238 25
750 316
213 377
258 757
318 808
41 5
149 621
708 319
428 939
206 975
197 252
758 585
954 231
105 26
761 65
233 620
756 661
836 504
942 751
922 922
858 263
207 73
756 252
278 591
356 690
171 236
862 4
77 192
990 10
88 467
951 756
672 109
423 42
711 100
86 277
404 703
708 440
609 89
958 206
292 382
908 614
499 446
213 992
282 597
515 948
297 88
683 532
216 14
211 573
71 270
380 351
871 848
714 376
917 964
482 627
867 60
735 844
856 725
672 904
223 812
185 520
911 103
795 71
470 689
382 805
209 505
205 880
925 824
815 952
11 749
992 356
713 941
426 619
834 822
243 726
388 98
970 566
67 12
525 332
705 528
447 4
631 728
740 369
357 110
532 191
611 255
492 155
509 473
71 656
375 393
584 9
531 3
190 756
160 993
108 803
917 447
42 858
145 196
934 536
730 886
876 37
285 90
937 770
911 489
576 419
791 307
160 175
910 444
430 710
804 17
14 386
672 243
965 645
976 883
341 372
963 535
411 845
797 14
504 515
708 165
584 395
620 52
818 711
564 795
775 75
907 374
266 872
640 933
773 151
518 944
693 796
997 533
841 694
221 83
731 5
997 304
51 309
81 152
738 44
501 137
451 545
361 880
268 652
580 101
787 314
76 73
130 984
530 280
16 962
261 384
456 214
237 701
646 720
373 445
154 932
942 224
161 791
529 958
840 442
183 321
520 760
720 934
453 590
664 136
919 97
64 220
443 253
617 289
627 599
244 681
821 464
353 359
394 131
789 252
281 828
882 443
733 500
346 994
935 980
716 676
906 428
783 437
210 804
653 736
550 235
564 170
761 827
735 546
334 202
412 530
779 732
642 89
895 269
996 321
455 757
930 721
357 859
684 171
956 630
384 962
999 1000
874 560
710 754
459 89
476 407
134 149
933 8
569 369
576 265
874 825
985 284
360 375
741 332
989 254
693 112
911 371
120 250
945 247
803 163
368 92
123 404
934 503
1000 677
802 958
927 464
544 168
88 303
573 869
33 367
351 39
248 255
402 84
113 67
955 562
445 540
75 220
352 986
174 491
269 988
921 914
968 617
274 20
613 389
449 546
725 450
385 790
311 990
168 38
961 843
19 818
980 447
810 939
225 923
208 196
390 990
606 880
427 383
455 73
165 5
528 960
792 661
818 799
915 94
827 210
39 652
565 878
110 712
620 405
598 795
720 492
223 589
546 376
278 296
974 408
557 614
355 516
237 115
451 224
307 439
147 221
456 302
10 481
937 197
613 402
634 196
480 138
669 37
184 225
702 71
283 496
632 235
209 318
283 267
84 58
396 144
183 674
815 356
417 612
437 819
995 323
811 880
756 981
83 178
336 358
535 833
12 563
162 242
888 871
547 807
820 62
69 917
105 611
483 148
904 321
679 697
882 531
87 822
7 713
909 256
984 170
754 382
324 240
847 281
72 842
842 86
973 277
466 589
211 628
678 917
984 435
488 119
200 210
713 466
465 364
378 67
441 681
672 56
802 660
665 425
841 242
867 380
715 920
905 672
41 338
242 328
436 193
998 491
227 199
582 247
137 391
382 896
582 921
369 548
502 403
743 466
246 334
883 360
983 447
183 772
673 550
104 250
931 28
89 350
234 854
21 481
330 562
310 318
553 858
689 760
708 773
360 584
542 332
692 11
589 264
506 638
841 628
852 903
324 518
857 78
809 38
941 486
515 198
342 801
595 981
615 810
582 633
668 822
952 352
400 513
951 536
291 606
724 982
339 237
266 24
832 664
586 114
665 29
696 511
978 489
96 107
611 961
599 578
292 427
569 964
637 690
30 915
723 879
818 622
718 535
48 32
86 587
306 590
734 659
809 424
657 30
489 74
249 730
220 932
620 228
310 331
166 732
750 603
778 585
980 162
856 770
478 818
628 497
548 388
367 313
962 522
164 362
533 345
133 820
557 473
15 10
582 237
727 741
586 765
821 519
712 841
381 741
382 706
403 271
643 518
623 274
541 470
851 138
258 298
477 714
894 365
486 799
682 445
761 738
918 164
363 994
369 888
233 210
102 544
489 990
126 901
415 775
466 183
794 134
528 652
798 104
930 174
47 873
881 547
468 903
654 913
400 588
946 267
232 366
551 757
716 70
807 188
871 618
334 679
454 824
761 895
337 159
835 27
104 711
409 938
712 710
310 550
407 748
903 835
827 59
892 268
618 968
63 566
498 786
481 288
159 274
162 837
276 859
358 483
480 180
40 582
202 235
737 250
763 388
411 903
307 782
656 707
309 483
701 858
794 3
764 240
576 418
446 717
98 528
908 662
273 151
837 193
752 680
834 304
277 795
647 743
837 458
42 749
265 412
283 695
885 651
258 144
791 607
378 963
142 198
448 533
339 626
983 777
338 518
223 680
245 439
369 734
212 262
564 601
586 94
800 957
468 75
919 914
570 760
645 674
89 307
413 288
646 490
568 162
614 952
240 625
861 972
432 795
835 691
573 505
761 476
717 635
405 140
329 410
897 602
818 458
108 33
968 891
17 589
212 648
150 444
620 967
372 902
302 312
850 526
681 754
685 50
630 114
863 465
822 464
344 574
810 984
457 451
189 371
893 115
272 671
131 695
679 909
735 581
693 664
66 831
27 723
837 857
729 766
499 978
899 274
408 680
958 738
268 291
677 347
719 981
707 747
670 42
410 869
958 329
387 248
127 697
765 688
866 591
329 652
965 490
988 882
352 406
621 451
801 647
1000 182
421 97
639 585
190 493
888 386
196 244
403 228
777 555
919 230
823 671
207 402
807 806
853 922
680 622
751 8
414 94
255 824
302 145
275 802
329 544
475 598
514 855
385 933
709 914
678 432
34 367
127 7
667 539
324 694
827 906
615 83
707 495
732 668
229 542
321 954
368 886
798 470
936 849
284 743
151 213
245 177
436 611
257 151
348 269
722 596
489 394
185 391
267 52
808 519
382 2
786 351
653 87
433 987
629 633
139 769
434 723
440 617
911 468
283 145
656 98
2 391
830 134
227 738
997 656
516 203
345 501
677 157
137 472
287 151
996 611
687 350
283 675
718 603
638 494
808 2
476 432
117 908
930 373
377 947
926 897
82 621
152 191
72 82
414 48
8 592
587 119
891 939
155 611
369 305
252 543
413 268
997 139
348 776
767 351
474 98
576 640
367 646
611 103
946 322
584 989
904 176
286 163
506 395
695 102
542 763
523 484
355 528
708 795
839 232
118 435
98 377
539 465
319 196
310 376
63 127
409 355
150 918
469 140
112 397
479 599
776 148
362 917
925 914
840 169
343 266
654 945
571 273
461 401
278 20
396 513
482 344
170 603
187 921
279 101
615 953
267 801
863 975
856 33
393 797
199 666
787 162
500 743
138 656
182 842
602 153
835 504
244 408
842 363
887 514
549 635
338 43
804 745
775 947
986 493
956 730
538 217
873 732
655 393
162 640
883 925
692 311
783 658
607 990
117 80
344 122
596 194
471 837
518 769
482 92
667 74
683 756
915 96
781 770
430 921
540 298
956 213
507 121
617 667
673 153
883 637
615 328
280 344
91 557
846 984
709 112
669 39
285 193
650 929
770 845
572 372
877 599
996 928
596 171
569 217
471 814
64 310
120 736
116 357
985 806
897 922
969 44
954 144
180 378
550 60
369 802
84 181
741 36
55 117
479 939
553 888
131 750
331 546
546 849
218 260
284 471
421 31
180 908
26 584
515 861
361 803
273 461
421 296
912 39
434 415
883 241
99 16
805 816
227 839
880 730
764 635
473 751
489 616
92 651
34 301
998 493
697 236
718 30
143 616
868 383
532 248
609 797
357 167
826 237
89 990
220 427
102 26
708 739
574 430
159 188
660 61
322 560
461 489
960 322
701 736
95 23
483 19
992 125
172 206
564 767
236 407
577 520
974 485
602 879
395 400
644 201
594 609
788 740
755 563
809 534
179 138
945 49
234 977
462 984
896 193
718 681
420 987
153 494
574 816
667 715
832 28
324 641
649 172
425 693
181 67
596 920
446 78
204 990
315 412
574 901
58 756
393 597
813 954
531 976
66 202
955 629
817 21
492 81
611 181
79 586
233 644
843 653
365 763
863 402
888 575
497 690
339 216
572 604
970 119
617 755
703 758
361 420
756 541
4107 26 636
3046 1522
3695 2828
624 1740
1147 1799
2565 2075
81 3642
1158 2969
1907 737
2597 3163
942 3142
1705 312
2515 1666
3264 2340
3096 1847
1747 612
457 2903
1002 1894
2389 3774
1311 3261
1139 2755
1340 580
1437 3387
845 503
1900 763
2267 1367
3571 1014
1088 1443
1429 258
2040 2675
3380 2199
3788 3888
2263 189
1311 3714
1173 3700
1235 1967
1936 940
2477 2669
3306 1222
3461 1898
2057 1301
1089 597
682 1518
2712 1663
3198 3494
393 2858
2204 3380
1383 2250
3557 976
973 3486
3046 3078
504 3654
2671 1867
3184 563
3234 2601
1026 3154
3300 2532
1925 3409
2207 1407
961 1799
2319 1518
3230 967
1327 2154
35 3180
2356 1867
2671 516
2032 3949
982 1002
189 750
3670 961
1675 3237
3822 2259
1816 780
2133 462
768 1801
2750 3802
1648 2205
445 3146
2757 3784
3845 3778
530 3655
2372 600
2757 1406
3665 1376
833 2032
2477 2458
1676 826
904 2289
1487 167
3031 263
2562 2282
519 534
1501 2863
1874 3465
3858 526
2968 2571
1467 1235
1883 2160
57 515
120 1421
2987 3177
2108 1285
363 934
2545 1976
2738 1813
750 1864
3314 1312
428 1700
2156 3453
1596 2947
3537 1106
924 2747
3421 1525
821 619
2999 3068
3866 1852
2757 489
3813 2639
3700 2617
3499 853
748 249
2126 954
2566 519
2451 880
3218 3973
556 3005
971 3088
947 1578
2154 1051
230 124
2625 3696
3151 3427
3630 1351
3358 775
1113 1099
1071 3363
2876 1539
5 954
3146 3352
3548 869
1889 1219
1302 1800
3344 3934
3407 1939
294 429
3801 734
2630 2865
2232 1988
2491 171
3457 3009
2374 65
2306 1560
410 1884
2339 2400
3161 3242
152 348
2685 1329
3300 2920
3919 2911
3639 2709
343 3957
2710 3109
2835 395
3453 3109
2029 1173
3602 1425
1763 1288
525 2075
2530 3169
1156 2202
1711 950
488 2875
732 896
3732 3742
1337 2751
2414 2843
3129 1042
1767 178
2921 3454
79 819
895 1513
1906 1132
1265 1148
1114 339
3558 53
3023 761
1178 2446
2828 3786
408 3641
1124 2552
3439 598
387 3565
1857 3697
345 3297
2826 792
1281 3223
2978 2560
2167 3358
1192 108
3515 2881
364 3508
2525 692
2833 2096
10 1744
905 2335
3090 193
2351 1756
286 2502
2605 578
1931 2790
2563 1805
2889 1952
1310 960
158 3572
373 957
1271 3536
1960 1162
1849 1471
1971 2214
2290 2035
2700 3293
925 1404
314 1202
3132 1021
1642 3310
1193 2592
3717 1640
2289 1804
492 2401
3769 2748
3979 3345
1982 2736
3479 3144
3490 3971
1046 684
1768 2551
3737 1778
2401 2758
2108 3667
3431 795
2049 3586
2473 231
526 775
2262 1071
2875 2070
285 2826
1669 2232
863 1795
289 2284
1359 2343
1038 1920
375 2408
1509 3953
2963 3431
433 1120
368 3609
294 2244
3413 1427
3342 826
3906 1878
684 710
690 777
603 44
1915 1742
2632 1263
1999 1111
926 3937
2790 3
3165 2743
3169 1413
459 3594
1908 1943
3780 3741
3876 1866
2713 1474
2739 378
2600 3037
2171 715
3773 1214
558 3147
1242 3952
1179 2314
978 1555
2043 1788
2873 207
3278 3790
48 2873
1125 1644
593 3500
3821 871
2391 1966
555 3528
1941 1588
1328 21
3016 1611
2988 735
940 898
1835 913
1669 3579
3704 3241
1541 3138
23 2576
214 394
1704 945
2965 483
3595 3323
2740 3767
3613 2637
3580 1228
2497 936
518 489
947 3802
3105 1518
936 461
1204 707
2433 1872
840 3784
806 2494
3960 89
1409 569
63 1540
510 2302
3801 344
978 2426
3250 1596
1361 1056
2602 2040
487 2952
1782 2980
2375 3810
545 686
1196 2463
3953 2685
143 2481
3654 3701
991 2952
438 428
3869 3583
3372 2224
276 651
3525 3631
2750 3059
2407 2326
1158 402
1074 2499
1798 1716
2405 678
3960 2060
1388 1175
3713 674
3201 2108
3352 189
823 3367
1456 2707
3810 2542
251 909
3394 2593
1360 2063
3205 2498
387 473
1398 138
1834 1624
2630 718
3502 1561
3697 1291
3199 3486
3979 501
3949 1273
2513 2832
950 2918
325 2186
3016 3828
130 3600
158 1534
2643 630
1071 2600
3582 3006
3480 3571
819 3207
2851 2381
3666 413
1859 587
1338 1594
57 2565
2098 1566
2855 1573
1973 3625
2895 2991
2997 1632
1274 3033
3612 142
2472 795
824 332
1276 3837
3508 2301
3601 1667
3551 3238
2632 552
550 3019
1977 1373
3970 3659
63 2827
1312 250
2707 2924
1452 2452
1783 2245
565 1861
772 2078
3395 24
473 1658
2335 721
3398 2667
1435 3978
3462 1469
3201 2894
2570 1538
179 449
3618 2912
1444 1740
1230 693
3641 132
3 3638
1906 765
1335 1602
2692 3909
1261 417
2533 2035
1222 1789
294 1338
3253 3370
452 2759
2558 2615
2439 2179
3579 1940
1181 3399
934 3776
1913 2412
3084 3793
548 3436
547 3120
2463 688
2540 2443
3208 2920
2927 3556
3546 3600
2982 745
1359 2106
1539 684
877 2056
199 333
3059 1225
2904 2348
3485 3463
3003 1377
714 2976
815 1797
1875 827
2030 117
1250 1309
31 3816
3211 2502
44 359
3350 652
759 377
2829 2585
3022 2690
1340 3875
2477 3220
613 116
3010 1676
1592 2957
2040 2859
2318 2359
3312 1787
2615 76
2575 1220
110 3391
3549 1149
390 1654
1753 2162
3304 1172
2164 1987
3308 3474
1310 2284
238 1783
619 356
3694 1860
2511 459
1239 3744
3155 3853
1156 2959
3140 2966
831 201
3159 3139
3941 1838
2711 1140
115 280
752 2803
1843 1210
2242 41
2576 2701
3163 260
1260 1431
2976 3416
2512 3858
1984 3713
2880 3868
2287 2412
2118 613
113 3768
2181 2547
3463 633
511 597
1834 2876
3216 2203
2262 944
1468 2107
2172 1990
3034 1828
1071 2123
3742 3079
2201 1073
2244 1001
2634 3076
142 1311
850 3643
3406 2953
738 2223
3218 472
3160 402
2497 1114
1910 3266
667 3841
1136 3157
1997 1915
1016 514
1580 1547
2957 243
331 3120
3088 3620
119 1617
395 331
1541 3592
2107 1253
305 1576
620 3166
551 1804
3501 3543
3137 3603
2358 880
3427 704
1469 2009
933 3680
907 1834
9 818
3849 2383
1775 89
1321 1445
3239 441
1510 1306
2849 1972
256 316
3251 3427
3348 3920
817 3525
1569 3960
205 14
47 2601
3876 1153
2704 2748
862 1911
2247 1958
2662 1648
3250 603
2864 2587
2293 3637
1986 2115
1720 3290
2150 1257
2278 2982
2402 3812
3262 2246
830 269
3408 3249
3065 467
563 1592
667 1623
2556 26
944 214
1565 2518
2293 3569
2204 3370
3655 3306
2881 336
2045 3680
1321 2061
2603 3125
1003 3886
971 3313
115 120
962 1390
214 962
39 3834
1148 1218
1496 1502
3742 2754
533 1521
2852 2719
2878 3500
2038 3823
683 3564
2175 1807
2443 1045
1411 3739
3010 2458
461 3569
2361 3678
1635 2729
3238 2188
1109 3027
1991 1567
807 3517
3282 3219
1039 181
2055 1467
3222 183
1578 2891
2839 3149
1761 1125
3817 1507
3646 868
1413 1017
3819 3817
2605 2589
552 1969
3809 3938
3421 3217
2748 230
1314 2274
3460 2838
59 2064
2568 2410
3514 3852
2330 2958
1836 741
812 274
2486 2346
367 3892
2516 840
3523 2292
1054 2672
2158 1396
1043 2542
157 3170
1883 2932
2647 519
2610 3702
93 3707
2734 3674
2353 1930
409 1475
233 3827
2474 500
1665 3103
2076 775
1115 3717
1465 92
3583 3441
239 2085
958 3848
3055 933
3385 1876
795 2703
3810 3950
3900 918
361 2740
2924 3006
1480 1542
3392 423
954 3128
1441 75
2208 2096
3124 2696
3977 528
2438 3828
2634 3902
3341 2866
2770 3598
3704 2770
2960 1598
1354 1066
3296 1807
758 68
2537 758
2787 1629
943 770
470 3318
316 371
3563 1217
1095 3156
257 3403
2859 3447
2394 2279
201 299
481 3153
31 1904
2491 2934
3006 2276
3350 1119
202 3544
1993 2787
1720 667
2940 3625
834 2276
13 216
2420 1210
1176 3645
3887 2953
3512 2868
208 1276
1457 1865
467 709
837 450
1996 3128
3813 2942
2882 1876
813 3247
3664 2947
1473 2325
599 3798
2838 275
1754 1498
611 2424
1649 1669
2504 3693
3858 3566
714 504
3723 2378
1038 3766
1886 405
1567 2561
2799 282
1310 3344
1816 136
3664 1
1011 3316
1727 3965
1376 351
1447 107
1218 3472
2840 403
346 3653
329 3931
1322 2905
1821 2873
2556 1683
2356 1808
3512 1646
1946 2158
2975 915
1333 3394
2353 3947
1855 3402
2684 2008
1204 3112
2823 2094
1671 2543
387 2599
292 2390
2347 2383
3033 3941
553 3211
2551 1837
1218 3910
805 682
1337 3278
2894 3712
1446 330
2367 3021
2681 2020
1420 634
3697 2827
2349 1746
816 2075
2608 3443
1031 3484
597 3556
1403 805
2925 2726
2120 2804
456 837
2980 3571
757 126
250 3624
1210 1493
2423 1131
2918 2581
3521 3894
3540 220
327 718
278 2327
1098 49
804 3292
1672 1311
851 1389
1173 2682
3932 243
2538 3605
1700 1873
136 859
1024 1724
3266 2359
975 3133
1116 1273
359 2116
2792 2491
2235 1283
1882 515
3977 3812
3788 3650
2191 2015
1050 1514
1482 2329
2722 3558
1451 3916
3114 2271
1456 1320
23 3578
1988 1353
2147 1679
3123 1035
1635 2959
2931 2574
3202 1851
1089 648
1153 2959
2699 2607
2950 816
3947 879
2663 2615
2362 3561
314 3633
461 673
423 3843
215 1174
2448 3937
170 898
3062 1561
1477 3760
1900 377
2523 229
2565 2081
1862 3279
2402 1412
1474 3768
64 3080
2065 2782
2084 219
316 2830
1146 2659
75 2954
1079 817
1867 1242
3013 600
2961 1679
3326 1174
1431 2861
398 1943
3194 1436
3397 3646
482 2697
2368 2983
184 2501
1210 1048
1140 2307
493 1429
1265 2221
1673 2311
91 1719
1941 2818
237 1272
1692 762
2889 3080
1628 3215
1210 29
1534 1540
2515 2448
681 3756
824 830
1599 2381
1182 687
2260 747
1026 3176
2279 1825
706 493
3615 184
2691 416
424 1375
210 1435
1778 1701
2013 1716
1468 370
2765 3439
1791 354
515 158
49 135
1319 719
2037 2959
396 1917
1568 3028
1656 183
1695 269
501 706
2265 974
3210 2829
447 1936
2222 3367
1041 693
2961 3034
1460 2175
2667 1559
1415 3598
2949 3350
272 2123
2020 1805
2166 1045
2068 2496
64 1348
2028 2515
3264 2637
3059 2048
452 686
2086 2282
883 2952
46 125
1190 20
753 660
92 1084
790 211
2731 801
883 1894
900 1759
376 2522
2296 1031
595 3356
2767 2308
2539 2650
3259 2210
3695 1153
1212 2857
1436 1015
2272 856
3503 906
2900 2242
2509 2721
1949 872
3056 3607
2127 1923
1907 439
2805 3510
2814 2267
3651 2850
296 1074
207 3389
2027 493
351 865
2257 3435
2185 2304
2747 1723
2062 1071
3431 2526
2615 1645
3467 2666
3832 125
21 2207
3130 2436
269 183
581 3790
1310 2746
124 1070
3628 563
3557 3133
3135 2041
245 1637
2636 407
946 2129
1987 3780
1849 655
3360 3728
2565 2627
703 1885
2836 116
1710 2393
3824 242
3533 2690
928 3880
983 115
854 2933
3309 1463
1725 3891
536 428
276 139
874 2594
3233 278
3180 1959
3231 2754
1623 2665
1847 169
3201 2247
1119 110
370 1941
3580 2813
1395 2457
3618 3958
1344 737
2531 763
509 3318
1563 503
2792 3398
2603 1508
3700 912
3494 1825
1360 1545
2820 21
1243 114
2111 426
2315 3556
1372 3308
3703 1553
1966 900
2487 3725
999 3706
1625 1578
209 93
357 3812
3933 1374
1467 2559
3071 560
2702 524
2620 178
3281 762
658 3376
2228 3877
3649 1153
1956 2401
665 468
3551 2766
2994 1095
631 1284
1230 3431
2970 1207
2821 1756
2068 2907
3205 978
540 1410
3167 3739
1381 2146
3663 685
3831 240
2153 3491
3336 2513
399 3440
1378 3
731 3470
1013 2295
1255 3172
137 3260
3780 335
3411 971
3410 3814
1278 3281
1401 3948
3103 1464
3298 3732
906 3707
934 2621
1544 2536
2355 2549
2053 3315
3509 574
3076 3584
1877 308
1426 3198
2141 2686
3496 3420
2920 540
2288 3221
273 45
477 2720
407 457
3752 1396
3782 611
1071 2416
3155 954
179 2419
2177 12
2896 3749
3845 2177
2903 3871
1687 2251
3479 3210
1450 3680
3559 2538
1726 1676
937 201
163 966
904 3115
958 3056
3187 3735
2060 516
3570 3414
1472 2112
1805 735
3951 1369
288 1808
1053 151
2776 3285
608 523
165 2478
234 898
3081 2438
2528 396
3101 1706
3798 1641
3567 2207
3604 1662
3214 101
417 3457
1680 171
2822 2290
3510 1865
3955 197
3280 1004
2434 3398
269 1958
2991 3858
1910 1470
1084 2713
1164 2922
546 2351
3483 1269
3614 3629
2115 726
1019 1845
2397 674
3623 1255
2104 1263
2203 2471
3656 3408
1230 14
2595 1185
3063 1162
1447 1279
2984 768
234 969
453 1055
1831 2495
1687 1110
1474 1684
169 211
3582 3152
2978 3812
3336 1090
129 861
2888 3337
1188 3905
1298 3476
3562 3071
2979 1319
277 1343
1665 3419
1988 3388
3348 1734
1715 3064
2903 1933
2597 2477
365 3708
3942 76
2544 861
3696 3197
726 308
2750 2005
662 3298
559 3013
3659 144
3904 281
941 2368
511 3282
2285 2109
1215 1695
2021 3191
1133 2860
1442 1307
39 326
402 1725
3040 2782
3633 1128
3227 2477
2045 245
2171 144
1525 664
576 325
733 1275
2652 1756
3719 2722
2635 3441
2831 2718
801 3271
661 3718
480 1756
3394 657
2353 676
3028 2098
608 2032
121 2713
300 135
312 191
859 3561
3369 3686
1565 3360
2350 6
2418 839
129 3826
1258 809
39 2150
2842 3958
1121 532
2035 2430
3250 1743
1957 1978
3434 1396
2273 455
3869 3222
3929 1798
3804 2685
1509 2324
2780 301
551 315
1179 422
2967 3905
3881 3787
1346 3282
323 455
2666 399
3826 671
2225 3291
2696 2210
127 12
577 2441
2898 1299
90 2487
2716 1913
774 3561
2422 1462
933 2828
3188 2572
1518 2248
2908 2992
428 1964
3033 2555
2766 359
3908 976
3223 1588
220 573
189 2274
538 2184
257 1197
3658 3259
339 2031
3951 2502
3239 424
617 3371
1982 3733
1003 2546
2494 1024
540 2269
2195 972
1854 1592
1401 478
372 75
3271 1113
2982 980
2217 3312
1345 2190
3060 2435
785 3832
2290 1607
309 1374
2346 2545
2321 183
2432 1042
3810 3870
548 1399
3536 583
479 458
764 3791
3839 1985
3866 2157
3457 2773
235 189
3014 3469
2340 491
1634 3051
3774 1016
3549 857
1991 3105
1951 2946
2045 815
2409 2804
1242 2669
1842 565
2842 2801
1517 3709
3623 1506
1683 1764
2059 593
3027 1312
3679 2820
3277 1607
1964 246
2513 1841
2049 1153
1775 3910
1060 2831
97 7
3370 140
3513 284
3725 2128
3886 2249
1403 2362
3528 2700
3719 2022
2740 1270
912 968
3897 2754
112 145
3504 966
1906 485
3005 3965
619 2217
2266 858
291 1217
1147 401
2172 3916
1054 3304
802 1389
2447 67
1642 233
1637 2581
901 2296
3718 1169
1961 2301
2604 1211
773 2168
1126 501
3398 557
3578 3733
2061 1658
1967 2300
671 770
2324 3077
2127 970
1511 3613
2251 3639
804 3808
3695 1133
2230 3740
1828 2488
3380 995
74 1790
3517 422
1573 3544
2523 3712
3701 684
2588 2632
3022 2300
3605 2027
1152 255
1459 57
184 1460
2263 3470
197 3287
2092 1715
298 349
3673 1520
3572 314
1080 3884
959 1230
3963 2599
3921 2813
2348 431
441 3518
384 2821
1967 984
2049 3602
2205 2582
2065 2988
845 3088
2927 1552
3774 2050
3586 3159
1981 3471
497 136
3243 2520
2 2127
1439 41
3622 2563
2603 2356
1647 1286
760 2986
3733 3305
229 2203
1569 773
3905 1776
2003 1733
3771 937
1962 1890
739 3547
959 3750
3700 2564
2596 3604
1530 2110
833 2344
467 572
2728 2407
1798 2867
1185 3112
3203 380
1738 1913
833 1674
3212 3519
2761 2852
212 3919
2025 1658
2548 1942
3615 2017
2037 2242
1824 97
2123 109
2644 1280
835 868
3696 3578
2584 1727
1380 3914
3921 1552
2690 2506
163 2113
3514 355
2356 822
3164 2962
3271 425
1848 411
1192 128
1631 447
2330 3754
1852 1357
3241 2582
3444 2911
1341 1363
2133 2697
1547 996
3365 2367
719 3914
3947 292
2267 960
1902 3749
9 1941
541 30
3767 2231
3500 779
1915 3197
2105 2152
2339 1806
1466 1348
2826 1853
3266 1440
967 1306
15 1224
3126 2665
1273 3156
1806 590
64 1303
2993 1651
272 2459
2096 2604
743 677
3549 1782
1421 1327
1495 1881
3633 2496
2322 3050
3903 1662
563 290
587 523
923 3002
748 3316
1136 1331
1860 2355
1652 2462
1422 1776
3716 2304
1096 1600
395 246
761 2464
3571 2333
2199 2330
1824 866
3162 2028
812 3907
44 3688
579 2775
1110 342
804 1170
468 2691
3741 262
1740 65
3687 437
1396 1174
3338 2512
1363 606
3393 2339
3724 2836
3590 803
2482 1153
726 2043
1461 2397
1998 2017
1949 1352
3908 1687
3378 3940
3674 2680
181 1305
985 3347
114 2887
806 3368
3194 3508
2174 526
2116 2743
737 2407
2148 3408
2108 2212
357 3067
2677 1274
2239 3022
3820 3944
1246 2169
618 70
3464 2817
3321 203
599 1735
1925 1950
170 3139
3219 1597
68 75
156 2804
2015 1221
124 2545
2597 2808
1583 455
967 2280
3419 2579
2294 122
3411 1478
33 2639
2176 426
208 2117
3809 1247
1420 314
1547 1439
3947 3797
3445 3230
3192 3131
3009 1583
3261 1400
2345 3544
1281 902
2501 1868
1421 803
2578 2598
3270 1524
1569 298
8 3780
3547 2162
2016 3578
2963 1419
1791 1336
550 3487
2755 2044
3603 732
2249 430
2832 3192
1482 2719
1026 565
683 116
153 3965
178 2579
172 2366
334 3752
2999 946
493 667
2475 2502
695 2421
2186 1477
2053 3859
1863 3661
1051 2790
1184 3114
3660 426
3884 223
35 2556
86 2036
751 1322
784 1034
118 1624
1483 1634
1316 765
3411 1011
361 1174
143 360
40 1479
3243 2197
1352 1470
3521 2418
1534 2296
2847 1348
2072 3109
3738 3861
3226 900
1294 2872
1250 3141
2327 1922
2947 1229
459 2528
3511 40
772 2797
419 3856
3178 142
3567 3466
2874 72
3351 1237
3032 1920
1351 930
1072 426
1835 3353
152 2858
2840 1700
339 2842
2640 2609
410 977
526 3167
2456 2702
625 3732
2701 3769
3718 462
2804 215
3897 449
2164 852
1182 1116
2126 3604
1488 2597
2087 3786
3420 491
2004 3919
3586 2654
105 1943
1838 1079
1354 2669
2032 3601
2393 1876
2479 3028
3596 107
2908 635
1145 2848
2599 1635
1041 357
2716 2890
3272 3889
705 2230
1504 263
934 1585
3789 389
523 2503
1362 254
3846 3863
2083 2541
2407 3570
1209 1699
864 3007
2564 1407
3730 1955
2515 227
2382 3810
3955 3291
754 652
2292 1504
453 3924
1317 3856
417 1864
2552 3133
3512 3420
487 39
3358 879
78 3225
836 1417
1010 1147
1560 1771
3063 3371
2344 2239
1966 3404
593 1655
1698 2812
1905 2703
3511 3592
851 3547
462 2754
217 1425
28 2303
709 2355
917 2954
2190 1377
3284 1369
1965 669
556 889
3144 2989
3413 2489
2675 1479
306 899
1175 3273
1805 2189
2544 1887
29 3564
3302 916
2749 1882
2906 528
3317 2668
3662 3076
1556 678
1243 3601
550 2226
2800 2639
903 946
2735 1390
887 1658
1229 3700
3020 2729
1466 3276
2612 3273
2027 3899
2891 3670
940 1134
1801 774
3779 2552
1102 2046
201 3126
1901 1027
771 1149
153 366
2328 3449
1453 1989
2476 1479
945 1434
1750 3607
2142 2424
368 3559
3744 2228
2711 2462
3049 1977
683 673
628 590
132 1001
2233 2638
61 2469
1396 758
1209 427
2225 1879
1020 240
2284 3666
3478 2777
459 1433
839 1544
876 2866
2411 808
1081 410
1322 418
365 1990
2059 144
473 1717
2295 3348
1879 469
882 3354
1288 2899
941 285
130 1794
1023 573
2258 2394
687 2350
2674 1402
711 2
888 2108
3680 1837
14 577
2107 1526
2227 2968
3045 1409
1625 2095
200 1061
225 73
2565 2145
1325 691
3523 3724
3950 472
1348 2227
2688 3623
2794 2202
3890 197
1547 2495
3682 3464
2215 3933
2983 281
1230 573
748 343
1118 3936
112 3887
3040 1810
1910 532
2121 2188
1824 3637
919 3943
987 1809
2241 2510
1086 3720
201 3416
3918 1124
2415 2221
171 1469
840 3314
3012 2018
229 2883
52 2458
3160 3390
3281 1986
1126 3673
3909 692
1863 1007
3193 424
455 1181
61 2221
3334 3416
2128 2464
2240 279
3940 41
1172 335
1467 2811
2683 577
3644 3018
2117 2236
3932 393
1852 3419
3210 3251
3049 3085
2352 3447
489 555
1588 1859
2398 1414
1447 3106
3933 3590
1867 473
420 39
790 2717
986 2195
1694 3030
2995 2663
2207 3436
801 2667
3394 842
2030 1051
2411 2194
2173 1267
704 3078
3701 446
3855 3972
133 3128
1206 488
882 2768
3349 1042
2414 786
869 2877
3231 2472
1499 2992
1555 3543
2652 2827
2279 2948
3579 1138
3718 3681
2247 1774
2124 3147
1995 2856
3302 589
2963 2116
205 705
3298 670
107 2304
3162 2911
2785 700
3349 1437
1969 105
1319 77
905 162
3856 1302
2973 2820
424 411
302 3166
1145 3775
3947 3119
1704 77
230 1999
1695 2340
3301 1173
3206 3283
2894 2822
926 3708
2995 3228
3277 1327
3579 2696
1670 3220
2953 552
1729 545
3342 3376
2144 1431
1260 1456
2613 7
3697 2273
1024 285
837 602
1249 2662
3827 3262
417 907
620 938
2354 3138
3040 1786
433 54
2610 3572
275 1999
339 1088
72 3042
2658 177
3670 2226
732 2288
3052 3807
1341 3775
1586 763
402 120
1893 2184
581 1421
3453 1612
2637 2579
3622 2938
1477 2489
2342 2674
683 3178
2117 3018
2990 2318
2603 2691
3023 3383
2800 1747
3534 3140
2989 3134
1498 315
2581 2746
3264 1860
370 1147
763 631
3484 2508
1424 2920
1157 2248
868 3311
3184 1859
162 3212
3030 1859
1352 671
3003 919
1105 2709
2777 2227
87 3538
737 1391
184 3260
3733 2463
828 468
1896 100
448 1542
3260 2074
3489 3839
2483 2696
1286 3015
2269 3201
2723 2953
3928 1098
933 843
2786 3461
3082 2136
3499 3770
2675 41
3090 796
983 673
581 3707
1049 3464
3339 2851
130 1826
1092 1312
2005 976
2960 1065
3189 689
564 1379
2931 1488
501 646
2841 3927
2695 2413
3432 3003
1319 1735
2819 957
3310 1022
3181 2755
1409 1470
3609 2497
3928 1070
3074 821
1086 798
431 703
796 2076
1540 2982
3360 1570
755 3340
1413 674
300 994
191 1202
961 1271
300 1139
3534 3650
2765 2562
2350 1776
2198 2264
403 3791
3722 241
2006 121
571 1174
1161 3104
3517 3352
678 651
3357 2149
1004 2229
759 1387
3032 2201
1945 1985
3206 44
1401 3294
101 1865
1015 575
2812 693
1291 1760
2325 1068
4 3270
2145 2561
1835 2614
2634 1716
1792 2592
1372 1357
1120 2358
3074 1953
2593 1164
3940 1876
793 2705
2832 413
1421 334
1745 2313
2163 3513
3288 1969
2326 2933
2584 1192
562 1031
294 308
1523 1480
1929 1131
2914 1267
1516 2584
1058 429
2157 1916
1494 1643
1834 2465
691 456
961 2047
2053 1698
3455 3130
1497 2364
1478 2666
3915 1060
2537 3092
3759 3507
3856 578
2292 3786
2403 1536
315 3757
3820 751
507 856
797 2972
468 2560
1347 326
1724 2101
2197 843
1225 798
415 1859
1061 1414
908 1552
954 3714
275 2339
34 2714
2188 2046
245 2599
3622 1378
1436 560
2359 684
1262 3597
207 1283
414 741
3208 35
1625 3333
570 2712
659 402
2224 2558
366 3720
1581 2984
2996 3235
2322 232
1327 1830
86 541
1806 2062
167 1956
2853 2583
493 364
848 2806
2788 2061
2323 2394
3873 1370
1742 3960
2155 3453
816 2145
3603 806
39 1285
522 1336
113 1501
2314 730
2678 3594
3975 3376
931 2921
3020 343
2698 1726
1383 3899
877 3599
1595 2397
2995 3551
842 1632
1960 2242
3174 1302
3289 2753
1582 1156
1250 3806
3655 363
1918 2415
3837 1669
3360 1563
3696 2946
786 1872
867 462
2532 3102
3131 3156
3371 957
2674 1600
280 825
43 1569
1086 294
2185 3943
2963 3557
158 3484
1184 619
1040 2398
1327 3139
105 3973
321 1063
3244 3381
3759 3572
156 2037
2342 118
586 1002
3289 357
3674 2132
142 1244
3593 3158
3525 2330
1172 440
2370 3068
1718 1838
2162 54
2192 774
1077 290
61 1434
593 2975
3451 962
71 2969
3470 1202
2174 973
1959 2528
1076 118
212 3884
1343 3545
3203 1423
3430 2662
1294 3557
1641 299
2938 705
2883 3209
919 5
3518 2770
2782 2186
3668 3328
3706 3140
3458 3581
1980 3845
863 24
3405 3610
2896 1870
2579 1258
2652 2701
2934 1230
3637 1804
743 1413
2104 620
2213 167
3887 2913
499 320
603 1254
2719 2422
754 82
907 745
126 1563
1168 433
317 1696
1711 3450
434 3730
39 1217
1903 1124
3729 669
2298 969
2331 820
427 3201
2402 282
3078 326
1486 1846
2683 992
2319 3021
3123 1234
2769 400
1147 1627
3098 816
757 1268
2058 1128
1457 787
1793 3112
31 3592
719 3343
2348 3414
748 3578
3387 3599
1477 3391
3422 731
2455 574
3140 1459
3644 3875
2641 3679
1463 2817
2934 2154
405 3578
1436 3018
474 457
1711 840
1651 2553
800 458
359 2187
3708 1538
2982 1705
148 2447
1604 3594
130 3862
2111 3931
2405 771
2021 1924
2055 2073
929 1011
2097 1416
1231 1515
268 3354
3027 1074
1225 2012
3547 2491
2960 2659
2020 3555
2368 2692
2011 463
3125 2153
3594 2094
2686 2604
1098 2789
3378 945
2907 933
2920 3046
425 2954
2893 3177
3480 520
815 1947
2703 3704
886 2058
946 2232
453 1233
1918 755
936 3549
3476 2584
1775 2116
3169 3335
3257 3157
1644 225
2541 555
3178 3886
3885 2651
3346 2611
885 3796
15 2192
633 77
2332 2533
2747 3689
1797 1590
1898 2289
3173 2102
2613 1207
3540 727
3081 682
2903 2339
1161 569
1596 3495
67 655
2402 2521
1558 3184
3888 1998
509 134
333 3139
291 2259
573 1398
2750 1154
3855 3096
2282 2941
762 1785
2472 2003
472 3815
2890 3021
61 3521
2855 3018
2754 1170
421 2948
288 3866
3391 724
705 3290
2030 1923
3839 1308
2333 3336
1499 83
2375 2122
3613 1216
1842 1977
3151 2864
3740 26
2783 499
1590 3269
2766 3525
3107 2062
777 3034
3761 3192
296 318
3740 2860
1252 605
3223 532
3622 3288
2678 3566
3838 3084
2709 3123
2487 52
117 2123
1964 1309
2581 2414
3271 856
2382 1577
2332 465
3379 2174
3616 3253
1781 2645
546 3654
479 2278
2611 17
1132 2395
1421 2520
951 445
3908 2716
2739 2908
1599 793
3556 3521
2287 1103
2753 1474
696 1870
2493 2071
1556 8
581 3445
3682 2710
1018 3590
1736 2546
1130 45
775 2484
2341 2754
1788 1473
1535 2163
1289 1667
1847 212
3109 3283
2828 2541
834 1228
3834 358
3192 1793
3042 1645
2568 3349
2329 700
3296 1191
3759 2714
2865 1999
2193 1165
2589 16
1174 2537
442 1697
475 1952
1411 1677
1580 1122
2238 342
3960 2193
73 56
376 2750
2282 1666
1110 946
1956 3438
1175 2264
245 156
3702 2232
1929 1212
609 2655
1985 2813
2133 3140
340 2132
14 1557
774 2743
2953 3436
655 3257
3182 3751
2415 1336
2072 267
61 2573
450 913
2774 2251
203 2556
965 3219
603 609
3708 44
2351 2130
1713 3181
3167 571
432 2181
1575 2084
1156 2718
2668 3684
2070 3805
335 1654
1758 1762
151 352
3507 2322
2910 2620
1254 2614
3166 2717
2044 2254
1383 1514
2081 2027
2272 1602
1971 2492
738 3893
1883 3006
1156 194
3125 3161
3579 653
2843 2114
249 3399
889 3959
1834 189
2882 1003
2171 1380
791 3382
2842 747
2590 3204
3909 2021
720 2243
2568 1738
3073 683
735 288
1335 3766
589 2313
2877 2133
936 1205
145 2260
574 3295
1807 117
1313 526
2136 2076
1580 2453
958 2921
1337 2685
2721 3444
466 13
320 3448
2857 2376
3133 659
1859 3155
3671 3961
1530 932
3428 2420
461 3193
2111 1099
3676 3896
930 471
2950 3102
1646 1145
930 20
774 2078
3493 3429
889 726
2534 2771
79 2709
2036 852
1704 1987
3437 125
3260 553
2038 1333
2147 993
1704 1860
2686 2730
3656 1475
2194 2323
2080 3842
92 1869
929 2448
3117 1121
3188 2120
740 1904
143 2923
2054 194
517 1345
3709 2647
282 3698
1874 2511
1024 3134
2909 1455
3093 3396
3475 3157
2919 1388
53 19
1605 1168
1960 2543
2487 1567
2153 3259
1780 3799
830 253
2468 1959
3894 3495
898 2704
1908 459
1513 1025
3293 975
1266 3191
2408 1882
1933 420
1148 506
3382 2794
2482 897
3092 3213
164 2821
2728 2090
391 180
2022 914
2879 1214
1821 555
3577 264
2098 3077
875 993
56 825
2944 3651
2869 85
3589 3101
3967 729
571 2537
542 1364
3397 3581
3453 1912
1657 1386
3789 674
3548 2227
306 369
3762 3039
1013 826
2844 131
2672 413
1421 1983
1887 3386
2777 2027
3715 2427
2422 1575
1497 2597
478 2434
596 1728
1247 1088
2000 1119
2287 717
623 3864
2293 3095
285 3085
1983 269
2706 3112
2737 343
1995 1840
757 828
1838 1134
3307 531
3339 1174
2678 1768
2793 440
3696 1580
3417 305
340 3878
1012 565
3244 1094
1774 575
1544 3034
2160 3005
2273 3216
1984 1734
3174 2064
2293 452
1919 2903
3197 269
1531 721
1493 2876
59 1282
3871 2064
3680 3706
177 828
2022 1357
3681 2306
1129 892
3825 3561
189 810
308 2068
1426 3058
1273 3125
2544 1528
3344 1432
1898 2868
3308 935
885 123
2585 348
3407 404
2231 806
1350 1293
32 99
2353 1606
3298 3294
1031 1755
234 57
3000 1260
2770 3834
1272 3365
1324 2565
3873 475
2134 169
3061 2086
955 2059
3593 3742
1476 2830
998 1576
1268 2603
2949 2455
3464 1526
2015 2767
95 830
2228 3190
207 3955
1808 1895
3508 1742
2062 1994
889 2071
3086 1741
2853 61
1170 3532
1146 3463
1866 1374
837 1317
505 3362
3335 3527
3738 59
326 3240
1565 2862
3534 3364
3511 3531
2205 787
2373 3138
2353 1132
3163 3918
1632 2816
3004 3283
779 20
1465 1421
978 3926
3158 2720
522 1037
1955 3362
1406 679
1660 3250
625 517
3183 1033
1572 2250
2508 3533
632 377
1026 1921
2480 531
1333 1915
145 2822
1466 1731
2443 2745
740 162
697 2302
3172 1879
286 2441
3063 653
1930 2793
3087 1386
1874 1285
1385 1783
223 1166
3242 2471
3475 689
957 3824
538 2939
979 182
2476 2581
3702 3944
653 3248
3482 3049
3904 2573
3123 1965
1202 3267
2975 70
3152 3238
17 1437
2472 565
158 2796
3581 2126
2767 2279
3922 2766
3874 1478
344 2604
2812 304
1915 1024
2627 2139
1713 2970
1334 3526
2621 2487
2815 2261
1870 3979
2962 2180
1136 5
2668 2846
296 1215
1289 121
2194 2265
3221 1154
824 2704
3346 572
955 3809
3690 585
932 2328
2006 952
1237 1911
504 1183
3491 2491
1454 2001
2151 3507
2866 1436
458 3972
3733 3148
3444 1863
1564 3669
2317 1129
1417 89
1798 613
2200 1157
3057 36
2219 2932
2058 654
1112 1843
1150 2670
2649 2574
1687 1777
3512 209
2428 3947
2941 840
3829 2323
3327 3220
2265 2197
357 2260
3190 3881
3827 1089
1115 2374
2516 2423
73 588
1464 398
2057 2948
2953 3975
309 838
2478 1810
3416 2784
155 291
3878 3835
55 380
486 3436
62 2176
2905 1305
2249 794
3039 2066
2713 1550
2727 3589
1764 3862
2619 2849
447 2687
522 316
2322 2331
3828 3678
142 2464
1139 1792
3617 2540
2826 16
1670 2447
19 3535
1539 3791
364 3906
610 1507
699 710
1694 2024
1072 1898
2927 574
478 370
3049 2322
2638 856
895 2748
3201 419
2043 2441
1756 1018
285 1870
344 1855
1003 2118
2533 620
1685 2206
29 1950
3839 1081
3860 2034
1818 3181
2365 2727
3144 2226
1471 1816
2009 2138
2096 2467
2902 3838
2047 626
450 2547
1183 2994
2864 1060
1601 3740
612 2942
149 2295
3510 46
145 2024
1026 3819
2010 2286
3401 1496
3803 3588
2943 3062
3450 1984
637 2143
252 2786
462 3933
2767 698
280 445
2649 2982
3480 1194
1269 861
3379 1606
1977 174
3553 3047
353 80
2562 2916
584 2940
3120 150
2219 3779
654 3877
1811 1152
1919 262
165 1696
1823 2628
3685 31
196 572
501 1261
1068 427
2247 1415
2810 482
2133 2481
3137 720
1317 1445
2079 686
1548 47
2704 3383
3616 646
1522 268
3516 1653
3539 35
1661 1991
1747 429
3074 2376
1306 442
2229 2810
79 1102
3837 2679
173 1867
1708 2530
2265 3117
808 2569
2441 3443
1014 3054
719 1619
1497 1030
2000 1083
1518 1333
2495 1141
959 40
1703 1912
2243 2054
1247 1632
2644 1651
3072 905
2290 2399
2199 1264
2004 2420
3342 275
959 2688
1411 2600
1287 258
3333 1708
789 55
1049 3205
423 2343
1825 1834
2241 3560
744 3818
491 3095
569 721
2334 1069
1487 177
2855 1848
3821 1299
2254 1107
3947 42
3536 3819
1640 863
139 1134
1934 2344
3405 2263
2075 1957
1036 661
2971 2227
1075 3789
476 1923
1527 1205
1864 3309
1475 2016
1960 3774
539 1110
1803 3057
3091 962
540 1699
3860 1690
3885 2573
3338 192
2187 3108
1948 1112
3634 2893
2732 1121
658 1854
3032 3902
558 2441
553 1659
423 496
687 2293
1478 879
3474 349
1084 2007
1678 3894
2945 269
2413 40
2219 1068
2302 918
2343 3227
547 900
2955 106
1288 449
3169 485
1560 474
3831 2888
114 1039
1753 1531
2105 3847
3409 2962
3867 3952
204 2428
75 2818
1407 2576
2901 1941
2890 2052
3712 41
2432 2831
1803 1718
2827 1086
1932 3974
985 2233
3675 2299
2621 1899
432 3173
218 468
3979 2942
3875 2442
52 3109
2574 2705
3833 961
2405 1612
1200 564
2466 628
1918 1794
1707 290
1361 2674
1579 2743
683 2650
2113 2044
3605 560
3581 2311
3607 3942
2419 1443
1513 2189
1015 3521
2132 2585
2970 2882
2626 3858
1180 3733
2016 3057
277 1097
3505 3177
554 3547
3856 14
2081 2873
1021 372
2563 168
2760 4
2810 894
3063 3796
3007 1513
86 2768
2343 315
5 160
2104 333
3605 3852
2747 616
3582 296
1234 278
2827 3404
2572 3339
3425 2542
495 826
2439 2978
833 214
490 1592
2877 3859
1476 2741
2066 3149
2423 1478
3205 3416
2580 1932
3213 1251
252 2151
397 1142
736 2965
1606 663
1865 3287
1794 3875
858 1175
1484 3131
3487 3826
1764 2079
3655 369
3167 2402
2386 1975
1439 515
1570 3536
2325 359
297 3916
1180 504
3674 1449
1214 2103
850 887
3110 1450
3905 3333
2322 2428
3158 179
2833 3543
853 1942
958 2041
613 2224
702 3218
1856 2907
1421 2979
2319 2142
2595 2469
992 2736
2397 2975
780 132
621 1679
2997 1290
1188 1659
2645 1176
2932 3124
2771 525
3168 3072
2097 659
478 3356
1413 3797
2605 2091
1641 2838
2750 2772
1246 3567
1786 3631
2136 755
120 3641
1523 3916
1340 1389
1110 3158
2272 2494
19 499
1682 209
1342 2021
2256 614
734 370
1243 484
3646 3340
1429 1441
3909 3284
2856 3202
2282 2042
912 1850
300 571
3574 2096
3102 1714
2215 1157
2072 3084
2356 620
1467 1435
187 2661
3772 778
892 511
2468 1679
1682 3899
2503 1088
3639 1549
2872 1707
1831 537
3454 259
523 907
989 3652
781 2267
33 1542
1367 1912
2715 3558
2816 3576
3328 3229
2703 2498
1031 1743
1531 3096
648 3516
1359 1070
2530 2933
1176 3409
3909 3348
363 833
588 2933
648 3261
3695 1500
3128 900
2831 3546
2468 1449
3902 424
894 1726
1467 1019
3103 800
2007 2646
317 2546
2069 3456
1989 3610
1001 3717
2957 2843
3093 2835
2912 658
555 3865
2409 487
1569 2457
569 1695
2184 2729
2703 1495
2405 1853
975 992
398 56
2300 605
2544 1143
838 1976
3923 3596
3259 3636
609 3611
1609 778
692 1371
206 1211
3526 1352
3364 3962
2093 3494
3304 90
2760 1898
3300 2215
2482 1959
311 304
3825 1056
178 1331
310 2052
1284 1749
2192 3124
1817 2438
1324 129
354 1156
985 2946
778 1841
521 2342
3238 1383
335 3249
716 164
450 96
894 412
2680 3743
1909 570
1280 1713
2012 921
3516 3902
901 816
1404 3169
1669 2999
1926 1490
1311 64
3755 2852
3184 1458
2003 2039
1359 1377
1452 1594
39 955
1029 3549
592 2836
1370 2244
2345 1597
624 3763
3799 1137
1641 712
1308 352
883 1173
76 2077
3310 1684
1327 2948
2879 256
439 1307
1565 2536
1493 1968
3860 980
232 1019
2016 2375
3132 1272
1147 745
377 3256
2537 2996
3060 268
1670 3181
2551 890
535 2102
938 2448
1117 3063
759 3894
2126 1379
1380 2002
3231 808
2118 3855
796 1339
3297 485
3892 3549
2886 581
2273 2883
2225 3654
2530 543
398 1807
3532 222
2467 560
2726 66
3106 1277
744 1854
158 2252
3580 1205
1872 1803
3941 1248
863 313
3233 3956
800 3057
3497 1407
1208 1300
545 280
2054 1948
868 2308
3469 1554
2565 1234
901 2227
809 3480
3208 747
3712 2876
683 2326
3254 2015
1163 212
1601 1494
633 1539
678 2418
3789 129
1026 3271
3914 3317
2547 849
1188 3270
2426 3915
2245 3451
1053 2229
1409 3579
1359 302
3694 1518
58 2570
2592 3820
1447 979
1154 3221
3471 3314
2419 2249
3063 298
584 650
1367 3518
781 54
1061 1079
3266 883
2652 3879
1028 1900
3540 2672
3823 560
1005 3903
1856 1300
3166 1740
3139 1291
1991 419
1483 2818
1481 179
113 3758
1738 1384
108 3882
926 466
2973 2445
2406 989
2814 2388
1396 91
1633 3841
2564 1943
2935 2563
2582 3185
1891 1938
3186 97
2035 1098
255 3396
3638 3849
1793 1245
1454 3013
3836 402
3267 2037
780 3277
3447 3747
1047 3276
3253 1593
3490 2009
2491 1085
1997 1779
2482 683
3703 967
552 3706
102 3353
2451 1271
770 76
966 777
2511 1519
3727 1237
2468 1402
1241 3586
3834 3623
2203 2366
2027 844
104 3305
437 1124
1591 492
3171 13
2383 3236
619 1210
3117 1132
1106 1730
3623 2853
613 971
3798 1220
1888 2952
1869 3505
659 3887
2907 533
582 1180
3723 76
2147 1398
1514 310
3449 567
499 1928
1155 2343
2574 833
3546 1060
3494 1221
2699 1931
1952 2859
2941 3044
3119 632
2457 1113
1096 149
418 2080
146 2164
3935 1270
1870 914
3284 2121
3603 1952
715 1768
3290 836
1129 2576
3258 2691
346 3249
1434 2828
819 77
694 2328
528 3890
1750 3181
3287 2343
839 2683
2512 1253
3035 1721
2758 2908
3085 3786
2071 382
3032 2229
2416 2597
1995 3040
3555 517
827 138
127 695
3755 2692
544 3329
508 2583
3975 2341
1436 1867
946 312
306 2563
34 2526
1361 311
843 1183
3747 351
2643 3538
1351 2116
3968 1460
896 3928
930 1404
935 3872
1315 3719
1311 354
3827 2369
569 1665
2547 362
1027 1303
1226 2143
3280 3368
2724 1356
3334 689
1330 2411
1978 337
2142 3331
3978 549
1294 1878
498 3965
1356 1136
3034 636
1374 1957
3615 1183
1896 173
166 2472
1661 213
450 3025
2081 384
3169 3231
2638 2369
558 1560
3502 1922
3245 3766
332 408
3628 2387
3035 3714
2502 3432
185 1372
929 2825
47 988
380 815
2443 2025
1343 3337
3593 3952
1273 839
2925 3724
3634 105
2110 3649
2561 2819
3500 2071
2074 2167
2167 1694
191 1339
1721 1037
3823 2852
2182 2293
334 2207
2657 3526
2922 3550
3523 2226
3535 2325
821 3954
2937 2249
3275 1890
695 3783
3938 1679
17 292
3428 2684
700 2302
2865 3268
1918 3913
2307 3399
859 1078
2489 1405
2551 1066
2567 34
3119 783
1053 3317
131 635
2559 1301
1857 2940
761 1089
2958 935
1549 609
3937 963
3560 2660
1149 932
384 2308
3580 1388
676 1977
348 1058
954 2188
1874 2548
1564 3757
3539 1640
2350 1008
1664 1671
3089 2457
715 117
2771 2621
1881 1406
3972 1921
3218 1247
2360 3715
3429 2278
2793 1409
2658 805
3789 864
283 1085
1726 2341
618 562
2643 2185
1369 3146
1888 3494
3119 999
373 1163
824 3397
1911 2499
3617 3100
3691 3132
3514 3275
1479 1972
3113 3973
566 1068
2144 3727
2763 2217
402 3114
2253 2753
3311 1617
596 504
2652 3156
2770 1655
957 3107
463 2356
411 3079
24 1846
3310 2052
1284 3339
1331 1919
3609 3436
691 3384
350 2616
2646 2192
3806 48
3595 783
104 192
3284 3305
368 595
1377 2971
3135 1000
2902 1215
483 2432
3020 2157
2152 798
436 1502
3576 2014
1205 317
1764 2657
889 856
2353 1325
2251 763
1623 1008
2085 570
1423 912
2529 739
2280 825
3865 3135
1518 631
520 3788
3237 3114
3100 3362
3034 1747
1880 2330
1299 1847
1423 2600
3242 3316
952 1467
250 2944
107 2842
756 2280
988 1056
1028 2946
2246 1034
519 1684
393 255
3753 2461
2294 266
2449 3679
3816 3621
1603 2471
1868 37
944 1962
1568 2716
1272 2053
2893 3260
2099 4
1402 3149
2806 458
2348 2353
3600 662
3585 3569
2797 2826
2100 3406
2410 685
3289 474
1512 3121
911 1532
3447 3748
2337 3553
2664 287
1430 1643
1473 1955
3492 3498
1218 3181
824 1985
1416 2065
1914 1415
2426 820
2811 1887
1436 2514
1992 87
3240 522
2649 3230
2303 2917
2197 2852
1562 751
1797 1702
1416 85
2370 3766
3320 293
1926 836
161 1141
557 459
1068 1825
1324 3371
454 1223
517 3190
3083 686
1967 3847
2685 244
242 3068
425 955
3688 2269
3630 2122
2495 3647
3718 2170
3862 2775
2060 801
3714 1643
650 3893
1734 2920
558 1453
1395 504
2361 2766
1071 134
77 2889
2816 1486
3037 2221
187 1649
1924 2636
3102 1715
907 1669
1264 1777
640 3527
2950 2544
2339 3273
1606 1648
3635 3856
77 1296
3274 1789
726 2646
2209 3089
3907 600
251 2204
1964 2607
813 317
2143 3711
2031 2437
3540 1271
503 3588
3603 2699
2001 1171
2438 3313
3946 3174
2436 2455
1643 108
444 1669
728 1713
681 2288
3773 2999
316 2244
1035 2531
3836 1807
2690 697
2422 663
3651 2225
2058 1851
498 703
3924 780
3532 1815
135 696
1492 3190
2407 3193
204 2659
2161 463
3367 2410
2982 3394
3582 3481
433 2816
494 1820
2539 2028
3607 847
90 1916
1061 2999
1072 2087
2759 1991
75 2767
1263 2662
428 2272
2154 1709
1343 831
732 3813
1109 338
1947 3729
1282 943
3651 3072
1532 3746
2475 1881
3232 987
3234 3676
966 702
3576 3847
3633 1360
3839 1314
3850 2745
1725 2930
99 1306
744 112
1322 744
1589 1944
3297 1629
2876 3331
118 204
2697 2528
3269 2131
2871 1329
2615 2588
3281 3286
1252 1862
1563 3305
57 3428
3025 118
1100 627
915 3367
14 3251
3212 3601
1176 3645
2233 1444
766 3761
1052 3816
2810 2074
3539 2465
2949 2519
2852 1617
916 1400
1043 1399
317 1820
2040 844
2767 2637
3966 731
3204 245
3749 2038
3036 3525
2776 3770
590 915
3393 1775
708 460
1323 3112
2970 3037
630 2255
520 2873
1366 1573
3601 524
431 1303
3310 3514
2618 3512
278 1943
1444 2762
1676 411
3412 1551
379 1605
2287 1024
767 620
3196 3016
1666 2711
2722 723
2600 2576
3356 1222
2685 913
2216 2865
1586 3084
67 1415
3848 3739
14 3748
1071 3771
291 2383
650 2275
2020 3012
3693 3152
1749 1575
2060 3408
288 899
2585 3871
1657 2411
2605 39
2336 1990
3787 750
1500 1781
1473 594
3402 1939
3710 1316
783 947
2812 3727
2696 547
2435 83
2045 2686
991 3436
461 1662
284 2528
3445 1039
238 1951
2252 1286
3740 864
575 3345
2955 450
436 2513
147 1617
415 3706
2493 2837
879 3039
3274 450
626 1180
1162 1688
3819 1346
3236 3071
2521 3037
678 1918
3562 2905
2441 2441
3778 2581
1591 1548
3017 369
2419 34
513 535
2209 695
1857 1336
3643 1418
549 1254
752 2943
2506 546
2358 2592
1426 1734
2463 533
3795 2653
2637 3191
491 2055
2555 1328
1094 1124
2410 3905
3052 2550
641 241
2038 129
1058 2490
3197 558
1905 1391
604 3741
1211 3740
2630 1165
2061 1513
2841 2523
1113 1212
3891 400
519 3388
2870 2717
3638 1555
1267 3388
3099 2300
2878 1099
459 226
287 3796
2870 1673
1120 2489
67 1334
1321 1769
1619 1995
3414 1333
1086 2591
1831 978
1421 609
163 1864
2660 2992
3488 544
184 841
3676 3241
512 53
1765 537
1312 3729
1947 2207
891 842
1485 2173
1126 3847
1731 2124
2543 2288
3493 2636
1451 1029
1936 2808
56 3317
2176 2854
412 1904
3071 2798
3796 261
1237 1380
1483 1496
1655 3809
2415 611
2390 1659
1000 1443
2135 2320
2100 970
2658 1490
1772 2530
3218 1606
421 1318
3924 1593
1592 375
64 2055
2483 2225
2078 3935
2754 2145
2428 195
2622 3317
2636 3083
3462 1741
3107 2720
1269 1483
105 682
2342 676
1236 1639
3 510
3758 2368
2995 3871
3267 134
2903 3904
3452 262
3572 472
224 2784
15 1099
376 3194
2848 9
279 3196
2400 2210
2676 2149
1459 1205
2435 505
1439 3976
675 599
3905 966
738 603
3305 3175
2384 2711
718 3684
2749 360
450 2110
1338 457
3657 3343
3074 2084
3957 1580
2440 1908
3139 2287
3932 702
3571 2120
829 3896
700 3281
1078 2254
3939 1153
1844 599
2682 1216
2518 400
2785 2681
2121 601
2905 2116
3487 617
264 92
1775 2624
2904 3005
3575 3597
2277 1446
