4600
948 711
105 171
876 48
212 971
353 910
494 620
265 797
246 555
505 815
606 718
209 902
964 17
565 271
3 159
774 36
699 271
622 662
615 537
863 788
152 776
697 347
476 199
435 161
192 440
226 353
316 884
198 105
154 822
42 123
119 635
417 149
342 384
138 734
962 766
259 615
821 498
91 393
688 383
960 842
624 627
781 53
53 775
895 941
239 636
399 774
960 24
599 570
605 879
88 769
790 250
984 381
452 371
422 794
333 945
906 727
279 974
977 113
529 740
539 376
109 154
69 81
365 897
283 190
542 301
818 205
723 233
504 683
68 381
859 502
932 864
342 541
184 858
71 801
662 860
678 81
188 303
652 29
760 645
715 228
725 687
693 326
811 839
294 729
286 725
575 599
422 506
827 146
199 577
114 124
607 780
816 545
559 511
595 168
178 374
984 129
19 875
99 755
483 372
966 340
841 983
383 105
747 976
646 744
686 551
437 899
189 648
401 159
475 862
231 385
550 776
844 765
342 518
943 887
1000 338
897 591
486 791
178 675
485 912
981 999
505 890
987 893
795 314
771 106
486 382
388 979
663 15
282 732
342 783
45 905
309 606
947 219
889 98
731 415
265 908
106 506
377 66
943 743
938 399
733 933
850 286
876 424
86 39
484 723
606 420
689 863
243 102
223 273
428 642
458 176
478 234
610 390
377 331
133 645
20 588
738 984
4 351
594 445
675 290
781 537
822 309
319 97
204 296
722 896
317 173
147 16
859 227
438 54
107 363
379 642
80 754
531 776
610 691
38 120
539 222
815 40
616 734
344 275
568 694
10 924
857 531
977 862
754 30
189 926
331 601
716 412
836 328
895 414
41 768
977 224
907 388
322 409
456 601
442 325
180 554
983 792
906 429
21 152
820 914
780 698
273 107
875 441
405 263
423 311
403 482
682 800
739 288
315 369
785 404
846 5
693 666
443 820
946 995
245 310
374 949
231 375
725 618
134 559
780 325
52 669
172 585
364 81
725 389
711 225
798 230
918 146
824 102
1 852
441 221
527 373
215 403
220 747
642 885
664 644
993 554
102 346
581 875
545 49
203 923
990 665
83 778
363 158
776 327
283 952
215 897
220 109
313 157
938 883
406 119
99 722
225 718
260 410
578 985
677 964
480 41
215 524
87 604
186 875
692 189
220 459
69 964
755 654
977 587
504 663
783 981
260 940
670 924
750 804
18 769
885 849
487 839
402 615
787 197
440 727
439 948
236 848
503 29
185 357
776 798
676 860
768 40
164 828
170 759
959 16
884 251
849 522
124 383
513 195
434 51
443 774
534 138
635 41
657 617
600 83
272 892
465 267
394 881
333 493
981 40
403 63
563 955
708 290
632 560
525 434
578 589
874 322
633 116
368 636
783 549
6 512
42 960
27 306
111 794
532 558
665 593
105 262
278 333
215 622
328 828
660 106
492 113
859 315
387 734
95 68
170 736
295 767
850 86
89 253
597 809
433 63
334 844
36 247
201 580
351 30
291 882
283 124
333 241
427 397
178 367
362 942
975 382
498 686
591 914
313 412
594 16
26 53
181 750
763 877
6 669
177 896
408 649
678 244
832 73
830 378
331 316
802 167
619 603
875 300
148 609
477 519
302 667
163 180
598 400
554 968
221 450
979 766
27 319
642 852
813 999
924 421
781 638
807 510
434 185
480 152
531 612
491 539
102 349
700 304
387 976
988 442
754 275
835 349
265 721
654 682
376 854
199 138
359 127
643 35
508 219
773 639
323 582
440 838
89 86
854 972
411 57
452 812
243 818
589 409
189 847
539 588
608 422
700 834
963 241
198 258
884 97
983 219
301 42
876 93
337 373
629 481
721 893
32 640
442 246
908 948
313 510
281 966
144 323
64 214
786 464
62 290
166 756
368 711
691 312
730 569
193 593
684 273
392 839
26 187
65 444
404 664
891 257
516 954
158 815
902 123
74 529
175 432
65 938
862 248
610 360
73 155
985 157
775 576
423 762
553 383
486 293
490 443
912 401
743 480
434 548
185 710
175 962
658 930
536 150
338 431
433 174
577 447
500 84
292 55
619 184
13 640
238 987
978 382
60 77
460 542
217 406
878 789
143 340
570 264
108 90
559 929
992 402
159 321
348 71
337 736
716 238
877 192
220 825
215 481
76 960
655 902
449 239
791 268
403 43
874 940
527 716
777 370
697 261
1000 936
210 631
181 982
244 364
479 267
730 523
536 392
744 192
19 282
726 144
322 994
595 478
682 891
195 135
982 631
316 16
950 153
874 423
302 755
173 870
703 770
588 969
371 68
535 814
262 390
82 868
576 357
619 956
277 698
737 274
535 399
440 167
883 99
505 562
828 163
686 308
298 83
647 237
845 481
964 847
756 818
259 915
651 616
575 248
560 763
620 628
222 618
710 967
499 338
874 544
535 32
657 924
697 768
174 727
186 930
571 363
95 254
433 658
42 773
42 544
93 64
412 455
442 743
542 830
740 320
761 114
589 533
56 936
530 218
490 145
542 421
487 485
178 553
257 846
39 129
294 90
17 456
195 642
149 346
152 909
615 670
800 981
791 258
473 586
739 68
836 409
66 348
289 914
560 740
336 846
256 737
949 286
638 165
931 9
405 717
389 858
36 325
736 816
295 436
888 47
964 680
272 718
776 480
928 757
144 532
638 21
43 629
10 452
594 323
403 792
389 894
873 678
775 255
161 621
793 160
142 199
113 401
535 539
943 742
654 639
414 249
936 474
254 31
309 870
69 394
732 558
66 734
814 219
843 920
548 886
6 603
426 897
601 749
670 354
519 185
257 859
116 591
376 896
332 215
676 25
293 632
736 564
280 699
404 994
76 109
526 840
585 926
444 950
140 130
800 585
15 773
20 888
777 867
800 176
674 854
934 405
316 392
611 160
888 963
828 912
469 305
149 215
812 150
127 47
419 484
367 294
355 994
118 227
561 159
392 616
267 881
142 850
804 969
526 58
523 312
78 685
228 364
979 412
333 417
792 177
934 935
98 434
947 725
688 385
9 442
455 34
629 824
365 369
935 342
71 8
835 175
727 84
730 647
405 33
159 121
85 580
450 184
73 197
240 374
350 771
608 212
320 74
664 787
951 880
794 933
908 918
243 873
359 447
64 413
890 492
738 852
574 484
659 708
72 237
125 100
87 662
859 504
873 259
350 218
529 598
823 816
206 582
816 691
184 680
602 439
587 539
414 239
955 706
551 882
340 24
985 320
390 519
543 798
733 513
76 243
846 570
587 804
761 840
206 209
2 559
318 536
94 642
979 919
115 436
408 838
633 53
386 670
828 637
677 325
90 528
842 541
41 901
797 161
297 369
229 314
650 636
196 137
407 729
458 960
861 819
161 853
119 182
697 159
608 81
311 532
275 695
796 955
844 623
366 962
799 206
138 317
525 348
377 333
623 474
137 617
311 653
999 990
95 620
674 147
617 845
678 675
578 359
540 67
122 457
790 916
232 854
904 609
462 413
796 667
20 217
143 925
836 474
795 64
168 689
566 241
955 202
698 397
852 455
923 744
797 668
559 876
537 34
481 511
232 481
560 841
144 368
448 105
535 110
280 149
291 158
67 679
12 743
899 386
915 251
168 316
904 501
669 747
11 598
568 552
552 162
571 441
944 394
917 440
435 22
941 797
79 244
241 831
507 276
697 28
460 201
758 532
257 250
631 348
123 924
988 994
428 248
753 862
662 564
130 591
10 409
967 562
223 373
611 369
901 208
924 600
309 333
759 124
172 407
188 946
846 766
663 910
522 971
633 393
945 659
177 113
907 367
127 292
974 277
365 987
74 286
261 112
360 234
215 670
620 310
225 949
67 512
605 187
963 649
707 872
137 607
307 344
487 311
202 965
278 466
483 835
428 899
543 886
285 325
304 604
37 111
579 314
409 657
316 578
509 335
802 588
594 522
304 869
265 383
882 580
616 955
408 926
41 495
787 199
410 212
894 182
561 610
262 988
456 99
567 690
858 79
957 201
504 750
519 384
313 136
492 367
264 652
200 933
53 734
828 990
355 398
70 674
256 10
577 999
211 533
376 457
524 355
44 621
97 776
128 126
352 737
376 48
90 737
722 456
532 704
365 856
226 289
781 362
68 569
615 967
103 447
40 507
66 645
454 641
7 330
153 384
625 788
269 595
37 209
139 894
863 171
583 791
512 502
519 132
995 470
424 389
420 10
32 688
228 334
472 960
136 71
951 549
304 967
807 764
151 230
109 499
468 926
320 8
897 694
882 714
139 341
75 851
327 312
284 616
482 106
246 324
70 507
708 269
520 69
605 671
340 776
710 724
865 747
623 719
372 994
793 84
770 509
275 158
927 84
544 920
367 241
456 53
701 495
930 89
617 7
359 237
485 462
576 909
503 659
941 247
181 608
259 973
615 571
781 869
428 336
363 127
875 796
134 649
288 478
637 595
300 681
310 200
544 138
838 356
204 893
26 212
453 694
594 404
9 654
284 593
257 639
477 871
105 362
502 815
282 403
931 440
261 200
579 775
232 173
218 238
179 921
89 124
772 532
995 195
715 815
92 773
146 515
712 252
779 162
122 450
958 951
159 454
513 537
208 984
671 894
210 270
650 17
994 352
883 893
631 678
229 140
680 979
80 160
704 253
972 333
913 18
569 208
372 454
777 94
626 599
611 699
953 957
90 210
773 618
649 991
967 483
973 414
724 347
373 827
362 260
675 720
645 203
131 885
626 864
666 671
206 12
366 379
146 901
109 345
561 963
588 608
525 897
23 650
425 730
661 412
562 61
402 826
95 446
926 603
718 574
165 770
316 414
367 725
326 724
672 49
356 221
304 31
737 407
75 962
642 664
60 79
624 121
111 390
997 254
957 181
599 473
265 448
27 131
237 386
119 888
833 231
804 353
935 773
518 521
594 214
825 821
419 133
215 483
915 77
824 447
304 152
765 361
819 189
566 826
3 569
88 793
73 893
473 189
423 597
94 687
736 828
557 597
309 532
201 441
325 211
48 311
582 770
714 846
640 860
324 740
141 130
881 694
784 87
500 328
601 2
366 248
587 970
323 286
945 449
715 661
683 449
103 777
775 532
567 503
338 531
189 551
905 907
454 742
10 994
546 974
961 924
706 963
374 224
930 442
213 127
341 950
758 744
316 777
566 394
304 394
578 368
463 567
585 35
25 192
361 290
431 843
260 58
284 452
770 983
868 472
7 552
810 876
993 503
976 5
980 155
513 769
756 676
733 18
901 914
613 627
185 329
138 483
844 151
433 22
820 431
249 579
564 362
226 861
501 800
179 371
136 967
830 481
794 824
528 259
200 314
373 385
552 616
787 519
909 216
759 686
127 589
13 753
717 540
812 283
397 41
761 875
267 340
138 604
402 793
170 178
917 979
708 985
724 435
917 750
660 945
98 796
932 384
847 771
262 755
728 325
121 816
626 543
534 51
196 172
190 12
362 204
537 56
733 934
425 818
252 481
54 762
737 904
349 679
929 171
148 509
461 591
744 534
462 327
689 455
512 822
580 548
53 128
142 731
211 336
885 775
160 599
310 278
290 220
470 416
210 865
611 126
600 791
172 54
946 116
876 317
124 453
445 359
963 56
739 577
41 684
23 895
636 713
895 824
459 788
539 668
577 923
320 364
190 663
159 267
412 447
105 296
775 499
326 115
845 823
35 231
354 771
810 722
37 686
162 192
989 724
91 806
436 166
164 610
248 869
265 513
192 300
707 629
251 386
275 743
261 808
183 251
407 633
941 158
773 202
702 816
643 730
797 788
547 793
255 850
324 455
752 902
531 296
941 14
513 507
323 904
151 154
500 308
934 649
225 189
807 50
680 95
503 462
889 763
366 722
754 718
770 168
821 479
940 845
4 77
121 662
499 199
655 187
597 591
999 485
439 154
903 926
931 616
376 214
937 510
390 786
789 303
332 436
252 327
46 79
885 765
976 129
65 995
867 222
290 210
733 142
192 807
820 110
671 167
389 189
562 489
474 376
30 250
296 635
969 355
83 262
431 414
496 809
850 892
766 404
758 400
204 817
848 739
22 889
101 804
805 103
614 572
379 260
264 193
873 94
800 927
606 833
20 327
61 853
549 33
371 521
355 842
581 251
365 361
102 396
944 828
183 470
503 331
705 137
138 584
673 742
265 359
391 355
964 891
827 248
513 726
429 238
205 201
491 707
225 179
270 330
802 865
305 962
380 876
858 500
669 713
785 287
422 235
124 770
327 226
373 571
6 140
670 794
615 858
990 18
446 183
990 921
249 163
454 532
853 12
423 953
34 95
494 339
298 284
956 141
848 199
510 698
397 263
942 880
778 512
618 231
577 193
347 820
568 410
204 771
797 382
90 520
543 237
219 634
160 844
659 677
258 333
775 214
66 657
104 949
116 20
559 181
777 31
901 704
977 205
7 607
579 424
236 430
181 643
240 958
966 684
538 14
791 194
723 554
340 258
455 245
633 660
693 382
746 537
172 939
776 825
109 102
529 459
163 976
606 908
989 560
625 921
808 368
565 232
336 409
133 724
550 518
675 778
921 16
90 762
325 665
831 208
430 309
321 780
130 17
111 821
955 14
907 117
728 789
677 186
877 769
817 309
620 289
602 12
537 520
856 157
492 140
168 308
16 934
489 629
92 435
992 197
622 335
670 146
887 818
94 853
608 171
228 853
605 431
933 376
316 328
649 617
631 340
503 383
195 267
561 504
548 305
104 265
10 221
799 561
671 641
122 462
110 79
332 946
101 110
788 897
47 139
210 920
529 557
775 698
497 870
320 154
339 167
221 935
914 484
110 344
412 237
412 911
811 391
510 171
783 180
344 776
868 782
486 451
406 342
725 733
304 331
736 742
967 266
27 431
609 558
253 365
668 464
175 940
192 355
483 827
883 123
564 672
818 817
312 945
481 866
374 172
513 706
898 517
853 100
394 489
32 402
924 389
496 128
868 903
974 655
635 143
46 831
218 757
886 133
761 776
408 280
481 84
655 157
186 990
858 745
264 235
897 673
762 628
803 629
383 43
237 892
104 628
821 534
122 825
549 75
940 491
333 716
711 402
100 285
37 574
113 304
932 141
564 914
988 567
902 235
583 747
309 544
241 489
242 454
683 605
652 209
675 601
174 319
528 173
448 64
191 259
675 192
837 25
809 43
935 268
106 709
981 155
105 750
727 913
548 645
170 730
373 564
186 558
78 467
863 428
307 964
251 395
217 253
92 896
361 675
406 826
253 355
610 184
886 2
378 615
668 454
882 526
734 399
124 210
478 293
615 707
460 919
763 691
788 635
804 463
858 205
227 73
308 147
147 193
178 446
900 22
775 665
144 533
689 104
955 632
489 982
158 59
732 474
211 214
995 439
198 769
349 184
900 961
637 996
34 29
932 10
99 9
385 366
396 790
635 398
210 105
430 374
668 840
373 806
53 536
518 78
714 956
922 985
119 481
537 994
457 885
737 265
454 93
11 161
968 543
82 450
582 916
893 778
556 864
132 945
839 578
516 562
193 695
697 494
838 204
865 307
778 73
911 45
980 782
955 609
534 207
110 962
985 488
956 690
278 366
630 705
306 873
355 586
635 640
704 245
486 660
242 974
457 862
614 208
201 564
256 463
317 101
691 391
461 603
968 965
441 545
568 586
824 426
216 18
244 754
361 256
763 187
979 40
496 975
881 408
493 183
17 74
679 273
538 334
714 151
416 308
240 640
834 67
658 250
573 700
496 337
82 54
309 102
66 195
383 805
741 513
114 909
430 737
549 837
156 268
38 807
45 666
382 351
279 604
956 703
682 463
65 644
439 742
628 492
576 73
959 857
368 947
519 176
171 24
600 21
186 790
935 765
663 306
725 955
550 20
807 579
267 980
455 951
932 759
632 318
148 534
669 794
547 805
70 731
867 895
580 573
461 207
519 706
895 548
281 914
700 638
470 850
46 114
520 113
435 972
581 129
928 87
782 936
238 55
634 809
315 418
40 299
617 460
799 351
492 725
801 806
130 638
268 980
812 815
142 841
17 352
785 44
234 21
940 592
544 735
26 809
124 69
892 515
946 635
947 222
579 204
747 197
613 871
151 660
31 744
420 705
492 810
840 770
492 581
433 495
248 858
265 273
116 559
42 381
389 754
477 601
107 739
470 562
985 599
981 220
850 554
941 147
408 358
423 975
250 675
21 852
786 798
101 924
206 223
701 431
990 305
796 174
343 723
443 810
446 470
369 595
458 444
853 708
963 22
171 122
174 276
976 635
183 770
42 502
80 757
986 865
475 878
87 653
301 762
240 895
631 637
640 191
784 321
485 699
59 182
45 18
563 847
199 76
613 210
80 613
725 680
365 108
366 73
609 60
464 725
257 166
186 780
751 409
202 230
636 571
852 83
378 801
46 477
189 111
253 132
90 254
561 922
72 794
595 835
888 908
993 207
302 173
428 20
877 261
214 734
889 235
627 86
957 778
983 916
25 655
623 344
584 798
673 610
962 484
127 931
676 127
367 949
399 227
371 245
794 119
142 193
108 51
518 35
173 409
883 456
197 766
636 319
661 492
960 825
190 498
723 998
620 82
853 433
357 346
152 880
22 276
895 21
483 342
264 38
473 786
346 602
230 836
158 402
756 357
790 233
118 100
148 766
1000 717
573 235
752 652
485 159
213 603
233 581
301 307
349 118
895 551
404 808
761 471
33 901
784 949
387 1
438 312
656 800
693 44
176 312
352 797
503 441
342 344
699 990
522 311
85 273
192 27
996 230
354 992
52 770
970 995
24 34
234 518
833 432
958 841
81 159
737 235
880 958
490 852
147 778
284 375
480 21
114 601
423 304
314 626
941 379
744 359
365 857
399 770
129 92
39 427
493 634
294 159
866 730
896 264
671 820
488 964
823 280
378 912
603 356
648 507
711 712
737 850
636 947
259 997
678 535
566 65
688 994
932 680
979 383
100 415
197 756
400 298
81 810
791 857
894 461
180 560
855 878
214 436
162 246
11 602
649 364
302 140
517 65
502 165
257 663
170 366
838 645
646 969
502 201
265 603
458 918
363 946
814 553
939 59
957 107
341 778
943 29
993 295
917 565
863 594
712 770
668 355
388 975
164 327
139 908
46 192
428 782
579 426
868 300
378 107
187 576
130 42
537 280
601 710
759 703
218 792
314 122
150 923
724 106
395 625
989 526
973 847
661 315
646 452
93 797
786 346
22 99
841 956
94 204
391 985
806 181
29 898
85 384
35 792
359 395
553 638
660 472
15 734
217 311
942 450
855 302
41 643
300 983
95 434
423 379
334 716
787 167
802 821
306 797
837 662
871 655
20 669
188 253
624 60
541 520
223 619
402 621
39 947
755 71
833 399
268 770
683 869
821 16
411 181
57 852
854 867
96 26
90 620
230 780
788 513
370 903
625 635
416 641
988 458
572 629
717 718
557 500
325 114
259 843
797 747
107 300
578 968
232 560
524 997
690 355
508 756
592 723
796 144
724 613
280 902
246 760
28 272
985 654
930 718
43 809
166 471
485 862
564 926
461 10
638 875
776 22
163 582
588 200
303 476
88 817
264 368
787 409
441 181
897 577
614 783
422 433
611 183
775 700
263 934
537 5
494 272
262 969
209 963
989 660
356 896
323 719
524 709
351 409
425 358
701 113
555 962
361 831
674 913
279 878
985 546
883 269
343 899
289 842
273 80
518 522
789 82
226 5
67 735
88 529
651 377
441 567
109 997
802 546
349 75
960 903
314 871
819 635
855 292
926 581
449 507
144 954
330 327
220 684
836 687
193 730
709 732
538 356
335 176
596 68
119 143
712 737
608 42
945 859
503 892
826 350
83 980
449 134
162 864
292 336
876 207
646 419
338 303
363 625
831 730
536 696
37 46
248 638
380 943
22 66
828 804
72 561
491 810
92 18
812 716
364 440
998 89
914 355
392 279
352 960
233 780
715 783
733 163
489 477
267 364
644 85
560 766
232 406
271 663
672 678
731 764
539 414
543 942
902 237
478 318
1000 543
395 549
469 498
908 280
282 263
38 577
303 57
223 851
577 934
152 153
4 26
277 413
919 820
937 868
503 905
254 695
67 460
893 273
239 566
105 343
485 335
131 215
787 291
863 515
385 247
1 779
261 855
115 472
302 627
870 819
507 767
699 263
544 914
204 586
186 43
495 878
31 923
912 672
500 993
515 856
911 564
86 859
649 936
787 3
29 999
360 424
12 272
41 973
327 247
4 268
127 976
640 478
300 1
682 66
481 979
793 199
426 900
644 219
286 511
205 523
301 231
295 825
91 421
370 739
952 866
625 471
141 687
993 638
21 213
506 779
369 136
36 979
783 499
360 545
134 90
447 321
334 264
706 810
616 13
302 869
836 16
383 565
614 318
389 645
719 334
764 522
912 649
562 945
423 192
911 541
25 448
249 76
877 548
723 261
21 743
948 608
794 550
411 632
432 426
486 168
398 284
559 9
877 813
982 866
163 912
52 321
910 581
186 550
332 604
180 98
238 597
382 870
428 428
846 187
927 261
836 402
601 356
280 41
666 485
436 288
361 523
754 863
467 541
294 204
301 100
921 482
667 157
542 800
876 825
695 813
470 286
91 784
844 384
809 277
123 587
608 107
442 749
613 451
593 393
883 720
222 71
558 780
784 189
445 494
4 114
808 317
451 574
204 288
877 8
333 927
773 445
507 963
665 88
670 203
198 473
414 134
40 939
282 881
284 433
806 658
379 176
186 10
272 953
283 437
665 124
481 681
672 20
878 497
45 645
867 79
972 281
82 563
201 929
412 438
492 318
14 657
992 604
106 511
662 878
147 283
82 828
771 376
895 671
389 82
715 475
798 101
65 250
464 750
103 771
655 610
578 506
291 184
49 242
16 474
581 926
751 434
638 377
732 155
301 463
999 673
623 248
553 827
545 594
801 291
410 369
992 496
576 667
100 329
10 664
902 688
51 436
873 661
433 648
453 367
29 534
48 547
438 324
431 199
145 71
364 109
691 504
999 620
873 926
749 594
780 847
875 590
767 499
35 464
189 522
757 714
721 123
129 248
139 521
745 251
130 738
315 109
891 305
320 453
500 420
296 770
620 336
232 111
925 38
564 850
422 92
202 497
334 882
393 294
702 146
33 396
710 495
579 75
630 386
810 582
86 551
793 938
145 457
398 637
155 916
498 495
549 806
963 940
575 715
493 8
188 455
618 268
296 217
544 677
510 97
444 789
115 550
210 293
115 321
722 999
346 74
788 41
110 355
634 886
185 794
362 427
212 897
590 205
481 298
427 327
976 506
67 21
912 76
155 808
132 230
492 393
288 743
679 399
626 393
495 727
223 268
502 586
25 549
712 167
686 932
81 184
548 702
247 482
591 26
435 941
374 931
635 69
447 772
830 802
90 763
654 347
370 588
252 187
126 865
234 664
770 787
404 172
136 241
460 747
248 153
886 818
585 598
199 971
564 575
256 422
849 33
436 389
996 52
621 700
578 64
130 728
895 674
262 847
468 49
855 458
929 407
859 608
759 670
927 892
612 471
675 312
376 231
859 199
276 293
198 682
282 187
123 14
118 573
429 206
940 947
952 247
618 667
581 340
142 558
630 870
530 554
543 902
71 763
193 523
6 517
8 69
827 926
451 1
994 100
524 214
184 847
103 715
608 64
478 363
244 196
967 411
878 333
889 986
302 286
449 156
660 605
590 15
904 62
476 933
356 522
17 10
118 730
498 197
121 476
267 530
164 846
262 186
580 761
886 193
542 240
22 762
497 992
512 626
798 611
957 976
188 651
271 191
440 866
795 11
557 368
20 429
815 663
572 942
550 100
848 697
61 726
331 321
731 786
930 92
693 265
736 635
583 542
206 555
805 326
953 224
277 844
45 458
302 34
411 844
953 898
480 157
131 152
669 56
362 659
233 20
586 287
358 51
777 529
37 719
185 617
167 340
579 922
162 899
908 603
533 397
99 959
799 696
484 541
446 20
862 981
768 974
183 55
134 279
770 489
376 41
975 629
129 987
320 289
549 112
118 154
395 728
972 889
685 567
493 217
8 468
520 988
857 902
60 478
790 732
837 664
898 531
13 403
116 904
466 608
699 56
230 926
445 814
84 463
814 388
772 571
196 375
271 289
7 588
346 957
107 446
767 47
422 458
140 443
298 651
678 118
860 949
906 162
931 335
401 255
732 763
656 216
714 715
103 561
259 171
72 982
921 141
199 794
530 485
848 157
685 279
403 938
921 635
135 629
445 297
987 351
879 409
129 326
832 297
663 376
287 354
651 896
771 58
785 896
326 53
642 847
23 15
356 224
513 553
39 288
936 656
643 174
857 97
698 864
327 17
833 414
903 213
457 392
672 317
767 60
799 421
390 73
922 986
683 475
194 18
915 718
407 162
368 91
100 914
548 21
327 956
877 871
185 872
208 218
829 794
101 55
16 771
236 774
55 762
534 388
452 169
118 818
25 627
816 860
997 643
101 994
97 615
284 707
507 370
607 457
16 398
985 934
246 186
201 709
890 108
102 321
644 375
488 622
32 491
679 827
706 472
119 904
216 428
19 408
57 700
139 324
655 655
414 300
473 349
380 307
734 390
441 137
629 862
107 786
204 310
497 563
54 402
980 531
500 223
97 327
707 27
252 795
886 258
275 370
608 659
802 381
764 943
345 285
215 584
589 911
389 657
216 549
987 197
778 581
974 227
119 616
368 454
388 283
193 565
289 798
395 816
701 105
634 15
748 37
999 436
618 336
89 889
653 931
491 115
208 846
348 969
806 801
100 904
112 204
683 56
842 229
897 919
126 776
836 149
143 191
501 839
121 60
210 626
787 787
622 162
536 122
224 152
961 302
713 200
136 188
296 177
490 271
550 322
710 311
23 656
793 983
853 94
195 94
531 983
539 429
613 378
921 494
117 440
973 770
858 932
685 632
606 339
496 616
378 969
773 336
230 991
246 441
33 297
404 878
23 512
87 942
949 412
318 466
652 720
135 573
957 7
773 372
181 460
801 25
986 336
368 323
589 371
626 847
339 488
482 308
832 12
556 868
756 139
13 998
614 692
104 887
460 671
543 31
479 504
836 18
784 731
650 651
667 820
705 29
165 344
725 7
155 974
271 511
772 384
124 986
335 495
634 679
16 486
688 390
663 971
194 492
348 550
389 588
55 68
50 893
525 628
955 590
64 153
208 692
509 769
52 673
535 678
728 956
380 804
98 789
564 67
741 517
657 258
489 302
847 535
365 495
38 137
78 173
87 667
501 276
149 8
386 963
387 928
439 72
795 753
119 848
127 294
488 831
620 721
861 847
755 537
312 605
729 399
679 807
36 441
900 546
33 552
313 606
518 975
533 609
660 650
812 927
693 598
887 841
39 860
876 948
990 970
60 425
235 277
164 891
553 852
8 909
567 607
743 46
723 217
503 851
890 65
492 284
359 20
178 8
103 243
864 601
194 361
118 631
160 219
552 972
205 636
26 139
799 987
750 170
430 754
338 491
567 463
207 974
25 934
354 90
399 241
101 169
938 635
8 127
710 399
755 779
454 293
763 374
841 702
65 481
683 36
104 180
277 251
649 797
537 556
636 827
690 569
241 414
941 151
946 495
440 623
105 819
635 490
591 38
949 271
175 734
721 413
976 145
371 151
16 597
974 858
296 880
166 950
884 821
761 76
274 483
659 294
435 400
529 364
698 667
401 35
549 687
262 365
97 32
921 150
905 471
667 908
139 294
239 381
90 667
190 754
954 592
878 862
336 579
612 483
906 701
556 439
731 291
56 790
861 958
906 292
166 927
338 216
75 251
417 280
40 522
729 775
106 467
83 749
999 864
185 122
779 452
530 422
182 233
183 198
778 636
570 229
566 982
963 798
208 371
971 802
140 236
305 569
682 290
380 483
269 646
177 383
898 854
507 29
934 511
862 77
178 119
796 806
982 933
629 400
364 883
823 680
624 205
551 975
631 101
855 712
611 86
193 247
385 677
520 84
480 48
210 187
510 714
787 348
89 126
93 654
138 842
770 524
262 54
201 898
619 620
322 779
224 207
799 816
333 788
205 868
764 337
153 412
780 165
623 361
920 962
552 566
797 254
769 43
999 468
616 587
244 41
593 195
633 676
840 597
471 614
119 46
496 936
901 347
395 704
66 565
256 280
162 273
953 357
461 420
308 327
133 475
457 41
300 323
927 979
4 181
441 182
689 958
730 959
152 982
527 105
717 611
538 380
726 351
160 428
252 166
474 624
954 29
147 229
804 270
532 565
582 831
454 911
45 892
192 911
461 541
790 600
214 404
39 323
396 152
877 376
657 107
112 164
101 643
749 190
631 729
302 782
690 778
786 337
553 135
231 84
85 555
86 520
256 28
704 304
985 403
196 917
772 30
518 788
358 570
887 425
177 903
622 207
735 413
11 53
413 133
377 439
477 526
824 341
374 370
966 16
900 974
698 876
991 338
659 768
366 286
895 221
845 629
268 617
847 181
449 400
926 474
193 623
204 898
570 281
422 303
248 1
596 190
443 97
311 615
246 77
247 42
55 509
488 922
439 392
813 453
134 510
31 826
561 726
231 1000
616 433
104 667
697 507
591 260
943 828
817 194
230 892
538 779
51 395
158 229
184 367
152 69
896 78
540 968
761 33
225 813
145 704
967 138
30 717
248 122
744 209
831 214
104 523
521 546
70 381
657 61
798 940
686 204
917 811
934 226
949 843
267 257
295 993
800 491
666 411
111 9
460 163
959 664
403 446
476 516
272 637
148 76
661 561
697 255
534 377
476 781
685 546
259 29
253 623
178 858
226 755
396 263
883 381
62 912
993 518
839 460
905 405
849 882
543 318
320 160
17 388
780 639
88 677
223 456
497 467
705 496
958 825
15 198
144 837
948 772
405 878
97 496
756 318
464 784
797 90
423 517
520 41
807 363
214 672
240 810
775 151
247 706
803 658
321 655
778 485
691 417
26 292
376 33
539 585
828 422
635 293
199 220
855 296
681 409
672 440
848 257
82 80
241 482
634 822
289 293
188 247
706 847
777 233
712 741
876 355
545 484
173 612
76 5
971 363
709 592
824 164
714 707
34 45
526 507
934 710
445 24
153 490
462 342
232 554
745 285
348 91
999 955
59 74
519 467
945 984
749 26
664 562
46 549
294 385
593 947
940 88
110 942
810 387
958 514
440 439
749 291
143 710
544 2
103 674
407 262
562 959
571 370
324 84
476 398
348 441
228 296
407 527
568 481
857 318
249 993
995 697
555 282
988 658
857 992
669 941
185 828
891 496
556 363
860 100
674 727
35 740
562 177
424 701
448 829
764 657
993 629
702 831
643 516
976 805
940 65
631 133
803 239
13 120
754 612
764 922
352 303
47 979
204 325
734 225
544 244
102 48
625 89
669 653
679 963
486 797
80 109
720 964
632 851
713 696
236 393
758 618
48 342
869 980
407 769
637 328
718 402
396 351
782 795
4 272
255 757
323 775
966 503
571 468
592 33
101 698
410 779
748 137
928 67
888 31
582 513
659 208
158 680
884 555
687 944
544 895
248 982
448 253
811 76
299 310
174 50
505 415
657 692
815 46
998 842
234 446
668 787
453 633
115 754
566 281
976 265
89 207
862 14
971 824
946 422
188 335
506 724
619 930
311 814
800 713
748 523
936 494
146 863
81 617
913 739
6 852
482 781
372 946
67 310
322 42
19 233
808 573
602 325
362 981
790 259
811 53
303 666
383 775
846 685
55 564
428 926
951 887
357 228
240 646
481 672
879 224
313 716
696 368
757 198
841 835
85 443
532 754
10 449
745 638
563 369
60 535
708 836
623 383
217 864
862 665
346 749
985 98
627 390
645 816
552 588
269 645
876 420
131 186
81 594
750 689
497 280
850 776
927 916
547 137
708 957
590 366
930 512
673 770
128 827
403 995
846 698
138 203
86 830
471 263
361 769
308 614
507 823
584 140
703 469
488 581
375 524
689 342
578 883
341 153
993 79
459 374
866 612
310 165
429 531
271 94
878 357
685 457
675 672
54 999
548 451
552 601
709 176
629 821
699 935
930 669
26 491
816 796
833 736
515 310
538 788
666 479
947 578
692 617
673 338
689 54
240 865
246 796
997 844
520 770
255 207
81 54
856 316
801 380
31 53
717 646
332 984
962 68
510 353
574 746
423 19
751 150
483 70
873 750
38 214
794 606
241 802
860 551
26 648
356 523
772 438
709 827
66 541
41 368
513 623
556 176
554 395
289 878
795 421
180 154
547 356
368 125
652 558
791 716
236 314
690 813
705 384
185 906
583 687
167 629
965 380
145 461
583 49
395 78
220 900
49 115
655 977
378 928
7 347
130 863
666 986
394 527
187 314
575 539
765 25
914 908
547 477
502 60
834 799
900 515
95 496
769 935
792 573
800 19
750 427
428 376
947 38
766 26
268 158
337 932
33 112
812 222
412 697
59 21
177 385
213 982
788 130
408 583
987 110
132 499
824 461
578 585
833 317
262 465
129 350
890 708
775 870
477 273
165 532
906 307
145 703
862 609
291 757
573 735
23 448
45 207
128 879
193 105
261 914
977 187
313 961
682 907
971 781
22 223
279 819
82 125
360 627
272 106
635 603
988 870
355 140
37 468
190 710
419 304
867 580
231 482
818 953
134 666
357 329
801 226
725 496
677 456
130 961
494 563
527 889
53 332
232 334
685 954
105 379
515 277
800 755
799 710
95 594
570 558
465 276
757 564
997 811
540 41
52 632
911 479
542 496
203 801
73 17
330 762
728 277
800 382
183 334
388 703
582 797
842 119
698 371
534 3
330 353
336 18
500 535
429 66
427 285
101 609
530 643
788 938
958 824
515 663
354 566
245 659
749 421
152 202
590 922
988 474
499 246
368 995
322 470
874 43
251 855
360 496
597 180
772 32
177 640
607 373
163 333
667 95
850 625
412 399
10 239
398 235
419 963
666 135
879 279
906 382
568 503
176 128
598 903
313 133
775 78
725 486
99 698
546 255
308 692
411 30
594 411
840 818
34 80
443 99
741 430
721 601
879 809
16 291
619 733
387 347
794 442
764 679
779 313
472 162
417 226
342 461
115 4
389 393
94 210
565 878
326 453
455 338
307 174
704 139
779 807
834 514
715 148
381 797
827 475
666 292
403 556
582 787
514 918
417 82
905 394
134 139
513 544
838 75
982 614
766 873
998 213
463 872
134 404
73 537
904 694
389 514
244 913
942 806
841 903
529 408
520 439
276 228
408 118
554 172
305 142
848 390
739 483
515 509
231 750
482 332
678 881
603 738
907 475
47 749
979 729
290 18
793 984
213 409
83 708
182 830
163 588
703 7
305 263
478 334
808 209
343 375
788 905
875 119
292 967
255 262
135 80
77 813
687 822
769 483
209 969
754 912
7 160
656 197
335 25
120 217
664 201
75 560
628 507
357 309
153 659
687 184
802 22
362 882
729 446
806 141
293 373
120 73
471 825
700 797
976 552
166 189
229 654
881 809
303 832
60 845
66 776
294 783
216 455
561 44
605 416
247 708
770 712
158 859
438 10
947 116
792 651
330 68
61 926
57 547
887 888
341 980
75 452
846 707
36 344
201 677
538 362
215 346
995 192
629 480
147 440
807 895
27 295
107 404
714 853
483 246
971 100
74 901
351 621
476 881
136 467
646 160
915 205
22 36
261 318
499 635
600 687
985 120
673 671
244 494
144 178
22 301
385 878
830 740
340 318
374 231
395 25
398 588
888 452
157 382
77 273
207 877
468 769
220 438
847 945
171 811
675 573
696 367
845 81
950 512
876 334
230 717
647 511
166 58
594 90
497 423
844 796
789 860
830 861
348 443
849 874
53 266
709 342
910 332
430 369
100 643
589 771
809 774
17 874
527 859
168 103
566 787
337 964
71 436
900 812
31 363
309 902
873 566
718 692
547 136
50 233
162 703
731 711
691 409
193 690
373 886
318 987
769 594
682 589
763 434
450 203
90 714
659 871
218 863
528 122
916 118
78 825
820 150
323 18
801 811
432 828
921 727
238 734
150 621
684 900
291 159
366 245
626 550
182 424
30 110
64 926
794 134
322 175
32 485
184 699
667 438
945 940
82 422
96 506
560 461
418 557
899 415
975 145
387 798
984 788
633 36
825 386
476 89
345 423
428 12
516 799
229 477
384 500
362 741
350 358
614 59
475 618
68 114
933 184
421 418
412 827
178 660
827 23
856 495
955 617
995 653
610 699
565 282
182 401
887 482
810 873
148 408
831 438
964 702
942 534
597 91
638 946
800 679
760 643
231 442
746 708
53 930
303 547
428 807
270 370
474 20
987 276
634 912
411 229
217 889
154 424
173 437
278 639
415 199
169 732
23 349
887 603
89 294
393 68
975 158
769 993
204 52
591 461
540 904
433 778
390 142
451 158
653 781
594 466
618 6
1000 71
406 415
242 838
885 615
643 773
69 995
277 795
111 583
870 406
318 833
100 345
670 52
595 287
957 145
158 938
167 929
959 600
791 607
764 590
753 989
775 748
647 599
841 464
502 998
892 775
370 470
676 891
911 645
667 922
956 796
563 227
579 55
827 157
997 568
96 990
247 485
110 659
861 707
395 234
224 123
922 394
484 577
798 624
758 551
375 670
203 149
904 605
312 730
869 684
99 357
766 146
603 119
92 318
799 997
607 647
229 732
167 3
507 151
501 28
590 594
211 9
379 905
81 308
666 998
450 62
594 564
743 544
352 393
481 278
502 72
616 94
543 110
25 938
439 318
564 578
266 884
287 678
989 950
35 48
709 816
905 462
757 69
33 798
367 823
348 544
350 96
833 64
288 350
127 167
325 826
893 115
690 393
27 229
855 497
89 549
751 934
132 102
389 847
260 925
92 969
47 552
898 953
904 618
910 927
547 875
143 31
666 72
140 371
584 119
57 602
864 173
447 379
585 758
666 566
822 176
557 659
437 514
637 539
156 86
460 992
673 870
144 606
476 33
235 873
87 746
429 775
216 631
155 801
512 364
179 829
377 319
665 228
238 161
905 475
313 829
609 562
16 722
35 964
261 144
597 179
202 961
700 829
54 834
529 44
628 166
233 985
749 47
2 149
859 444
797 798
660 235
895 775
508 515
509 102
458 923
832 81
846 919
658 719
321 51
783 76
22 621
968 387
167 896
513 72
117 630
751 538
897 592
134 161
897 183
895 402
120 900
19 997
872 913
661 235
245 177
325 286
9 166
949 638
106 98
246 258
235 886
292 374
640 526
176 428
528 730
550 489
837 582
383 986
538 780
265 356
808 375
925 960
466 117
994 93
336 7
866 990
724 3
581 369
587 263
284 491
165 125
402 626
698 625
15 366
738 661
231 219
588 902
12 706
282 301
159 725
512 89
352 625
431 918
765 40
767 724
783 174
734 547
265 248
912 962
696 26
868 547
381 917
49 215
64 78
556 806
496 675
517 469
66 533
743 403
367 381
749 446
505 760
631 985
786 593
580 345
608 852
681 168
451 380
786 184
871 408
564 257
45 595
37 591
876 523
742 672
365 685
65 573
267 824
74 658
508 770
317 7
63 765
829 676
744 223
916 415
66 16
251 556
668 350
477 782
740 747
38 183
30 996
491 537
29 134
731 406
212 893
411 199
506 925
815 777
389 297
510 407
385 635
204 889
362 14
620 538
153 249
259 416
204 480
197 355
936 286
517 711
902 144
770 891
395 456
891 363
647 677
554 449
567 568
371 364
316 806
361 54
391 571
72 854
230 245
770 747
169 378
505 184
617 425
990 787
838 244
91 724
860 3
679 745
505 858
565 723
174 84
159 450
536 845
809 37
581 179
606 352
415 784
929 102
149 256
970 957
706 210
301 799
372 185
504 75
462 487
935 707
491 959
762 370
55 886
976 708
121 868
163 456
934 711
940 642
18 855
932 930
825 575
697 655
764 416
181 244
93 360
362 27
378 609
811 231
871 133
965 326
827 621
266 288
194 708
345 203
435 505
786 848
32 386
848 680
256 768
203 613
303 700
830 366
686 352
33 876
539 190
590 793
116 236
541 937
817 692
864 624
220 293
493 717
796 489
767 462
873 709
135 743
72 49
647 137
149 269
845 381
553 93
166 587
902 772
474 703
762 612
180 113
256 660
143 603
303 592
586 535
776 138
336 769
892 578
398 335
2 106
518 108
337 96
590 276
19 424
640 1000
280 824
484 115
826 898
974 796
397 492
675 91
234 843
765 393
612 300
846 58
83 710
73 925
823 111
707 308
723 927
769 894
97 873
399 12
441 683
622 466
241 100
664 203
678 101
173 194
719 627
700 534
965 954
907 189
128 308
292 825
980 30
727 753
767 560
635 261
680 412
92 916
242 595
511 454
824 685
287 746
717 559
981 260
969 286
916 768
708 739
807 861
598 113
952 233
624 22
622 178
672 673
39 6
740 691
74 638
177 56
558 13
815 492
191 485
390 694
963 98
427 87
551 419
495 487
565 811
669 523
631 39
411 902
663 71
921 595
422 948
430 623
437 811
482 962
368 977
678 608
98 33
760 269
840 149
94 408
346 809
508 871
60 415
196 721
574 407
656 68
536 115
640 352
741 255
18 943
840 234
832 522
256 97
597 18
955 629
725 841
848 503
206 999
238 314
780 368
748 7
998 856
437 523
482 674
880 226
165 589
623 384
218 744
594 586
87 935
442 754
952 825
986 738
56 44
135 337
419 96
451 314
401 722
674 731
796 519
606 862
1 237 783
31 3644
