8277
194 917
569 40
409 842
632 325
656 719
477 451
921 199
64 807
876 722
292 671
889 661
259 494
283 851
223 571
770 969
391 155
900 261
98 576
786 913
944 304
187 96
660 545
450 964
63 326
558 268
604 384
939 374
686 453
116 566
653 276
85 987
429 797
565 392
861 454
974 331
781 956
318 966
189 815
290 867
660 437
422 794
659 441
482 808
58 746
199 456
567 623
947 844
33 689
113 389
390 926
370 459
492 156
375 803
810 731
287 690
860 94
108 984
746 975
443 974
240 120
140 936
4 109
14 531
98 939
41 405
275 343
705 156
588 803
383 105
348 821
169 590
893 621
766 580
307 231
157 701
964 272
685 857
163 223
578 236
187 351
803 583
109 926
613 688
869 385
126 75
98 13
645 411
441 352
100 59
137 880
820 119
732 6
85 424
153 824
595 940
431 14
955 694
205 233
149 301
714 524
496 530
348 137
124 658
27 725
321 943
963 935
89 142
952 288
95 896
887 536
359 942
235 381
357 78
823 817
647 820
716 425
31 322
554 363
485 529
738 709
539 765
514 183
230 424
414 999
137 196
338 186
312 951
601 596
530 127
664 127
339 330
177 268
163 370
834 538
495 843
880 654
346 720
982 638
222 684
492 545
904 718
885 476
422 715
306 503
856 418
233 964
603 497
16 966
368 600
652 130
239 449
354 436
426 312
178 210
907 90
774 500
686 387
317 261
87 967
44 102
832 855
604 210
499 682
22 986
677 954
74 395
173 108
362 798
145 46
320 572
107 693
676 850
19 580
872 496
657 571
839 90
357 575
71 218
458 627
527 232
64 996
714 95
760 965
732 866
730 39
105 216
881 208
740 232
36 116
127 234
44 465
641 455
589 36
62 519
342 573
423 3
567 920
61 819
606 390
413 224
707 176
880 104
673 299
263 401
620 638
642 168
215 589
894 160
990 622
415 125
286 240
184 229
841 233
216 181
221 525
138 527
630 989
523 597
705 345
421 586
803 651
773 220
314 194
800 582
385 74
533 9
174 305
614 348
347 4
489 582
971 356
396 125
217 648
795 359
39 790
501 821
785 351
231 960
573 431
287 74
366 367
834 472
578 546
42 243
300 538
976 821
625 69
146 71
406 439
679 305
598 380
357 25
284 944
334 307
862 655
17 600
86 205
421 949
512 313
825 544
319 672
360 673
809 536
365 788
201 128
684 770
642 773
688 660
590 88
140 562
90 970
570 375
809 657
52 678
179 490
337 847
844 126
954 486
983 958
867 783
779 899
834 606
751 837
988 255
107 506
854 26
487 727
93 571
189 804
674 324
475 380
917 725
208 36
409 26
829 383
732 679
773 488
754 209
184 847
566 912
638 263
454 442
515 866
814 196
714 258
628 743
991 566
590 222
471 796
966 738
565 394
314 812
97 289
606 203
551 496
776 843
215 281
547 791
946 500
624 220
49 514
940 722
939 497
56 638
694 400
181 818
470 692
298 171
220 517
27 351
453 459
403 867
692 741
54 750
544 577
907 400
857 808
163 922
768 736
404 984
32 587
495 348
95 872
337 405
153 584
134 342
636 701
268 305
510 333
14 654
807 61
624 354
701 803
985 333
742 575
847 628
319 243
943 336
669 770
598 301
245 708
181 952
821 346
876 282
320 64
638 639
512 5
467 757
732 8
792 59
52 249
539 633
695 126
532 593
743 813
438 177
440 775
352 891
81 842
327 80
670 419
264 963
744 368
375 242
721 650
494 193
817 883
132 780
907 776
662 191
725 476
823 819
59 423
881 989
530 8
705 763
691 599
952 640
317 129
85 560
811 435
126 332
382 258
203 781
860 822
459 249
188 658
688 715
619 615
677 822
350 427
820 376
429 720
565 86
644 150
103 964
74 34
15 851
280 139
469 792
651 540
252 40
78 907
138 958
67 260
750 253
461 150
634 78
396 435
406 857
891 377
118 161
627 75
193 749
408 674
587 905
375 497
585 307
227 333
213 435
809 725
831 484
800 905
304 967
15 864
188 792
995 326
260 631
623 454
466 736
650 328
175 35
792 906
988 323
465 282
575 679
894 136
142 797
381 813
888 92
254 449
340 223
133 159
350 682
639 556
110 175
729 449
858 334
885 962
902 377
668 210
675 334
97 357
933 629
387 870
5 768
445 811
11 290
252 416
902 498
981 562
972 971
115 118
634 683
973 149
634 454
936 267
555 804
677 272
304 175
786 178
653 817
391 588
657 707
734 927
921 753
649 294
351 637
170 67
708 874
408 353
234 991
555 817
892 173
71 475
272 465
392 530
645 710
227 722
95 14
284 704
627 814
699 128
216 425
868 122
436 199
532 890
824 15
655 243
625 71
365 898
915 813
464 648
968 410
398 28
119 613
587 718
770 839
634 12
489 597
262 140
511 844
940 469
472 135
716 724
668 949
978 845
128 446
343 371
740 973
180 84
918 13
840 130
580 957
518 79
418 141
638 144
557 973
622 136
954 380
272 23
270 916
292 675
22 814
311 688
383 793
479 501
601 198
644 568
303 275
143 57
440 280
481 281
885 896
278 861
908 799
765 979
854 499
214 876
9 215
413 39
922 145
459 909
435 57
599 165
265 814
452 869
741 743
278 753
923 491
455 386
295 922
488 334
518 442
377 466
332 989
834 153
564 329
550 165
808 689
155 804
100 868
752 794
986 961
464 327
276 276
586 990
80 889
225 984
528 756
247 514
949 749
574 643
835 684
90 530
179 50
473 2
700 230
865 563
278 995
620 695
788 50
817 751
104 815
603 233
200 523
319 474
429 117
227 885
342 872
934 518
461 823
450 405
350 992
782 649
769 158
803 937
223 133
503 416
30 492
497 638
161 423
524 246
477 134
413 415
261 775
659 821
86 370
330 767
25 885
481 899
457 313
355 302
671 13
98 380
970 309
722 998
973 580
615 606
155 362
334 593
143 796
153 23
575 655
714 999
93 386
148 93
590 963
968 357
467 75
937 778
21 254
325 665
33 493
859 306
267 431
186 735
358 24
690 268
499 902
337 86
996 725
311 851
415 679
556 426
676 720
690 389
626 899
968 599
981 309
485 896
149 681
768 430
601 24
864 892
253 738
924 677
170 740
712 794
211 512
682 97
54 565
348 746
29 212
590 279
221 153
676 962
676 733
110 56
563 792
420 218
907 336
464 32
328 400
942 559
468 905
368 738
1 944
238 628
307 987
857 865
213 571
593 38
460 677
837 398
553 639
133 53
224 400
298 349
64 182
432 349
762 749
963 739
383 164
228 290
272 333
131 357
998 208
752 970
418 572
299 880
607 178
942 922
969 796
382 999
666 529
187 760
737 409
488 873
920 530
185 835
202 21
334 406
554 180
285 958
61 247
584 59
960 50
593 522
138 652
618 57
966 474
267 473
79 422
506 489
318 704
855 414
120 948
629 596
708 889
147 327
403 253
847 1
678 192
838 181
50 660
9 70
324 899
808 423
574 256
385 91
641 17
882 143
515 844
86 438
55 859
356 33
996 659
894 648
861 205
30 802
203 959
547 769
946 20
579 721
197 390
55 980
312 84
680 22
724 28
13 202
775 259
7 158
977 659
595 328
168 978
326 140
773 600
694 270
800 962
812 33
772 900
720 444
797 139
482 801
213 613
125 500
719 744
703 211
906 82
873 659
625 557
641 272
493 788
778 691
17 41
397 33
839 378
830 558
257 925
57 342
764 729
29 280
268 296
791 337
952 965
284 506
470 696
497 506
422 103
662 987
737 114
114 889
277 358
667 809
973 327
620 697
946 638
250 871
164 831
117 527
29 643
376 458
832 472
67 117
526 402
388 697
561 359
516 882
293 315
64 492
821 471
31 315
740 775
862 243
903 244
58 189
996 472
674 946
443 525
42 181
635 695
239 200
263 594
822 292
612 482
39 849
786 369
86 372
573 490
227 82
490 721
89 377
460 61
589 700
456 319
198 549
368 243
244 436
538 654
51 270
660 122
381 670
895 662
731 2
521 192
402 729
622 998
603 490
30 857
809 824
527 909
93 159
189 850
822 534
337 785
860 826
612 724
459 482
289 973
287 146
242 898
131 801
349 206
373 563
624 145
10 511
439 365
902 126
444 214
713 604
37 92
699 440
965 596
927 75
877 483
304 850
500 496
40 740
480 783
339 807
108 911
796 265
754 497
129 445
239 576
574 566
664 725
961 948
176 678
802 137
415 923
60 466
896 738
113 329
402 166
835 728
780 792
981 782
91 984
347 681
226 620
740 575
399 53
349 461
531 209
863 682
49 694
897 266
1000 916
351 507
291 227
189 179
194 523
163 981
739 94
245 525
367 222
396 923
666 518
485 214
789 854
882 816
145 294
244 7
28 877
9 635
265 295
848 387
297 513
60 600
555 808
527 709
181 72
492 230
521 931
868 221
204 995
95 5
386 477
898 100
452 13
883 236
626 580
576 988
309 644
736 711
455 698
515 712
513 639
215 716
567 121
228 655
28 72
175 536
636 894
367 706
904 416
403 134
408 478
931 519
554 303
96 657
490 776
975 67
355 588
467 829
2 729
382 196
411 897
712 596
390 545
202 265
909 881
279 714
45 547
96 778
600 540
925 71
796 186
682 838
200 835
83 21
165 319
744 669
463 427
764 355
366 494
961 411
56 268
314 792
66 727
97 40
729 253
505 774
51 338
902 181
3 792
908 898
158 437
964 12
83 263
262 494
165 561
588 664
681 892
321 91
885 887
544 99
805 369
39 341
42 612
570 731
638 148
113 263
151 518
605 200
591 36
235 926
949 498
959 957
114 636
89 579
223 808
212 390
207 46
262 507
124 48
531 143
687 390
547 87
769 954
89 700
727 728
777 320
877 672
779 100
809 208
926 793
604 513
562 516
336 927
484 862
313 980
335 473
728 404
227 647
369 996
317 806
886 468
43 422
328 820
20 475
634 863
431 9
878 994
647 573
260 127
876 396
108 524
182 244
383 234
388 578
849 707
649 353
938 227
882 66
491 181
343 54
904 350
931 453
86 132
709 525
341 129
561 361
841 415
651 291
802 460
270 599
894 692
333 884
295 363
425 887
965 343
817 179
689 933
221 599
202 320
152 728
804 654
330 1000
223 379
759 130
404 656
758 659
794 353
427 788
480 651
191 548
292 371
391 84
935 413
430 951
994 764
654 844
344 93
456 334
753 786
481 98
147 747
351 254
948 244
939 195
853 909
240 157
685 544
518 367
836 447
563 783
890 949
45 857
86 629
631 429
227 339
287 390
691 968
80 814
795 796
781 898
822 899
261 337
443 85
780 902
527 456
692 789
604 676
57 49
222 345
534 388
19 696
96 391
132 573
830 386
398 463
167 42
819 493
511 340
631 671
232 925
912 684
875 802
181 879
145 404
265 994
693 209
856 910
362 109
969 787
749 289
776 99
411 415
329 53
986 94
647 399
368 984
719 238
710 684
233 759
728 472
254 818
359 871
45 415
279 353
838 51
91 302
891 880
495 880
709 580
599 708
538 698
906 636
510 636
39 785
293 372
289 896
655 236
261 834
79 305
571 996
621 359
657 16
836 18
739 580
782 950
171 15
93 324
454 303
772 878
906 878
63 189
627 231
703 778
560 241
168 619
107 380
812 132
509 131
906 999
522 70
370 201
120 26
242 955
531 829
493 308
797 948
635 886
795 838
363 198
225 493
963 193
555 139
959 717
890 883
568 832
948 299
172 337
400 201
529 86
892 663
126 864
47 342
696 199
462 32
417 555
384 378
195 856
176 614
24 974
17 32
555 610
911 16
194 109
168 874
861 801
656 140
964 27
251 91
330 384
55 179
60 523
638 271
435 171
283 43
751 148
622 263
623 636
263 330
548 462
496 43
446 451
449 456
605 215
63 686
219 408
938 95
653 636
616 983
397 158
714 508
678 814
222 534
249 408
72 775
139 536
909 683
47 947
830 804
76 601
824 989
428 531
670 293
477 127
501 521
871 54
256 424
316 475
875 173
864 280
29 647
445 67
4 590
408 414
604 60
900 876
509 991
545 648
204 355
261 660
536 599
350 180
561 363
681 694
557 887
794 342
284 765
790 371
537 945
848 807
994 632
359 121
677 696
300 709
9 8
69 22
327 317
46 304
569 79
82 486
563 301
394 492
722 65
209 712
190 204
928 133
754 246
625 361
200 663
827 761
538 658
753 546
235 620
422 712
917 654
111 32
327 559
313 661
776 422
643 307
552 677
710 68
684 833
882 323
6 918
646 541
510 946
477 503
353 962
562 318
806 715
997 17
792 780
854 197
486 444
315 562
544 156
447 718
576 374
782 442
603 965
837 149
680 202
649 852
542 726
597 662
24 800
478 970
156 919
426 551
333 323
173 105
388 30
819 482
304 36
383 854
245 395
429 970
601 30
513 146
983 95
624 391
525 385
57 51
342 449
89 986
139 578
736 568
801 734
890 254
656 87
357 922
577 696
222 468
208 570
887 104
1 11
190 701
983 337
513 388
215 465
633 224
765 114
613 740
360 294
241 868
67 981
141 930
172 768
223 999
205 164
642 165
504 460
839 679
946 576
113 575
13 637
116 55
481 476
733 697
198 124
965 37
461 992
650 928
722 804
20 532
226 637
154 468
830 751
966 117
632 995
318 576
43 371
39 895
796 874
123 71
785 456
509 817
113 817
745 10
165 189
552 598
891 64
235 662
899 413
197 141
725 297
194 782
990 164
371 186
147 670
257 313
832 544
628 485
972 295
60 967
521 130
94 780
195 374
858 129
266 254
235 675
959 706
907 21
917 480
939 239
113 951
586 609
302 850
446 77
828 896
14 154
652 182
425 957
537 195
421 249
307 901
202 619
747 190
499 842
573 791
937 21
460 133
709 837
927 13
225 495
49 498
730 896
458 437
236 324
292 670
939 252
493 431
713 663
56 393
396 498
960 540
622 252
381 863
539 254
174 799
2 49
962 91
106 106
212 273
946 497
775 615
68 753
811 43
777 432
249 47
455 381
61 979
293 53
960 782
963 787
242 273
443 263
238 568
401 37
29 394
547 91
356 523
222 294
800 271
526 971
567 972
906 438
273 525
438 858
842 682
100 45
279 47
867 446
638 394
940 961
477 934
776 35
144 990
538 163
791 343
947 856
380 220
146 807
402 467
333 633
429 112
556 153
277 472
662 54
400 579
752 213
914 800
609 164
774 231
314 246
742 693
558 872
162 118
982 382
488 813
868 280
82 125
689 574
42 992
959 169
97 662
118 950
775 991
338 990
248 13
401 292
328 945
799 301
422 351
274 187
416 765
755 231
140 601
869 518
13 8
276 647
539 54
334 588
821 935
783 414
893 57
449 834
760 696
89 491
742 827
759 242
181 265
542 473
487 537
888 881
115 665
574 425
612 717
496 771
642 825
834 537
154 778
737 833
966 427
570 427
355 539
883 887
726 186
943 709
321 137
882 433
874 20
337 81
260 386
325 781
264 505
634 75
52 851
914 358
331 37
532 27
749 964
742 22
110 977
232 674
824 320
455 194
773 540
143 336
891 495
822 661
646 664
622 78
338 548
458 613
394 628
3 972
237 910
15 43
992 25
33 622
470 623
270 269
485 194
459 959
13 384
333 325
131 110
650 446
70 625
229 618
776 787
867 380
202 929
375 857
800 326
791 506
204 975
820 978
983 447
391 572
456 930
358 395
876 92
201 677
867 272
853 337
495 629
194 408
538 218
372 680
683 47
347 98
944 613
550 457
25 343
30 650
183 929
949 691
542 44
263 629
280 44
287 757
772 506
708 750
899 52
771 52
110 535
151 832
844 796
252 884
99 413
269 824
286 239
736 933
662 1
254 701
548 882
340 475
372 922
974 990
726 925
927 915
504 583
508 702
503 358
831 160
910 224
786 646
474 825
138 876
568 460
513 524
91 535
769 221
858 936
316 653
440 948
603 417
919 394
859 114
828 764
387 533
74 73
796 997
161 486
987 299
35 81
298 720
229 886
311 659
292 417
302 610
164 905
965 402
170 427
431 202
119 610
702 702
303 956
650 246
259 132
364 377
400 71
797 939
831 294
509 243
583 192
423 957
758 718
899 657
728 21
260 441
865 292
751 944
388 892
988 362
83 27
699 259
929 950
566 898
373 732
426 366
159 251
386 967
191 957
991 781
915 5
342 372
731 184
870 491
415 621
537 318
41 151
99 92
632 555
513 82
299 796
944 534
168 47
85 49
991 794
409 375
656 23
243 342
93 812
578 332
206 460
334 911
815 918
331 347
14 640
886 340
49 863
723 319
816 281
88 976
611 751
205 100
927 499
104 691
300 337
535 914
795 50
53 874
610 499
679 104
629 512
515 410
807 518
382 820
27 592
61 176
302 302
431 941
663 281
420 523
910 158
208 640
170 348
640 297
810 974
562 872
20 589
326 861
166 643
923 622
138 810
861 939
206 715
966 403
214 539
20 939
973 564
920 472
978 642
458 118
912 59
872 926
638 759
844 864
830 929
214 660
190 74
396 179
962 819
594 423
131 662
681 577
103 600
304 590
20 831
6 896
400 823
324 10
785 405
312 710
329 125
370 126
848 690
163 587
488 118
908 475
856 285
168 436
723 695
635 811
398 898
392 824
65 429
882 422
87 713
82 369
868 524
501 767
210 554
600 709
213 71
97 88
742 829
310 906
478 719
464 821
762 249
583 18
417 480
563 305
457 781
83 82
126 681
919 583
165 380
798 64
509 190
863 422
324 373
343 423
422 716
328 263
634 306
709 894
745 551
289 271
151 566
516 435
719 794
295 732
102 566
914 481
836 561
705 78
784 371
916 32
58 681
278 913
157 394
688 30
182 158
261 222
849 392
847 548
687 330
728 331
931 956
714 433
731 602
153 625
411 395
889 959
870 680
166 335
529 158
47 872
391 682
840 545
465 631
702 86
432 225
970 803
844 664
168 115
402 53
241 859
444 464
571 505
411 287
763 446
909 500
523 693
499 107
311 285
22 182
908 46
357 926
219 467
673 408
459 156
617 742
39 765
182 521
682 578
668 680
718 272
761 642
912 811
953 812
392 516
736 814
70 990
868 216
703 408
565 932
446 752
242 693
13 641
162 175
420 470
280 167
772 629
684 516
648 593
754 760
119 249
17 467
77 481
755 167
977 280
894 511
586 358
677 742
11 652
90 945
368 401
230 467
45 421
912 235
110 779
857 70
160 896
957 651
757 68
122 789
87 539
577 137
838 178
153 75
182 776
416 714
686 538
89 319
801 296
264 320
295 424
768 119
729 127
440 24
450 712
963 65
252 202
119 841
136 27
265 666
851 9
966 713
415 610
258 892
621 715
411 905
32 91
868 592
563 481
45 784
654 74
535 648
659 189
667 309
875 487
732 667
964 7
928 84
878 492
748 648
605 74
407 89
922 949
163 897
719 849
870 493
629 138
892 777
966 726
372 253
754 318
704 726
594 854
382 675
79 903
690 562
905 487
946 488
397 17
798 361
721 141
592 256
49 502
35 567
596 900
434 84
164 452
340 156
427 44
504 264
500 559
11 102
477 804
577 513
623 629
191 972
598 47
947 955
534 557
111 454
152 226
621 970
853 273
844 719
719 44
944 428
24 162
855 90
538 383
58 978
115 51
75 918
317 680
380 211
206 583
25 508
439 791
897 208
434 447
962 337
464 326
199 809
433 976
133 455
367 393
317 801
284 395
616 868
996 335
160 588
719 286
765 173
835 912
62 696
833 573
317 922
243 478
430 570
210 301
123 827
833 694
277 476
514 160
794 214
936 563
308 994
707 474
58 294
608 697
589 455
933 228
761 939
916 813
337 877
602 165
555 53
502 715
882 182
32 12
994 625
484 523
300 473
167 358
676 464
528 300
431 367
646 292
59 761
986 397
399 600
750 120
989 402
600 590
667 351
562 69
880 644
419 20
811 544
537 12
693 754
332 546
63 358
156 549
832 832
670 770
274 541
950 824
912 303
683 480
516 74
779 713
312 15
33 600
454 364
583 249
789 354
715 139
632 370
582 778
114 444
62 254
530 359
814 118
320 549
707 958
273 208
56 210
448 963
121 605
947 418
69 149
487 662
406 966
913 16
818 947
935 300
411 34
89 508
625 488
812 85
662 555
835 483
945 843
150 380
599 206
689 136
479 555
441 34
146 611
946 435
705 80
968 719
725 961
425 440
392 34
455 319
992 29
787 792
983 438
620 386
754 386
110 284
148 576
294 630
911 306
202 812
329 853
475 907
698 427
505 32
763 556
264 872
105 98
143 353
146 624
173 461
302 117
902 378
828 392
828 163
943 150
884 738
606 730
331 525
778 985
951 913
913 392
266 810
522 507
883 220
850 43
244 233
65 2
218 998
629 569
582 228
348 61
102 823
716 228
843 269
12 112
31 125
229 864
275 751
719 233
397 219
591 462
902 849
374 464
384 923
198 238
621 341
915 559
965 151
868 218
123 64
73 243
130 225
894 392
797 688
652 41
984 514
240 770
928 878
289 662
13 993
177 192
756 808
71 705
43 606
607 419
428 942
137 241
562 942
703 881
385 77
395 536
964 922
642 413
956 280
319 891
933 296
262 128
253 537
738 57
79 421
762 414
593 642
221 999
967 294
518 993
382 314
268 966
598 612
797 4
747 412
307 665
414 239
180 72
717 11
575 830
212 24
915 935
132 260
261 145
505 771
1 972
780 710
646 481
527 264
852 586
119 735
26 507
733 140
862 779
879 194
347 599
543 245
584 771
13 430
261 37
211 445
494 733
263 83
901 74
669 505
37 494
502 99
493 545
639 599
267 956
811 854
401 956
437 384
913 313
137 617
140 97
114 862
683 790
516 613
340 158
455 145
965 890
374 156
90 397
621 33
161 48
419 572
460 610
482 103
74 803
932 339
641 621
830 557
250 507
649 216
530 790
635 89
320 980
991 919
92 564
479 973
535 87
559 444
335 699
373 991
321 572
118 472
805 621
147 126
367 395
60 881
203 637
678 930
832 579
419 935
1 193
288 223
618 98
986 265
246 226
705 511
283 522
352 881
558 986
594 643
659 809
700 581
529 699
815 238
27 717
975 227
607 474
125 996
701 109
684 465
288 465
656 632
307 478
766 9
764 165
380 468
736 66
834 409
796 117
531 637
157 130
63 239
973 689
156 430
851 992
962 5
716 538
669 426
259 299
195 543
957 829
594 777
888 995
757 17
225 422
743 119
538 882
450 769
276 653
319 20
78 897
358 951
50 835
913 944
326 181
878 657
85 792
532 20
8 20
643 302
285 557
627 294
720 256
940 525
324 256
394 729
494 438
684 10
326 302
66 900
533 780
323 970
376 833
508 198
580 74
452 562
703 144
37 320
923 184
80 690
890 7
212 321
919 708
611 326
459 952
490 36
734 662
467 547
228 36
118 393
95 675
618 487
544 501
805 542
827 72
908 963
846 85
870 442
283 911
327 917
437 560
588 958
256 219
489 198
208 444
411 278
629 437
551 783
46 796
701 498
618 729
733 450
227 807
282 514
268 350
161 224
973 139
639 788
732 979
45 49
248 637
793 437
504 334
95 809
704 99
604 915
401 98
695 279
483 396
207 461
386 463
480 327
69 527
611 810
220 925
163 391
555 915
94 291
402 407
407 522
95 930
576 974
172 884
190 938
651 101
67 50
308 930
686 287
639 212
816 811
47 71
948 967
401 340
759 48
731 969
678 877
827 448
418 923
611 823
751 574
140 649
231 13
2 944
131 829
164 777
437 118
640 706
132 7
252 72
708 877
212 939
821 754
711 128
413 700
108 589
438 464
70 68
80 490
85 605
547 636
905 115
555 231
808 411
12 248
297 646
923 105
80 611
812 8
514 580
918 929
673 78
370 77
153 79
540 488
264 324
314 670
589 646
965 408
724 16
285 612
333 131
123 321
467 131
871 709
609 480
36 847
108 952
975 537
782 371
586 496
726 247
387 781
51 566
968 534
701 190
133 901
169 329
411 91
879 196
538 132
457 961
209 896
195 732
490 91
478 791
770 145
324 553
525 314
320 848
904 81
548 217
143 397
721 145
82 912
794 889
720 674
434 88
769 832
287 792
208 270
304 207
846 261
834 961
39 461
648 276
18 109
498 746
620 443
210 50
397 142
266 854
117 502
904 94
881 376
148 754
578 338
705 379
220 630
660 902
71 507
577 867
461 921
226 795
954 36
73 287
670 277
290 56
837 454
23 466
375 100
655 154
108 281
223 231
985 554
61 169
849 693
11 348
52 349
88 43
458 808
947 972
64 359
905 975
297 338
333 749
42 48
811 522
552 527
717 631
50 811
859 980
408 290
243 711
961 439
94 359
61 182
570 59
162 5
731 916
885 336
854 986
749 704
600 581
509 988
686 355
751 750
262 64
336 13
486 186
986 509
545 537
335 956
27 840
517 704
195 653
797 758
470 363
74 363
924 533
872 114
783 530
75 480
14 204
79 599
984 705
772 822
821 943
622 999
201 417
638 189
784 243
216 954
211 381
467 307
780 767
486 320
257 497
133 956
84 17
378 723
171 430
369 674
735 243
47 623
759 600
647 130
98 854
528 667
803 377
968 710
145 148
871 777
236 266
268 218
620 377
909 251
83 438
743 713
289 277
55 110
495 382
335 164
813 957
916 146
1000 783
21 499
477 742
318 197
953 442
987 26
905 896
559 259
154 210
775 557
919 13
943 141
585 433
566 154
571 498
411 280
736 565
804 211
160 634
325 213
32 863
35 639
711 922
230 97
782 573
496 216
969 665
716 219
253 983
5 881
182 285
393 734
990 724
183 924
521 919
254 575
648 694
708 745
548 527
551 798
587 455
752 34
979 979
399 404
344 468
316 406
236 871
965 34
500 163
832 636
472 101
760 504
586 351
484 340
728 700
709 458
616 230
291 699
791 756
730 746
804 695
298 823
969 799
661 646
418 925
380 633
196 812
187 992
77 366
144 127
171 1
360 425
332 592
791 877
852 335
150 63
270 882
251 640
339 487
448 659
699 12
492 702
472 235
986 456
931 520
298 836
58 595
347 469
811 603
322 412
720 421
904 767
866 475
860 172
134 68
70 541
829 364
937 126
474 136
312 74
85 849
489 939
900 244
743 526
385 552
734 477
922 942
264 447
649 783
487 721
220 606
817 596
196 20
690 555
165 670
485 123
51 568
819 413
423 147
956 647
727 824
188 21
785 11
611 383
941 258
404 844
627 364
902 303
986 940
991 789
956 768
259 840
364 627
162 907
415 858
845 671
300 319
219 394
828 209
915 363
612 96
185 517
670 37
983 268
771 89
597 727
963 784
756 720
613 671
580 494
527 402
141 861
301 850
347 966
306 928
218 815
532 453
396 858
31 171
790 223
275 797
481 636
682 397
668 499
580 615
477 931
792 40
120 630
78 633
568 268
475 40
55 649
187 805
655 156
774 107
713 97
864 266
852 966
43 302
478 230
854 975
969 962
719 521
916 577
33 230
599 870
468 158
781 389
511 528
371 225
598 416
73 531
183 174
978 408
358 929
721 752
922 742
554 346
633 639
540 411
330 867
535 104
96 700
462 757
429 580
892 341
484 287
589 569
580 749
960 216
934 981
538 523
235 485
69 947
210 657
75 469
140 598
434 816
976 870
919 336
387 475
979 121
703 711
141 190
664 231
335 958
668 875
676 699
277 724
538 994
404 765
656 757
613 121
986 632
540 545
647 119
695 833
318 883
10 730
101 848
935 522
706 699
715 24
582 663
821 945
36 904
894 935
675 73
718 709
850 599
431 615
558 427
145 29
871 658
353 961
339 797
777 471
774 725
8 963
534 484
78 204
919 820
427 92
330 425
671 489
624 377
524 964
136 330
805 425
650 551
125 437
818 135
873 825
372 543
933 839
737 964
220 445
693 894
825 259
16 386
296 669
714 428
332 97
631 659
414 432
946 670
509 669
872 492
481 341
200 328
269 687
916 269
126 113
259 908
534 847
832 275
510 261
317 620
3 164
558 911
723 261
420 452
948 608
483 508
519 165
170 48
829 916
923 551
212 688
793 441
578 516
672 151
751 444
393 736
831 144
291 459
879 858
796 860
87 400
500 983
668 796
916 632
390 293
430 860
549 57
215 935
667 49
961 267
830 979
140 532
948 971
874 756
588 399
354 232
794 275
68 363
312 989
783 345
516 1
210 483
782 120
553 297
625 173
914 47
396 350
850 291
321 176
777 981
992 640
207 828
628 592
530 57
339 489
306 312
77 489
727 571
751 928
498 253
430 55
511 946
990 163
922 931
719 831
25 945
443 704
391 248
630 530
217 886
957 659
49 484
524 777
976 120
688 885
337 133
669 606
600 772
94 900
869 933
588 654
266 603
880 8
849 429
890 992
205 889
365 87
425 138
301 597
777 297
121 895
185 156
532 200
239 621
354 608
27 213
495 318
808 778
238 433
659 426
2 156
669 848
901 188
512 901
149 849
106 213
37 379
161 149
628 29
745 614
344 270
165 564
531 133
863 606
744 914
12 965
603 911
279 262
256 278
662 737
95 855
764 950
122 463
409 493
271 34
997 434
904 206
231 635
726 614
638 730
8 334
286 278
267 36
364 871
964 378
563 34
785 147
881 609
661 340
499 278
77 60
649 222
180 912
887 279
417 101
155 101
119 407
248 817
600 451
398 990
219 530
296 979
712 628
698 730
808 107
968 96
768 974
551 158
167 461
236 820
791 813
138 928
749 816
513 805
895 870
881 972
331 828
377 944
213 284
163 692
237 412
572 631
345 174
234 114
886 3
645 880
282 828
483 818
548 947
224 823
287 125
667 346
942 285
677 805
467 995
138 2
415 539
652 223
915 862
940 626
898 400
484 760
840 395
696 121
546 591
152 960
618 467
188 654
562 306
218 267
691 716
644 604
107 665
52 729
430 123
44 87
250 421
305 128
224 957
948 234
53 550
122 155
939 414
120 82
235 32
47 506
635 942
435 322
541 489
200 196
857 725
177 966
521 776
455 193
212 206
167 958
468 886
526 73
853 202
770 204
300 255
618 830
897 16
664 717
855 19
409 427
758 86
936 358
927 309
104 501
673 392
586 918
6 343
694 451
922 315
159 558
11 394
786 390
502 631
488 733
560 84
813 35
166 453
133 276
969 548
532 510
427 228
960 728
710 553
825 503
751 325
912 916
134 851
772 613
648 806
680 795
550 685
719 228
116 164
622 561
947 92
33 166
150 751
186 408
602 94
345 926
460 913
343 99
67 164
740 701
523 932
848 500
165 995
471 513
705 451
961 148
976 685
689 857
243 770
512 406
999 524
570 347
922 691
824 119
485 690
886 997
540 360
741 350
584 403
556 570
809 750
704 468
685 226
229 175
327 252
762 180
896 409
612 650
78 945
926 288
444 19
967 60
289 899
182 773
168 838
195 712
83 242
322 524
850 643
349 132
435 135
371 645
991 538
779 884
116 540
952 812
148 263
464 994
445 715
885 758
637 656
814 60
320 720
475 365
375 427
977 761
554 658
172 327
70 545
870 369
78 140
594 959
965 643
607 898
115 961
476 186
610 940
197 505
54 722
492 130
777 528
409 132
942 595
138 312
126 975
360 913
862 77
24 964
895 25
695 903
5 456
462 143
99 91
677 68
128 792
558 605
668 248
169 564
939 711
378 674
469 38
518 425
646 839
183 849
547 79
478 208
328 678
502 565
906 426
851 719
96 557
168 167
919 72
477 922
764 952
926 785
549 798
795 36
851 611
538 151
548 573
419 688
97 637
988 845
845 796
738 441
994 367
811 394
682 509
776 144
291 395
282 575
53 752
590 691
221 565
166 629
900 624
397 269
591 512
902 899
47 119
80 67
687 745
618 911
79 337
896 330
185 992
390 229
763 740
92 572
868 268
697 386
155 103
532 578
259 160
553 112
935 968
902 791
992 684
794 211
782 874
620 812
711 176
124 645
650 166
287 114
636 2
121 347
363 109
836 63
641 53
937 869
486 179
665 410
133 815
976 43
274 296
306 248
908 582
374 877
639 165
277 944
330 53
817 171
710 45
964 864
697 520
298 774
105 645
807 880
898 281
578 828
149 422
443 640
718 579
355 527
797 872
28 132
107 425
5 377
767 700
316 10
381 664
348 487
506 780
19 433
839 172
772 936
844 287
407 249
217 125
907 306
208 305
320 546
898 523
557 193
428 79
567 652
763 298
157 259
52 731
325 72
867 126
509 418
385 382
816 309
866 655
150 256
781 59
581 708
410 560
143 445
437 434
578 373
36 90
982 988
96 141
8 257
500 490
806 8
288 836
246 839
667 603
741 552
787 897
658 783
350 667
191 85
215 442
110 160
817 776
123 853
714 311
459 21
144 912
142 85
116 850
279 90
19 917
85 224
673 394
851 666
106 283
782 566
275 735
756 779
517 268
484 91
503 104
618 845
79 42
791 507
529 507
647 499
848 489
526 209
839 669
853 338
803 746
916 623
714 674
979 154
37 691
386 808
536 523
787 105
431 995
396 220
819 848
948 733
120 810
906 736
384 102
730 510
622 913
534 46
402 415
933 51
817 105
354 115
791 870
464 512
238 169
546 56
691 639
704 578
864 567
649 413
602 567
626 695
206 72
500 290
343 572
665 357
45 649
549 411
664 169
96 880
141 128
600 642
672 747
39 80
355 582
933 293
303 126
547 752
487 472
533 588
290 601
884 293
975 640
39 201
113 123
505 876
32 198
362 827
668 116
351 180
328 196
709 827
509 473
813 884
500 424
352 260
725 771
594 22
26 504
31 848
893 355
48 263
829 599
741 715
975 653
176 714
229 311
905 594
984 887
202 851
134 424
301 601
58 843
359 542
341 902
778 903
108 142
416 29
233 551
491 846
219 387
692 836
926 774
878 962
951 952
760 189
182 212
443 253
236 677
962 323
769 948
452 975
226 669
105 379
480 27
784 667
101 115
658 972
366 46
75 328
756 726
178 749
947 28
484 267
948 896
7 867
332 398
141 867
428 860
226 911
290 172
152 696
551 967
353 457
321 919
696 796
623 991
103 467
239 62
423 408
813 334
893 34
55 884
449 811
705 737
768 39
159 749
878 399
415 409
409 860
373 183
285 70
183 288
936 791
667 337
438 514
722 44
677 796
911 734
264 361
685 162
318 863
874 815
282 940
970 523
748 447
858 53
321 114
40 360
119 653
45 704
664 453
475 288
91 591
39 135
591 877
708 230
372 52
592 55
987 584
780 520
665 304
439 227
847 52
879 233
554 473
134 116
655 525
686 363
732 479
845 356
826 114
404 650
930 171
101 612
866 415
833 238
895 887
700 123
731 227
340 76
928 246
895 69
84 830
454 363
827 874
495 135
99 135
651 877
618 471
716 777
650 423
428 310
969 176
396 543
996 13
170 954
113 420
663 69
393 245
434 17
174 844
380 949
600 952
264 737
768 536
625 716
597 654
676 947
60 449
146 489
863 544
183 785
434 367
857 729
461 729
222 218
693 69
230 79
887 83
33 962
143 339
36 213
705 308
41 328
132 446
938 21
57 272
218 863
102 917
570 793
831 834
44 454
118 403
508 558
214 111
200 213
337 447
750 616
249 334
185 578
936 483
826 611
526 319
13 737
663 324
324 629
411 746
280 34
39 874
815 866
31 232
536 633
990 840
677 380
770 571
47 176
150 863
286 229
733 689
506 232
454 42
736 923
717 681
734 96
197 120
271 106
381 466
417 160
45 517
688 623
812 918
996 510
801 271
952 440
74 171
528 112
865 966
342 925
786 636
376 509
436 523
100 345
821 630
628 464
201 922
724 926
958 110
283 695
66 468
874 870
160 66
979 169
868 567
794 389
620 990
678 177
545 587
360 770
988 110
671 174
128 649
90 128
867 988
746 698
811 827
286 713
877 400
519 655
963 174
202 490
687 239
761 188
329 531
375 418
34 125
584 757
385 547
882 599
384 588
296 475
530 413
722 583
746 940
562 365
496 11
680 357
284 357
798 349
531 234
476 298
101 909
641 136
720 429
197 388
902 406
884 766
958 486
526 829
529 80
983 250
950 73
532 85
779 191
32 671
302 266
202 853
315 501
650 720
763 368
441 88
196 257
514 832
519 910
104 668
352 504
200 147
236 558
917 956
268 510
144 740
493 894
469 271
899 84
964 479
730 312
771 84
435 623
760 191
256 392
724 268
457 153
811 156
136 741
953 734
684 317
362 37
308 969
955 551
251 206
283 387
223 107
517 325
981 954
179 37
776 27
7 748
786 449
72 877
87 219
496 387
147 233
595 100
624 801
913 446
930 615
415 398
957 452
943 554
370 921
222 757
669 988
417 215
307 343
298 752
986 372
64 356
609 156
991 221
457 287
121 338
630 215
833 803
626 739
170 459
511 523
207 526
983 747
991 342
233 929
364 180
336 118
948 911
528 288
717 749
192 110
417 457
81 242
647 919
727 390
806 683
326 46
828 930
410 188
693 742
703 935
937 873
849 235
403 414
105 757
58 416
350 524
649 820
126 550
449 237
492 873
261 186
495 124
770 63
59 991
338 177
105 878
769 629
700 4
635 814
905 638
285 664
307 948
21 591
613 237
255 529
241 365
461 368
175 11
311 838
163 711
636 369
4 129
175 950
770 305
756 178
594 79
962 246
348 612
29 78
447 591
947 648
312 137
97 212
427 87
900 536
974 485
509 651
607 957
641 541
448 146
489 184
86 733
953 547
805 420
394 849
185 446
396 895
592 312
127 441
459 951
970 901
416 86
228 264
899 957
140 151
940 995
31 918
404 197
273 680
548 390
88 900
262 787
468 892
757 729
888 431
117 325
621 87
846 434
101 280
139 572
452 803
529 498
992 259
601 603
804 437
730 259
205 374
181 983
740 681
215 567
853 329
454 31
695 157
478 388
287 857
230 323
414 669
340 454
460 785
684 264
343 200
466 41
672 146
849 974
35 986
150 973
66 336
589 377
673 748
93 173
733 799
53 811
894 609
118 876
756 904
479 101
123 991
272 562
23 989
553 989
389 329
370 50
862 512
512 170
949 925
291 925
671 163
392 748
850 165
404 573
371 167
178 1
954 222
475 224
36 820
490 761
75 519
434 866
33 293
392 869
497 922
299 412
106 1000
309 871
352 9
68 250
577 127
273 130
314 656
503 592
878 469
459 751
127 12
15 774
674 181
333 117
992 756
417 525
31 489
576 289
507 418
434 879
124 128
481 136
40 430
425 241
67 533
457 947
691 885
718 759
842 300
88 592
792 708
140 782
984 878
437 251
767 880
247 356
27 87
663 5
30 92
90 143
580 7
425 133
70 430
111 431
205 66
537 310
188 836
797 126
534 655
317 657
451 657
148 619
578 432
702 10
638 483
574 727
892 70
434 195
914 539
702 131
701 660
585 714
57 329
81 686
582 968
593 80
553 910
529 324
732 912
821 432
518 660
85 512
475 963
673 453
544 568
406 338
506 47
230 149
491 153
157 802
981 17
416 504
71 735
369 163
797 381
428 743
717 617
896 94
441 682
78 630
127 522
668 617
415 171
673 695
313 389
309 913
645 633
698 496
362 510
818 561
969 959
752 207
242 859
132 987
292 222
975 215
266 987
405 99
350 163
164 939
644 344
888 741
442 920
533 513
970 285
963 97
701 97
683 228
911 846
295 348
391 56
855 685
234 109
477 244
260 475
26 308
232 413
77 539
517 811
999 814
405 341
219 888
798 43
404 641
970 527
357 300
893 280
96 939
823 221
809 811
840 161
635 924
346 821
748 572
839 165
524 827
813 701
775 180
155 701
100 765
871 642
857 478
53 424
581 809
194 134
20 247
617 8
144 313
999 827
429 940
663 878
415 776
506 894
482 951
306 496
717 67
656 57
515 81
205 121
726 301
929 889
696 358
376 942
238 712
887 892
302 202
608 16
520 132
100 778
392 132
208 311
3 845
600 835
586 900
870 430
656 178
93 738
559 16
607 959
271 781
753 784
720 607
585 419
175 255
758 310
376 16
959 71
680 656
542 951
197 687
300 142
813 138
419 736
501 546
334 140
742 608
269 913
952 189
525 610
136 798
824 906
1 344
381 336
427 223
936 366
642 148
760 369
705 433
242 443
686 154
134 846
34 679
982 189
841 213
110 637
31 115
182 513
630 380
415 226
948 726
728 457
277 521
822 321
808 157
390 169
518 849
678 47
721 683
347 213
613 857
425 806
907 809
318 680
738 973
77 473
696 747
928 50
611 114
76 773
255 452
642 632
554 519
996 635
140 650
198 591
382 183
332 591
354 350
440 124
236 65
358 994
174 419
208 3
306 309
27 894
302 833
773 684
603 532
382 533
635 750
646 350
457 828
685 692
102 371
821 58
453 305
976 117
967 526
241 422
628 831
626 4
282 194
892 877
773 697
515 136
836 487
113 129
25 16
114 731
477 554
315 721
912 482
317 538
148 729
487 949
430 415
592 248
621 949
836 837
416 22
641 369
122 447
48 269
851 593
648 264
262 723
601 189
630 890
812 601
51 917
954 950
11 94
673 442
810 942
712 141
694 501
699 845
14 742
196 490
197 863
121 87
7 739
497 603
598 389
330 611
338 960
468 23
791 676
221 560
958 35
858 851
605 442
747 791
776 260
117 624
700 679
593 553
679 327
937 851
183 160
782 748
202 173
702 725
67 214
12 278
256 638
113 855
908 335
438 157
388 565
379 974
396 160
844 27
391 984
39 7
383 571
773 497
527 993
599 869
62 930
850 222
772 797
992 800
276 630
474 874
618 101
936 676
862 461
751 859
209 576
586 297
314 592
102 184
742 810
391 58
470 351
37 994
890 910
838 454
783 289
834 749
302 888
768 166
943 921
728 996
515 888
995 64
736 298
643 521
13 125
491 652
202 549
904 821
824 303
787 421
363 588
974 247
734 760
321 362
51 501
990 228
398 545
852 752
869 167
819 346
829 768
634 529
6 206
345 426
666 481
666 252
504 190
225 775
371 829
863 537
646 768
384 768
10 971
765 86
21 608
337 319
153 498
70 958
851 540
171 781
895 317
93 861
509 776
321 725
283 204
355 309
462 206
66 206
217 604
326 776
364 802
237 209
674 735
25 555
176 199
393 722
797 317
599 561
271 207
992 492
923 658
615 505
565 913
804 441
680 671
104 969
751 551
585 784
213 912
72 936
524 508
923 779
618 143
64 523
509 910
306 56
803 862
756 787
178 810
682 572
28 48
451 151
819 843
6 703
847 87
293 467
100 338
788 446
939 90
397 561
796 41
980 387
787 221
324 985
987 511
558 105
210 819
719 696
199 172
75 402
548 60
658 457
88 341
814 970
525 867
216 755
780 339
40 529
475 457
848 968
196 813
617 52
825 984
792 807
943 976
974 289
357 357
343 459
849 65
453 65
843 745
361 476
270 883
284 229
740 243
432 127
160 193
103 891
786 884
973 976
505 642
407 70
766 646
117 8
347 699
328 191
418 350
373 836
220 365
44 139
11 191
720 422
72 615
594 956
146 537
970 947
192 424
71 134
172 674
208 368
149 956
283 956
515 259
17 19
793 240
163 73
182 86
233 546
21 663
814 299
141 728
394 908
800 364
48 271
953 377
543 479
719 146
371 897
882 847
445 846
590 675
287 903
648 387
201 836
416 495
500 903
947 131
197 865
468 133
850 198
561 95
800 377
273 860
794 74
973 305
548 570
457 159
374 390
589 315
604 852
170 331
799 273
706 82
446 680
124 629
141 44
272 729
527 753
164 701
673 807
267 156
561 337
612 568
82 110
832 571
87 454
157 927
229 803
857 106
261 984
278 170
553 109
317 98
135 121
368 329
934 969
153 929
279 516
182 812
865 88
825 689
118 827
190 178
761 933
203 871
800 861
332 527
681 681
10 476
712 748
505 684
268 771
632 230
804 751
692 281
866 168
994 848
25 986
118 948
219 1000
406 597
455 984
541 4
164 17
806 918
629 53
345 294
52 715
547 923
280 579
651 751
389 751
752 574
716 880
141 420
180 348
116 592
135 605
781 982
454 587
478 944
500 474
832 947
610 871
329 592
678 480
942 526
186 957
826 351
974 249
927 174
729 418
316 20
780 649
241 600
43 90
254 310
842 709
307 136
201 649
924 778
927 295
853 80
500 716
952 59
976 416
637 721
139 444
901 13
180 482
460 536
785 67
683 19
850 950
965 937
234 718
191 82
257 850
503 88
329 955
525 601
938 16
561 29
602 67
497 539
48 447
650 781
731 706
631 539
534 606
284 431
105 200
22 394
528 791
481 450
71 552
217 377
134 608
428 789
593 368
846 319
629 550
758 435
73 332
475 83
471 378
435 455
71 673
420 561
57 509
776 196
542 29
547 373
227 920
203 563
557 566
144 922
460 899
450 211
620 851
45 391
91 507
127 689
624 741
531 550
641 681
374 566
503 451
718 376
649 505
88 209
575 327
770 566
370 861
257 166
749 857
969 897
950 618
144 225
426 325
285 349
835 264
646 99
147 415
224 864
67 163
339 356
523 931
131 821
932 52
510 854
123 179
73 587
885 502
45 754
893 97
941 811
540 467
378 405
154 926
113 925
792 688
93 421
29 931
189 883
6 947
950 981
251 980
824 118
89 652
416 818
56 246
443 692
401 924
84 759
514 572
813 868
472 346
463 755
174 652
764 454
31 832
375 413
633 937
416 939
488 290
818 165
890 41
410 370
446 64
537 182
280 526
115 947
646 583
159 236
701 290
902 280
766 648
513 993
205 877
972 753
981 344
581 868
227 370
820 884
106 80
176 819
634 236
639 580
754 530
759 645
156 840
333 244
434 67
678 427
461 658
934 124
199 429
326 470
455 126
105 242
193 89
881 234
547 883
440 491
935 699
357 722
300 188
35 671
775 481
21 773
816 482
833 422
640 256
590 435
483 309
772 183
684 299
529 425
479 833
105 363
676 889
710 473
789 766
228 204
179 19
533 22
529 317
188 24
671 895
462 492
474 731
749 441
83 617
279 263
721 608
74 797
449 674
819 887
487 148
98 107
356 631
918 371
821 667
148 867
269 864
341 215
463 326
501 618
17 505
669 165
335 814
190 167
126 411
630 210
189 467
901 444
376 559
579 393
858 976
770 863
966 509
341 457
924 512
795 398
32 116
467 44
577 175
783 280
575 516
676 568
146 110
987 689
106 940
954 283
250 167
568 742
72 309
815 353
204 465
382 471
979 461
505 807
481 184
937 989
279 760
991 700
447 344
958 294
722 283
457 766
37 180
534 232
243 248
896 813
459 812
151 430
388 114
205 932
236 245
917 872
122 143
366 769
283 1000
938 931
580 994
982 974
261 194
276 997
407 248
467 299
164 490
241 710
614 992
688 941
772 117
249 76
278 777
144 548
224 19
922 61
789 700
341 15
236 487
957 18
934 300
235 262
684 125
694 318
592 536
27 269
283 195
398 670
494 903
695 139
7 556
493 944
135 970
152 385
911 410
390 967
780 893
453 498
998 298
800 313
61 913
909 485
895 321
941 437
416 323
236 621
93 47
998 190
850 26
222 457
304 496
194 624
679 144
328 624
400 729
73 334
670 324
375 147
132 914
261 570
90 917
811 448
571 732
258 272
478 275
326 901
331 750
143 699
991 271
335 869
815 45
94 285
639 85
720 976
761 977
919 368
2 925
630 265
561 165
279 452
719 687
989 319
350 332
446 40
85 586
305 855
346 627
869 668
363 42
693 671
46 106
822 327
385 289
147 417
408 458
100 342
931 499
955 856
3 409
397 565
75 514
56 235
768 212
200 923
826 153
685 214
418 99
131 823
340 933
164 182
269 235
394 644
769 558
736 115
173 941
303 233
377 182
459 746
841 582
266 351
574 238
379 228
362 584
785 687
114 482
791 172
39 79
818 46
999 875
42 350
372 225
248 189
695 878
985 159
338 348
351 287
425 236
698 102
171 356
198 947
831 631
547 872
368 641
841 824
598 837
123 544
995 244
769 692
380 880
906 401
149 947
498 606
88 708
313 826
569 486
242 128
334 885
915 342
189 201
978 132
157 663
725 891
566 80
39 563
739 237
625 889
702 355
321 663
252 792
286 147
444 733
982 116
218 915
734 14
773 945
293 271
303 730
955 427
315 969
617 782
254 730
433 961
226 668
231 746
587 381
843 307
977 307
232 153
297 548
806 425
728 505
112 273
712 497
791 790
345 969
992 551
651 258
229 794
159 964
718 433
785 608
9 912
212 746
826 905
292 446
361 51
335 816
94 461
350 158
914 200
203 862
984 444
626 736
354 277
951 267
243 934
757 926
474 49
686 228
107 292
929 858
222 996
984 565
175 692
440 172
715 111
546 339
188 631
995 165
293 647
26 303
683 573
196 751
378 462
199 231
144 295
993 506
826 100
303 59
566 698
533 521
192 457
462 52
959 858
637 578
702 973
339 884
34 285
848 798
22 719
223 709
553 355
534 113
699 409
107 534
579 758
188 873
365 11
361 535
399 827
166 296
825 935
837 6
489 986
157 247
881 278
927 165
500 586
82 598
99 13
816 297
654 235
222 312
67 475
991 823
750 468
953 302
678 363
543 175
149 773
572 876
969 283
822 987
371 822
82 719
109 822
943 230
5 849
877 815
46 658
696 474
627 640
687 654
663 68
508 194
828 364
800 302
934 531
185 443
637 15
969 525
928 487
740 436
468 768
569 554
911 291
250 774
967 600
494 905
59 196
47 859
298 441
716 200
51 978
51 749
407 613
85 333
833 721
819 823
673 503
332 210
309 721
777 826
538 315
156 213
918 536
607 149
345 674
515 331
418 893
36 562
160 628
77 334
641 901
302 452
407 505
849 850
525 726
824 793
83 795
114 108
293 339
64 516
363 849
774 383
595 152
333 906
737 501
575 439
313 439
368 146
987 383
670 447
706 141
563 92
494 221
917 324
572 326
713 36
470 278
869 549
934 907
46 216
643 206
13 39
612 627
386 809
207 578
78 693
716 684
348 517
380 506
777 142
80 473
690 402
607 404
799 574
128 406
899 283
205 855
783 337
584 622
671 281
546 515
255 568
26 250
540 700
925 282
586 587
50 55
919 504
888 925
476 163
786 877
247 111
238 520
664 399
972 515
270 997
3 653
634 227
135 543
643 690
896 870
509 232
894 43
660 630
300 58
384 466
888 228
719 944
180 178
792 934
317 412
504 238
929 939
674 420
847 577
742 295
694 483
789 757
192 538
882 719
868 821
852 813
95 605
635 290
856 932
39 444
410 845
253 898
430 302
160 441
51 683
107 26
704 16
2 498
986 934
186 90
203 259
552 147
712 136
422 74
119 36
246 77
671 778
487 957
148 737
25 374
252 794
315 850
475 839
451 896
933 899
377 681
237 378
237 149
727 242
457 152
475 960
180 783
647 663
664 78
479 32
327 163
846 728
123 104
279 617
449 799
820 446
278 163
608 792
219 751
635 666
728 628
24 512
370 920
15 463
646 37
138 799
838 207
349 982
556 494
253 227
450 741
646 158
843 443
655 392
705 738
641 982
638 159
147 595
441 813
821 805
86 585
917 513
953 170
726 393
365 939
740 62
468 394
327 418
5 367
641 285
932 3
324 120
752 567
251 810
309 226
166 177
663 983
653 295
644 475
157 128
55 80
13 349
151 313
935 395
30 252
627 279
539 166
852 626
172 601
760 808
438 757
135 719
952 978
367 59
762 817
492 993
13 241
147 958
193 845
516 532
680 411
413 67
225 999
578 134
560 760
319 368
255 649
7 547
984 4
805 527
865 578
540 781
328 602
87 18
395 134
713 938
317 709
205 239
55 214
220 547
677 234
104 601
478 253
934 304
288 129
174 27
647 476
864 999
616 897
917 71
251 247
397 301
619 148
674 838
869 296
43 217
392 371
414 884
161 209
680 774
93 977
246 24
862 256
113 663
667 17
126 336
967 952
227 684
782 906
942 895
435 798
941 441
13 846
438 315
317 25
635 600
714 664
409 553
973 595
996 498
154 677
498 221
660 256
698 548
152 752
446 970
86 398
375 272
549 159
867 734
116 48
19 344
827 554
412 275
240 986
403 226
67 277
377 991
242 803
696 973
948 965
800 801
220 226
896 509
560 560
431 409
95 231
45 639
475 452
895 809
301 336
800 922
20 996
833 281
824 232
774 640
605 868
722 221
792 923
78 119
472 689
288 639
950 987
438 812
331 420
587 117
261 361
352 250
554 879
623 484
570 823
193 82
219 256
628 949
879 531
669 721
786 74
254 479
684 292
194 199
350 941
587 130
363 651
564 641
977 56
192 769
176 7
770 251
742 418
179 12
843 995
428 487
679 69
83 718
391 605
427 262
597 710
872 649
397 127
536 434
916 426
667 890
469 380
226 659
818 305
45 318
513 423
573 437
210 385
74 790
110 447
349 729
550 719
416 490
285 973
672 187
168 159
52 213
692 839
953 843
982 349
373 39
502 678
4 438
518 888
410 860
838 75
628 265
880 486
635 426
381 509
372 726
413 498
774 440
581 311
297 552
186 455
571 791
588 206
987 440
807 738
41 976
784 791
44 981
245 217
355 614
479 155
484 270
279 740
523 871
770 977
699 50
357 286
646 160
983 977
821 915
347 507
361 176
139 63
834 625
686 461
553 346
66 753
914 325
88 283
275 109
384 281
945 577
907 56
208 284
585 42
917 515
494 412
755 682
806 913
702 38
542 574
795 754
970 526
844 387
16 235
543 166
493 574
617 115
851 282
914 567
821 110
649 821
368 808
979 467
583 467
271 646
99 125
726 24
670 880
926 806
673 360
103 244
265 831
342 526
77 780
55 203
798 513
300 236
715 249
799 886
166 192
205 120
60 668
834 62
913 355
519 953
82 952
935 639
835 701
589 231
701 472
214 88
940 983
227 781
626 298
15 144
328 604
450 72
116 950
776 996
980 8
541 604
141 899
222 329
424 958
243 388
788 188
5 974
595 22
165 963
192 837
801 127
151 799
252 851
61 88
415 91
796 951
753 86
73 327
890 357
586 323
99 501
442 840
645 674
557 561
226 727
964 656
628 441
740 682
857 35
320 96
729 789
778 385
470 269
919 132
979 146
643 197
822 199
899 382
124 800
605 844
297 499
71 910
878 215
341 276
598 575
973 489
240 867
465 985
530 148
53 223
581 379
526 443
317 269
317 40
126 472
558 102
926 269
369 580
451 390
236 990
249 929
524 639
978 809
95 233
174 526
399 873
442 277
430 977
218 303
302 940
652 272
160 298
277 883
462 111
411 65
130 806
992 47
983 227
759 748
432 124
850 637
941 230
877 511
627 565
183 817
482 884
34 465
722 344
56 483
474 242
102 599
93 779
293 840
637 650
184 116
977 984
158 652
889 871
722 694
254 360
727 809
295 886
854 584
914 635
625 532
955 407
850 879
757 651
831 637
860 291
787 715
960 872
676 884
330 476
674 774
971 243
704 128
90 494
637 892
38 304
56 846
842 772
93 913
734 946
729 602
794 997
35 908
863 13
409 368
1 277
653 957
403 28
495 785
919 66
332 269
171 846
754 901
69 798
931 305
430 777
127 739
286 274
351 669
910 367
208 849
56 980
171 967
515 511
843 313
788 377
664 82
218 224
407 914
727 138
639 254
773 483
140 570
589 433
200 621
473 221
304 449
18 580
83 975
515 632
36 863
416 855
512 563
956 82
677 667
854 34
742 796
321 214
54 624
329 334
705 850
237 516
975 445
889 442
173 989
460 265
204 339
699 281
816 866
234 447
850 450
762 337
230 742
385 350
6 997
477 582
697 622
81 353
962 102
956 324
372 44
933 340
247 278
123 242
599 171
793 976
66 876
281 764
570 638
704 638
960 564
690 703
710 389
679 581
472 517
389 748
791 233
705 984
75 817
517 933
284 173
537 353
605 228
82 941
216 941
68 548
684 228
648 305
224 243
876 169
784 580
514 756
839 287
555 528
849 709
952 164
30 377
257 834
990 456
384 646
227 433
488 703
667 934
229 708
573 252
96 364
471 241
705 179
820 129
238 713
539 641
995 655
761 488
525 477
112 79
898 988
530 592
203 197
138 482
532 601
905 883
382 842
858 542
66 313
747 711
833 714
327 88
301 890
98 36
423 321
928 722
47 973
721 429
932 612
461 963
744 497
840 996
680 778
114 101
480 424
745 907
569 910
25 783
457 211
668 660
948 714
965 129
392 496
473 155
959 543
651 198
804 440
931 481
50 732
163 380
113 788
44 917
801 142
345 91
919 363
924 212
120 683
749 854
3 512
760 491
302 808
910 435
10 407
786 628
529 972
23 871
413 797
62 45
628 685
705 676
966 680
854 210
446 156
938 618
693 558
304 746
846 800
324 166
540 693
311 641
204 515
727 556
470 634
592 102
943 854
215 115
841 577
832 986
585 99
678 290
576 508
180 279
259 572
507 408
952 795
759 629
102 359
284 107
468 453
332 821
55 18
277 885
621 695
200 113
136 357
122 193
774 873
510 46
937 113
936 154
960 511
299 765
459 754
109 870
868 693
49 590
811 122
577 709
571 177
610 105
686 652
606 629
565 362
591 240
333 470
25 125
236 537
833 527
943 170
345 709
815 658
713 876
295 888
410 838
628 14
36 139
108 244
569 602
709 353
525 532
348 899
236 429
700 304
396 832
206 671
500 889
882 954
149 137
16 776
310 499
776 6
498 964
854 599
45 201
31 266
922 245
608 314
114 974
795 140
459 191
361 851
607 89
143 857
972 187
480 250
485 365
705 368
655 22
622 828
338 840
30 687
167 433
520 551
38 548
282 908
134 781
156 274
178 33
978 611
771 318
678 90
14 864
666 790
380 433
70 207
209 551
820 439
985 543
121 438
268 636
390 333
357 156
97 983
567 151
682 855
816 855
47 115
41 41
247 146
665 164
909 790
692 267
821 677
807 742
572 616
42 387
350 274
816 976
979 445
239 406
263 800
904 796
613 95
45 806
632 108
573 696
829 622
48 57
903 342
56 406
245 113
112 981
391 167
795 516
335 6
835 329
651 508
67 457
191 752
700 104
774 807
286 760
745 520
795 866
700 225
669 646
340 178
510 101
400 229
92 113
248 360
253 704
113 401
646 635
715 240
536 9
119 889
22 956
636 361
143 428
647 227
666 240
561 712
566 238
695 123
910 48
614 989
639 753
859 756
587 297
702 284
148 664
872 466
641 533
11 137
692 764
893 754
315 777
804 416
978 303
353 251
119 84
652 584
289 495
760 117
305 476
71 309
170 22
309 366
395 369
431 26
802 235
413 423
702 297
294 960
774 136
526 71
963 826
438 187
980 241
990 700
314 151
698 528
529 490
183 82
923 646
56 795
922 421
947 185
341 146
253 262
560 190
758 434
735 945
707 617
622 775
245 34
742 840
286 331
318 778
626 665
712 668
15 740
280 28
373 219
285 106
486 96
183 95
939 78
724 678
42 321
383 385
659 963
795 329
502 979
968 486
918 894
51 60
252 50
37 916
453 40
202 458
793 899
996 733
330 909
677 953
715 979
102 227
281 229
690 397
960 29
874 743
230 678
785 671
596 506
348 633
766 163
480 560
526 676
493 499
443 678
481 933
85 933
201 98
445 687
440 343
174 638
17 920
265 756
392 43
309 45
746 800
443 799
890 27
38 979
957 754
949 112
155 517
315 469
29 112
222 12
122 74
717 220
37 232
663 923
15 887
434 282
637 641
893 567
81 423
256 949
391 585
969 333
382 536
561 767
753 708
164 542
747 634
126 21
599 470
950 993
411 419
502 537
629 120
185 372
758 5
759 873
614 226
788 113
707 188
600 62
968 983
808 765
109 764
835 639
747 755
654 298
117 359
370 539
507 773
340 367
752 52
69 547
124 254
509 819
573 80
932 656
773 111
503 21
236 431
7 608
874 422
662 14
53 724
249 370
70 893
212 488
210 149
504 367
847 706
938 299
310 501
203 375
836 22
331 789
620 663
4 431
771 78
397 362
732 86
527 620
434 429
630 75
272 367
234 75
258 432
916 432
645 841
684 540
111 907
708 897
422 540
983 607
446 668
91 440
132 966
421 840
440 853
355 486
369 155
11 447
310 972
272 488
444 972
841 379
562 964
636 913
422 432
155 88
55 638
261 972
158 93
338 963
322 430
938 433
649 330
495 92
529 908
646 261
766 97
375 212
977 546
159 853
676 325
555 35
414 261
779 682
70 222
240 108
47 467
537 331
845 218
973 898
385 233
44 169
794 438
32 115
68 297
871 621
714 149
769 610
788 623
989 613
145 931
840 261
690 465
289 121
705 36
817 277
552 760
739 852
887 750
799 637
764 616
788 973
134 220
259 629
611 522
148 532
349 293
291 288
81 478
595 699
311 940
906 332
323 11
438 752
400 231
603 819
792 755
987 930
51 491
393 457
541 584
48 193
543 401
237 883
656 278
890 216
251 229
398 656
692 874
871 876
631 635
292 940
815 944
722 753
204 827
854 414
527 662
943 348
869 170
84 358
667 938
125 655
111 491
78 314
606 699
301 63
941 423
583 715
705 412
435 551
177 27
696 592
412 833
49 781
66 196
477 962
43 441
232 902
837 716
567 892
422 474
568 299
193 156
884 10
946 659
858 775
178 787
401 307
745 80
781 528
967 718
259 897
133 492
895 549
50 494
480 307
91 495
13 841
591 552
639 71
713 20
355 312
728 557
445 205
202 218
279 667
241 146
237 441
223 506
823 13
589 600
668 893
759 257
222 806
368 143
785 431
210 688
12 215
517 845
691 503
608 734
706 259
54 333
256 925
913 966
724 801
295 624
84 855
404 796
423 809
846 912
747 152
39 294
283 920
281 581
883 686
941 102
542 393
201 329
607 522
73 817
178 116
133 868
477 412
86 756
623 466
452 584
507 291
947 563
93 651
201 450
421 224
290 936
272 101
301 573
342 574
540 818
323 66
278 589
713 746
400 286
983 341
792 810
501 109
592 227
831 509
371 753
216 879
519 651
887 818
682 120
869 212
516 353
689 281
620 410
429 879
396 931
248 538
349 590
332 946
886 300
388 289
664 867
230 117
543 348
832 185
670 123
129 708
191 125
564 636
798 574
579 944
49 715
405 993
364 726
551 818
946 593
118 441
591 136
401 241
520 192
943 295
327 26
365 547
370 891
98 203
101 208
918 467
344 380
891 778
980 298
456 32
354 21
216 316
450 254
419 904
935 3
629 485
680 716
771 309
592 603
499 375
113 605
51 922
121 200
296 955
891 81
497 716
309 894
249 614
557 730
142 488
480 483
977 535
927 943
994 475
903 91
773 247
514 252
161 622
427 741
582 386
45 447
366 502
72 55
145 799
360 687
938 435
927 17
946 30
588 322
832 682
207 630
100 504
105 848
315 163
989 602
3 571
851 143
331 107
551 376
434 794
19 286
877 546
338 268
648 982
463 677
316 923
218 351
792 852
892 561
993 384
491 631
615 926
458 454
705 856
355 972
969 377
446 107
415 757
55 185
490 113
343 854
670 983
164 357
384 397
408 754
732 814
18 10
465 470
803 465
388 223
128 821
981 737
188 872
731 333
218 714
887 55
744 6
821 226
848 100
51 722
211 711
715 473
169 714
809 108
846 175
529 468
340 303
966 994
969 511
441 126
630 816
676 932
421 642
113 526
734 873
352 542
771 940
337 419
827 283
827 54
598 194
188 67
157 717
289 607
812 419
605 355
545 75
463 945
547 121
631 758
359 824
312 483
637 14
354 894
718 124
16 606
198 88
547 242
700 484
827 525
39 967
185 792
9 832
14 910
22 505
927 648
949 895
715 728
795 428
249 669
138 838
255 191
463 369
804 433
771 256
707 729
41 905
853 554
322 366
2 684
46 202
240 970
852 302
898 189
199 151
278 444
971 667
797 780
234 374
984 606
373 452
896 493
285 339
505 379
422 610
408 675
790 740
482 624
544 41
819 246
289 983
755 490
517 847
283 680
976 903
778 393
329 503
86 516
223 521
135 408
732 398
616 452
203 808
558 447
95 457
260 524
562 337
341 634
303 113
290 817
1 714
797 96
847 442
967 278
870 574
851 332
975 627
455 103
708 283
295 639
107 817
312 54
47 537
895 109
649 871
448 881
910 912
146 516
891 633
471 47
373 707
627 560
257 761
286 1
568 919
296 460
697 804
645 348
617 286
39 309
691 989
765 938
529 173
264 656
856 568
369 709
424 645
735 278
671 751
745 700
184 929
662 931
2 363
659 633
703 410
37 586
148 831
688 58
60 489
834 112
195 125
1 259
699 826
31 138
468 930
77 25
944 630
82 894
407 425
916 531
723 402
682 364
546 769
370 543
411 315
413 361
757 888
232 20
481 495
489 356
860 528
588 69
137 133
381 264
802 523
14 965
437 839
191 140
812 716
605 652
622 592
658 20
88 133
993 239
828 431
905 126
461 903
194 788
304 431
973 526
606 998
205 425
686 203
85 508
252 96
386 850
670 380
274 380
153 90
842 83
737 555
503 388
286 619
382 327
836 268
428 968
445 383
618 82
839 953
605 786
691 789
682 969
176 380
102 165
709 614
146 208
698 950
888 27
69 927
342 39
856 489
770 974
713 440
854 150
963 322
63 331
808 448
756 29
412 219
687 158
353 807
241 337
480 619
617 99
419 114
124 166
129 281
561 692
542 450
793 32
872 325
506 756
579 746
978 980
761 228
91 928
483 220
719 756
572 972
966 862
102 528
928 341
831 445
55 187
674 461
844 384
577 528
819 556
571 225
827 151
713 803
207 177
410 536
102 420
413 53
363 461
179 640
93 600
489 48
752 687
838 690
304 2
254 410
598 183
686 821
534 464
484 872
876 164
950 113
377 480
996 229
908 116
672 105
271 993
132 420
723 107
508 182
602 46
915 277
199 824
6 429
914 577
895 298
574 886
197 899
632 827
439 698
981 752
360 139
659 701
198 77
874 360
693 285
172 842
698 400
248 837
614 406
303 544
471 357
817 765
662 891
333 652
255 998
828 365
82 252
841 75
400 598
362 306
245 724
752 232
785 180
321 719
200 658
993 65
291 547
681 473
122 738
337 663
357 83
744 492
909 825
430 827
578 725
526 306
223 268
880 309
57 501
585 886
444 910
423 558
877 11
328 964
216 494
400 840
601 601
372 778
917 312
595 32
283 440
305 953
713 24
625 140
809 486
46 204
175 614
555 81
703 733
790 621
12 327
760 715
884 256
22 749
894 715
569 918
474 92
708 30
264 282
281 451
640 798
582 564
241 271
535 489
939 84
135 518
300 851
603 623
140 633
272 789
363 382
24 687
929 793
915 895
41 102
504 92
730 849
590 280
540 459
209 854
634 94
374 921
429 628
341 744
248 287
196 97
905 328
276 800
885 844
150 395
981 552
571 159
23 61
9 163
919 613
396 572
303 115
729 452
935 557
799 925
682 111
30 185
40 644
263 164
538 103
409 218
116 639
59 105
369 819
327 593
407 293
747 627
470 992
210 129
137 819
770 466
632 532
272 226
131 250
351 290
884 753
978 122
280 989
490 304
574 941
209 62
429 65
66 13
938 171
594 132
392 412
189 83
59 239
905 933
160 779
751 466
866 941
7 951
387 189
337 597
28 781
301 122
793 584
686 192
975 66
51 913
999 423
352 841
584 181
539 933
723 525
570 17
470 79
38 422
313 132
920 544
818 533
460 825
237 487
66 605
164 911
933 190
957 547
558 838
656 592
620 669
339 390
810 241
526 482
416 610
768 15
200 726
448 562
938 426
487 490
473 326
533 377
189 567
607 326
97 978
725 318
766 319
40 215
578 793
605 896
746 606
173 744
949 965
135 223
186 683
93 455
304 675
240 919
276 613
852 480
945 442
573 799
344 976
191 505
361 162
796 319
256 634
129 270
248 221
236 921
184 731
621 732
822 493
439 203
45 801
513 906
838 437
893 144
554 678
688 907
856 262
424 568
691 683
173 986
565 278
663 850
671 216
230 968
1 650
362 629
926 671
618 555
334 796
962 99
769 724
204 457
415 640
110 4
462 163
357 635
467 278
62 229
339 766
180 450
106 235
455 160
878 751
551 393
574 754
835 566
103 122
359 573
870 523
395 1
904 107
396 869
501 168
439 687
198 66
833 348
912 641
736 644
101 133
610 276
557 184
942 749
107 887
196 407
369 69
630 110
167 120
246 938
596 4
408 182
802 338
19 895
228 251
921 703
337 652
621 182
645 539
974 714
36 431
242 536
250 885
319 490
322 7
505 357
928 719
205 361
382 960
214 558
121 367
585 996
291 549
805 999
79 141
681 475
254 896
359 949
469 555
357 85
147 275
45 493
955 943
774 373
335 969
589 593
809 367
456 212
415 211
120 788
992 717
707 733
839 889
842 140
735 14
761 969
280 373
817 83
541 148
252 45
656 660
694 915
370 37
793 894
853 908
719 679
600 499
605 843
809 838
28 44
6 928
940 540
67 386
210 694
196 796
139 225
37 214
166 99
85 928
854 207
248 397
436 862
904 967
563 674
207 810
716 687
325 802
947 556
993 672
437 225
707 49
531 89
46 340
49 574
147 880
508 105
2 233
29 107
499 810
942 562
422 38
64 64
781 910
946 452
528 464
87 987
517 46
164 416
981 675
901 157
125 461
120 117
185 475
510 43
496 108
119 121
50 287
895 113
970 930
26 832
934 455
121 877
931 157
788 108
867 401
220 590
980 49
985 393
945 994
912 817
394 891
502 653
512 883
802 393
694 365
353 72
494 11
41 480
294 660
32 889
435 370
701 755
976 694
547 288
758 242
904 296
97 496
729 938
762 886
727 111
95 837
659 650
244 142
274 250
595 76
337 720
631 938
662 251
247 9
992 422
18 445
857 197
549 81
504 604
237 489
467 951
960 66
800 602
786 667
824 959
937 836
918 594
324 84
558 22
261 967
663 718
135 333
759 426
570 261
305 781
275 84
216 672
333 25
775 141
128 330
694 970
129 969
650 146
256 744
639 482
880 608
245 97
919 536
988 141
47 341
690 447
832 796
804 734
535 546
275 88
639 374
501 144
528 506
638 149
497 964
841 737
858 152
944 192
333 38
499 973
17 970
903 568
199 452
778 802
690 689
170 690
646 390
752 557
214 881
811 871
794 904
816 168
948 324
800 160
958 746
691 927
639 737
730 101
878 753
330 167
679 809
371 693
847 622
618 799
406 125
617 574
639 629
996 112
256 73
835 689
95 879
434 345
781 160
538 402
529 353
787 877
769 42
60 777
10 956
421 527
555 756
491 1000
797 518
403 887
957 241
507 944
345 882
196 530
848 456
339 84
196 301
839 636
238 941
90 777
420 423
953 886
762 123
175 592
189 261
328 605
868 61
684 240
606 815
986 282
494 79
130 68
512 133
516 777
925 716
918 528
1 331
460 882
583 952
182 608
913 827
564 710
13 836
803 955
707 493
338 892
668 767
645 783
97 914
656 649
114 100
287 28
378 375
490 616
171 82
641 785
732 378
317 136
792 429
971 660
933 139
905 306
954 198
546 144
491 208
344 912
843 367
435 801
199 36
240 37
923 67
70 151
773 537
248 157
676 604
695 617
459 606
808 494
240 976
935 77
174 622
353 853
215 919
600 730
801 491
61 452
424 275
644 278
387 622
963 260
959 784
890 950
788 673
77 810
462 917
364 345
607 746
899 625
236 281
888 207
777 376
741 682
419 402
135 643
124 225
148 582
354 687
976 212
186 56
582 810
722 561
166 114
231 243
146 630
399 56
564 389
822 684
665 929
197 595
489 215
995 575
943 156
463 751
810 795
1 131
598 121
149 820
777 389
848 269
327 826
757 410
352 590
463 872
599 467
304 290
359 751
433 700
128 64
166 356
947 921
763 346
231 485
754 526
437 819
519 888
61 10
384 700
814 513
179 2
208 703
175 297
684 403
128 185
312 531
325 470
743 754
261 714
252 894
720 770
993 111
752 988
406 314
906 637
870 943
221 534
161 254
510 408
978 476
992 411
725 67
368 998
994 457
863 940
467 711
539 816
434 534
21 890
282 894
636 897
391 837
834 360
162 196
131 617
673 671
748 293
65 34
674 78
238 191
852 350
664 299
619 556
894 532
751 712
190 150
668 714
181 330
948 997
681 653
450 720
133 555
119 620
1000 140
821 663
576 307
311 561
149 499
302 741
159 958
854 22
998 710
938 430
57 681
201 137
844 243
519 446
371 319
133 905
731 73
550 964
815 444
171 150
498 279
145 915
809 895
647 79
322 319
883 615
308 384
951 261
82 566
692 495
380 903
535 548
328 218
240 105
842 210
88 502
740 162
93 580
445 510
496 741
81 462
475 618
22 821
875 508
195 749
854 385
14 408
363 562
74 459
161 872
164 123
485 969
540 639
110 8
137 636
173 293
431 817
178 637
169 588
771 922
576 683
953 404
312 344
826 565
881 272
244 883
560 860
673 471
549 701
191 993
956 796
359 577
438 870
997 568
501 401
212 298
162 706
774 1
701 691
508 525
618 922
878 58
304 237
565 537
50 357
449 591
655 171
256 425
438 173
75 121
273 779
782 885
60 671
877 930
393 817
448 258
217 591
828 479
411 605
240 723
909 818
804 536
694 664
677 468
883 536
993 179
594 433
179 191
153 956
762 246
249 664
901 590
152 731
504 890
917 305
958 77
930 998
963 946
816 896
484 194
520 605
327 439
487 428
798 61
46 197
963 128
390 495
689 828
563 423
628 323
153 30
779 721
919 472
289 39
789 133
185 103
988 198
470 501
93 514
222 924
872 23
266 442
137 557
579 673
316 973
634 316
144 223
966 560
330 90
822 552
13 154
505 845
844 311
710 82
516 216
890 134
658 565
601 31
740 338
373 810
242 98
739 904
844 203
539 321
21 395
57 52
241 398
722 442
796 391
171 568
957 982
970 921
62 288
788 917
686 869
1 12
209 981
69 412
882 700
417 866
379 345
458 638
809 158
48 474
92 517
245 759
138 404
334 50
680 458
554 53
418 458
707 295
459 984
145 299
492 343
259 815
92 409
284 579
306 72
574 826
980 53
849 765
99 304
52 192
879 644
772 289
885 166
625 993
694 598
711 13
316 652
154 590
383 184
980 174
830 644
258 418
478 421
997 757
749 655
692 121
293 146
289 670
55 503
388 649
484 357
486 955
575 475
585 934
425 716
984 414
313 246
657 19
934 822
175 541
906 760
529 773
315 26
611 842
564 767
13 893
190 260
696 657
864 470
217 888
717 716
596 655
185 855
907 22
7 31
991 430
650 137
685 360
709 717
700 897
674 201
923 942
799 610
711 268
504 958
707 792
177 334
448 797
372 21
699 150
24 735
564 191
583 204
1 639 816
299 4591
