668 424 1
149986347
521370973
880122787
174454157
430001849
950918912
273395162
926308385
108561580
548336362
582839558
455292354
800194977
112141981
480140430
219008887
146391230
127246391
926599557
362060937
430598842
102743598
607514387
207697551
751870419
970503046
153859345
115879731
397087725
791368106
420712447
747635641
35834059
165476943
662980009
543782040
753918034
632548541
613724571
804128867
832184025
505595052
43755536
824738281
800633611
54286535
436109146
130089786
333784670
688917768
411277527
159736604
241734199
701547511
269129902
146332394
504584723
609024485
889369127
323403454
686332803
576259700
284936609
838716424
556048508
558691372
542783372
671040940
758835987
271598749
928427206
206336940
575305494
804762954
179352479
963556897
759100128
302484823
975439350
883105604
63721562
30737202
93890015
389135849
197464064
935365060
508710553
67134951
288270375
253287919
489449248
807438329
154131943
174434299
16023704
197021190
969164541
874395768
576032661
841199235
163225362
168754938
919257761
823916042
83492490
627976657
260137550
626688244
349264168
563877853
824474386
52380807
319518844
198588761
877667702
515208258
657615744
453601987
187785664
695336641
111623454
677412264
23825539
506027639
774269389
977141916
793393648
693687562
533417620
418596424
892665838
692425053
339448300
921177510
618389049
894451787
811320775
223732034
150912561
41620720
808187313
567425286
917817494
850931289
533616140
732425305
293225712
962315170
945863879
676124755
22671546
255687166
667867658
372251390
626721201
175923474
338761167
663278634
100377838
823146660
442779694
140667489
484698117
123155434
454108292
534647830
595046189
807245345
127303362
453764923
271188888
19256432
467168562
859527389
651378004
250572042
131850998
642778225
920135251
219831389
142456450
60205896
867702793
462557918
909757681
957000264
740689357
505017253
197815622
172457785
464259430
598545009
39886878
994611009
136007367
908363894
235247823
191755669
692262978
282863444
647219182
916664279
868434927
821757637
177652318
682229293
112797452
924740686
569660309
496741664
469486086
429976591
516236649
869837754
678868679
709304321
719145163
661278024
603317228
967237557
249510952
259961112
16447291
98994989
126629461
582485808
80518789
918822141
399697392
52987399
777412819
688081867
115240219
408967749
499825080
12550149
108075840
148460150
879182308
508444084
655619441
950620997
672828686
157019393
276805753
427809131
798867098
164145342
149980025
308998937
749713558
604655281
738983584
444836232
850426759
299851984
554938485
758249878
479197715
56394499
191797368
986645746
217007432
827494774
426309058
20172958
14710282
68059227
379594788
568958879
633729487
745043710
149906116
974704185
613194312
286399515
32356020
58167877
250397256
726678554
136167681
438633296
352836132
784895402
715824138
422818602
287825624
859336918
563560233
307796513
789955966
294857953
669843277
532785707
300508845
761272321
914692851
883518022
262741681
817554120
109010917
605969737
992267041
311377610
50055006
263368700
545923461
839916684
125263690
319960445
975881134
466020896
646031600
576696549
524734165
921176030
830865593
598010684
855446878
121485124
227830791
496117982
958657241
109392019
458483521
815489037
234281353
493141008
233226359
307324118
876443733
773863410
269557746
33072285
971768365
644375528
118502553
192459186
960007293
319129485
861381095
247869598
64838954
193944963
72437431
17542615
604443424
211515950
998879636
282117992
210839637
825945807
682075644
287648175
996721364
798672089
230122858
83314923
591032508
547070977
634467466
985973776
39095971
527900127
30578743
706766445
143209895
548848378
552730687
325091828
34928181
486749557
492841001
3821823
428237766
437734529
575380998
311234029
906851336
596898646
98276246
981823177
367982958
156288739
151605007
787330925
47660947
677703781
494853818
827955105
419939488
415821962
543363727
435345953
371318939
633688391
839147779
552680809
284587356
395686270
399789275
999480326
348367047
499004241
273655907
114557175
491387667
470472043
269952500
577829006
931805160
61257291
923189207
233078836
577146784
757083001
280773925
328458231
570396470
242022417
342348621
360068958
399203445
661432329
578266754
211608124
587339617
243742677
986515442
12607071
657308798
519818739
373900477
292634336
177309616
2910119
501702561
196986827
571904246
665780467
350285330
284077681
279737762
749673297
106407812
818514207
230424538
12135840
66811670
970910031
254166810
834288426
288086166
308200133
233450141
748533368
13680107
389165495
661008714
751790544
282248690
893953136
638543566
488985974
21631146
28968165
459376314
273865412
79255126
212501886
146400995
326157309
897214265
68306601
788465041
896811413
586893766
976086103
579967127
237621378
360919476
698702682
657780467
724077627
144322858
103722308
897851143
597015599
441620570
866482197
737009208
797498808
688857319
213517906
404558846
626175191
677500442
857010424
875268179
393553408
553893947
204869259
976196705
466630625
202412536
177823599
957329953
914833535
846312975
66255075
68619022
25127327
508543908
250357575
229594472
95255369
895930919
573077936
445135369
329737511
751324110
650990849
644681753
22395494
849038188
20906318
326595038
85664004
853093034
832297010
380101044
507430359
313854868
193086051
11367307
333126842
136655077
81603894
755077168
432303033
381352068
384297545
597598386
450579647
642358601
355375810
869323983
662565005
439097823
261283524
713859607
693289317
137012260
434825334
171752122
152441406
619331146
861164760
649425844
115450363
953130239
251192711
690063789
704143996
658625399
137563504
766374611
956577048
452759767
32170520
8408245
78137070
483318591
157693686
784993239
670873535
778310258
78939147
900714339
233291039
828378021
12319107
374564815
758668215
982117796
211105975
39360988
584260041
658884769
991602308
122160794
646804024
504707384
572302903
447701368
361140295
498649699
615403066
434224568
454245814
860161827
121935300
749262304
419354843
855462227
727462647
727710432
838396367
66388535
201884761
745982853
423198848
575712786
211398293
168600652
754600376
509405322
105631533
216769120
866892853
644573566
220565694
237819519
695795337
725234101
24699149
931928161
466230510
273103380
373730393
895965676
831947264
58685754
505281930
856728872
146904817
503122617
341821729
440595962
537266054
657210366
655890789
202039447
598813536
88850017
170956133
855761352
21938033
601746197
579707577
756596559
733634384
786637728
390093065
49425277
526741134
728375188
638305765
283840702
39295999
756254947
224568213
436472953
544075222
499377446
956017157
182843788
225271819
