595 8 11
24520507
271580464
866616390
22451383
57776169
228493496
868208319
436345131
256194343
709949277
764687922
539811416
546435905
57543345
647240357
320847210
870401941
586912131
967481040
263263567
419438479
280465990
414901785
283785605
537231538
22400745
836523922
482145719
728828498
156128438
623520307
256657808
413738679
848163849
563095773
960167335
971628158
369484367
565839079
633663878
856550326
251823564
872888163
471153782
285485438
376144800
128689823
506317104
554173481
227802607
287730194
696468612
575661238
944653224
908026370
563274382
487348199
647183483
440730909
207326335
552375438
644581053
289236248
86837402
249226234
593846461
353737164
990921713
676942034
601386837
596317313
793831996
281956116
543601941
264314336
984585478
406279884
446194427
806205930
655754305
607294872
129470681
985913483
199219586
184701441
439683778
319908248
214010826
328528876
668697085
611516339
522208254
609003399
846060171
375139628
628251375
222581255
286539876
334501695
70396647
710687764
407359797
483557350
997675378
453322545
1539880
256198366
522061586
269445970
293191328
858055938
349325141
956050596
931796137
66197518
263383317
986287482
976762377
498191799
754365882
755181386
45406805
267172442
267990741
20085248
66082647
914364271
504193995
759254537
343620690
32053791
900003039
276355506
777885544
615839267
608655516
720297166
344262827
661631028
728333928
411115173
601553219
693289391
170740266
790031331
175355972
143844202
666603850
28087937
420597101
698930330
198994590
277271691
156048166
317216410
621116285
549256403
187813905
556716689
963108525
214580994
967063917
16917352
722237258
576020130
195358820
788474947
567157205
346466126
268870003
285984403
819674376
993946035
964945064
836049643
915147078
890416753
427171540
460104215
805940264
543836441
439862880
978106218
420894067
976379129
168395266
374031259
249349846
300506236
135086297
754123531
636209778
744061877
900631468
646888347
146753207
591844987
837191104
595251960
17629806
200310090
45354614
379457917
265626204
147225556
671235842
443127490
613674852
453998901
98265152
917316961
857757248
39254589
533657501
97528152
238209227
851594402
866516623
251489374
691818871
881612397
327067076
97763969
142761635
528395560
532945128
775786298
405639427
626515078
432675103
60124648
862804275
260375079
242422590
193684844
977645023
567682200
742693319
155737772
627588100
379669194
979079415
659530816
847911392
920424025
402393849
718497427
550104145
360038760
600563970
214491034
974690662
658636472
448674777
293937906
225976743
486800930
80479011
514651150
589504880
603225224
770449908
743724497
867193803
340956294
431040806
13838099
705743657
116953767
865421515
565422765
236261657
618495986
718873102
527620788
378643900
582018476
659092654
599689986
718482822
199690668
6085213
645440088
66935091
278243159
570819129
81468100
510590864
509141667
153448609
326970299
348281113
664546436
887021397
860176564
434188243
308723058
834006233
703512115
205458877
906180156
214900406
919037126
611658359
556297384
890368631
59919086
141733879
742050168
256047016
248301665
573616316
623206647
679567887
251446208
969495696
783769026
334412869
404378414
189117123
561340966
33716377
510605225
23632411
40151028
782978879
961216875
62136151
123033193
947063581
863789010
47884731
743190069
399622351
6331676
383904166
98291921
11740946
195246465
10399494
348316176
517738670
467626132
297246490
117646656
917835219
646391610
936334671
738440481
676425657
530766726
65755679
377492938
915804848
336407883
637950419
234427669
101989083
122924491
806466676
31440609
194720865
575471846
186412594
41901753
931910996
376428501
424197904
321026457
5971757
561076100
905157102
375450834
478969047
73809173
591546496
772713055
23340117
235911556
689708870
17556654
635571936
189212223
332282680
126427271
774241035
21829615
365814880
644845325
674698665
641777409
969348441
673827803
275248073
867982893
538719730
549131758
543981309
807517858
242730166
771593044
241706291
445790222
364639027
996722413
405848006
129807274
164827435
875542886
695728056
115312381
579039196
483948867
212469867
604586354
542661768
574462645
292351657
965197025
969603206
276145095
99697810
471685846
483544614
384223224
558816565
265753974
711133735
473097194
453992166
34061647
326578547
72861633
110310856
723162363
422670
529035524
864759960
952517946
382538558
996044787
843809348
401363633
313475917
851580662
492585683
308927114
199070684
778372842
947015113
911563263
13913337
610238657
654056139
58853935
200211195
896095266
342606761
29354913
470381042
691295101
912321500
466541688
134204428
788789438
701247594
804714666
958241880
549786292
888936905
642005807
613119306
894599225
151285627
723158589
59960972
221707893
717737981
901848332
719165855
55533833
64730792
303352932
654002679
329583048
25356261
773642943
883791452
576750648
150789893
934849858
463250829
67483019
643180731
909248957
881986457
653383766
518959365
529614494
173755778
149690312
170791443
275602240
202324558
304168103
72068079
15477754
803102841
817919733
254087633
190877023
853646559
626162744
515003200
835416333
107724881
933476435
899577646
367856724
314212056
171627493
746199457
557204269
799746680
247761859
907643192
324652792
171149591
903349418
551457034
174972529
64102857
505946755
38128480
643112209
922051870
92677338
928621058
380202312
489791550
681694246
318381158
657336910
399888765
575478026
614047264
129875465
819398533
58022377
793127821
411181704
81458540
54251851
488038048
284942706
384625264
683688203
4095955
307409162
736570122
878482915
581258669
709474197
346214765
19623890
738568241
14712886
178581056
645676644
542306977
562075966
360140698
526540028
182629420
871420259
292716515
155353763
817899791
637776170
668448136
666084306
856229256
862598371
330918457
819442095
795823908
116121735
272986399
441048673
401085848
501411692
276044752
620939072
937158556
706309781
