1423 13 1
422556058
615773188
426390552
190739531
738439584
291884767
280345925
862592893
736030096
207503527
160769899
944865397
680781208
60958058
349917196
319268373
703252424
321854274
687234752
775326520
394419195
647384504
490938477
445253217
445212781
385299517
313259204
315875703
569808237
773406610
458576482
878820228
502339971
997137855
970080746
471985825
36364825
296768617
613868834
621357803
879749083
80481288
134590597
80294215
864643958
836978072
209660566
431640830
217671495
638386256
232220428
492093990
968493291
878537879
732526451
319482293
697627659
995847999
696878369
409880895
885082793
437875293
752148529
453742185
726633264
454771927
857683464
936186211
91712205
530541256
733520784
363089435
340862207
31915226
121084903
746662503
910192041
163355043
435018883
900879928
497168583
117225047
438369158
155827714
420132393
915746075
111841379
480868564
278658177
607124058
50903164
919944600
446302622
626807367
71929446
904247262
583687096
538388751
513272658
695968106
556353356
680561268
984535401
512397147
957250936
980058304
112905382
246784550
202480224
675698384
362375231
372834606
607682602
750328385
121457463
935116805
684530502
960461442
588767783
257187868
578615462
959601540
804585863
610368094
144885344
143756360
162491305
44878614
194759365
975160171
993870455
559206021
510827156
505239261
61327825
235389526
163222283
670439895
840903692
475020821
903864372
663633936
227631458
177794788
502502329
948146735
253953622
607129132
265002282
223914245
39244922
573608521
883906620
721553458
899716235
836667441
738008703
255033338
22974331
575895280
110792193
46244503
384765557
770654606
903308850
649272639
697743330
803425456
72701559
99446520
747405907
605376781
865546704
477071940
38271645
473978176
400882290
509826239
286075885
82700605
629895498
660972248
773125963
117048270
708938583
599266246
934588742
448471151
707664774
96484718
489113024
98837817
606092679
420040770
399809112
23167174
717035394
206843797
310842979
440158266
475022304
175924294
428055263
88435926
370558722
877582091
991615644
193099074
818034731
607581136
480683754
327856292
4585866
743930711
420941868
120104955
369102188
507621887
754719930
551788195
443399036
978543080
14084323
571577411
958233839
239708676
543011838
620274269
883800547
974811838
922500626
565389182
857021203
29069282
50422714
513213443
780890886
100055543
186458229
466996832
641352057
178620179
875480638
296626144
621770670
620071487
929013091
653253011
774688715
500947641
713184208
605457123
242709698
341773916
792738342
161370195
122322247
66628873
221502465
825764039
637648763
733018187
851769087
469262793
971372786
808772925
789486670
406979268
681793209
728030928
421866009
349955469
188069378
355992065
204247852
465950794
914044191
267980190
697197824
892937407
465112758
215077576
547636020
533512905
48681193
786238501
379607457
191475189
994839702
836583790
969256603
402704178
588616046
349947554
172593790
638893408
799185830
186895002
710650914
177564001
405290054
588936512
29462451
788997262
784706505
603366710
612245471
766684764
682135682
412564401
253715715
860999410
214119671
473631780
972892355
838933824
884913050
31338884
919229697
788772483
933308939
893787752
145136411
6719182
724924960
598601362
614977500
493369520
378280142
320992655
104388684
340160723
407754421
777836889
326925251
754584461
642364359
113023892
663606625
140535110
616648958
236658107
342620567
459226968
111750767
614151238
480820936
407249985
395411574
260536245
248902548
354532528
817568460
110444624
775413555
167654907
638767866
969825713
953453241
124047054
149139124
773100325
431828132
205036062
593398317
920874908
537088714
184642173
501248630
363672417
558086311
667627040
247379385
389418419
780968940
437463065
211989927
670923002
931160744
99176620
456168317
535239277
439786621
283229413
383776720
625229685
129772241
325866869
829611096
174427533
293149848
294371021
429969772
949333708
752945681
468000912
515541674
789663771
25538391
726966674
688634621
998575895
954132414
592257013
114509837
338785596
624392870
212289023
301775813
323204637
849898727
858990597
941199119
821244796
926338235
776476436
29521122
207004574
645761253
757503157
272599998
999045419
524563670
505572536
457650885
948484097
499657178
499411561
250966455
489453996
285835755
36273588
279008727
338027556
641251159
406328532
679485035
907609183
646517318
711352332
838997533
331406133
952401033
279976354
392731547
89544515
886240349
962994059
417858771
594337078
847825155
562361018
568793747
14011890
64733868
435527229
790006464
637786209
166566159
401143207
160930790
693082588
794657972
767703192
18435093
573269709
788810821
457863963
100929541
391034797
130203695
21389377
916480822
880823424
899558762
506267414
507108006
753783368
364644811
915337585
476949791
555985109
713204648
273778315
907024118
366223166
608362000
252194205
65156407
311678649
462814817
460640053
476985571
892028314
817359152
72616975
378998786
915785846
684727830
827573487
103861750
903853178
507272800
983015942
819052702
614156641
392746166
879964682
246643001
916190421
981430394
949937570
591744769
416774773
150472628
385953367
287217855
572017365
933075825
396344036
508053859
349906202
768550527
166816873
421943330
713854835
278927666
110162051
982781906
540517922
986636966
796723269
150743240
991248852
684902825
905809002
31094372
153408947
654292140
813781416
348535411
389800274
403204476
262679522
683125559
790561839
279851337
607947221
230855643
677174537
94256992
67188221
675940975
542357874
6641335
900074764
750586826
129558286
884970745
508767097
678418038
253258020
109420212
723866144
532556593
431155583
158172509
682747119
1860915
451770940
319083814
692496423
492543260
816040235
473443769
25139425
505045173
828107533
938032089
259368164
503490906
248082990
320897047
143230758
389424748
195463281
374823007
609042544
789592167
110859951
297550254
170199403
948723047
21567599
379303199
841562101
189039180
711918642
787647666
294886627
295706234
187667069
631791178
995701131
179354126
676158442
845138512
686394556
857298724
376272605
800120763
521776269
722216485
277780497
953920223
321979540
806222867
92163438
510581688
858369134
512936917
459716056
978771937
635914407
831107606
244914902
21548080
137543984
581032151
993831326
525239100
796530756
985634688
805320847
12442345
821991394
199002114
871770181
184110003
684940889
884429040
271217748
540044953
335756497
924823328
230213192
946072952
646619770
187473013
618430096
500035252
438046933
209273469
495470280
862972604
923401784
442423557
818820576
516776268
755581840
993199134
843738805
678521915
272113365
865819130
742927906
664601016
792453731
753689514
576134145
97163158
370283074
281332196
477852773
367766954
677359837
404628780
668552398
540608921
705211711
406832247
717796378
372899338
202919051
352274940
983910275
456840525
324788470
145598986
453700795
850208103
250191017
591100532
595354414
23838768
28833120
455647574
480493215
840458484
238770277
3833150
870884517
691662618
462689348
477842259
478159131
786650327
158856717
858176581
995488590
684685548
93851825
457806311
189938504
848959865
144644483
484853485
396869114
366159472
107252572
339452932
881247146
832823662
656039235
615573184
844836939
947827227
758647992
164857005
459601549
782115947
944200765
632385841
994135858
313924159
42306918
756058931
313738309
163339205
3294285
396775517
587396090
882846468
274541644
988006978
920353514
872549525
7477923
497859760
56327575
682206802
12503894
981237120
851369948
730108098
528737601
534970512
264664530
246070395
116209231
675532317
390673981
738462954
131793689
474992816
210428052
769220325
248156175
337749766
437745837
191546049
191021250
11892705
118514627
450480110
426162590
7733146
217840057
840298409
984372716
863903440
160448005
552534729
718183861
771282007
877472447
240528417
941018011
492598994
145817190
625236737
69220251
489082001
107710727
453563057
613881012
922429072
823283232
980451166
907654741
672676751
340331312
505071581
300214592
266332840
351308943
526817751
950647791
567611382
567672593
483931191
245684457
119903467
149956708
132671853
909651678
40957940
508891687
81978923
716082218
622712911
793868141
975690719
912988130
600903464
537436785
861964134
648175202
410604162
572241313
562781012
849649877
319587866
187523706
117021761
986760223
280958017
867291541
223251224
385533318
670782961
20395124
14194721
334471021
474295382
913355181
751753306
863977061
800483434
500781017
364141820
59208811
528867887
769970899
915698296
328143138
574743768
685111506
931569203
59054664
29470948
959133561
786044149
877380947
498806661
65405006
546957490
429267439
166560107
339911483
722229078
452336570
145596936
554001416
545561537
284164192
786644466
962089202
912178829
557554966
267444454
82480149
958195998
951378599
410430416
455045567
73494138
552040406
746268034
967509272
230950464
585585242
383091479
109606277
574335190
476603570
841091231
10225998
176298603
833260239
97650846
857083999
212303361
756339455
169401849
642978366
406290716
146323335
251226035
253074411
699674570
458653146
595818771
453424265
103068747
439761169
883966329
724328233
984172395
673259596
293346092
553110273
703064504
825528942
908104591
386799314
317174467
430084473
461788865
108469230
347032109
358319830
295839958
831081433
402991541
484173379
389930185
811645354
103709377
384819684
649800120
641152444
704711525
391193360
999470676
622085736
479908547
740814057
541229971
635270331
421974445
951767991
9489939
953423277
426607749
721518002
342498640
733117378
748166993
687189397
573417844
346861218
780164086
986452860
561065430
400460448
104819010
246139955
454480558
834105201
449428445
894443723
197073451
342627893
188161711
153946567
146737788
548525558
692770581
4573431
139263157
606978442
474023661
819545131
432030927
375796954
422489545
13217907
755404543
792458102
776366875
211801163
407600932
475749291
120196373
559157885
923605576
209947039
491706761
99961305
193050338
699227448
34869471
307468449
658705655
55558712
570193789
955317084
226469243
834615929
86370766
8977859
789834926
573833653
38235322
221336283
434228551
287290345
286240047
334890084
478302624
965825356
331970683
395238478
84914567
444453113
964448195
800639583
872309404
881531561
28038636
594671086
457026441
466028997
903742479
827724034
77941589
162134648
695746732
559924553
499974003
569731332
350886616
864029867
93064034
105363766
326482517
165428327
461815210
179970537
176081348
334766848
284961186
286826054
942101789
336229663
409998210
714925319
653251563
674580957
205525549
668178240
743856031
158508412
258517662
457806013
715780181
473860595
548380049
754792895
92221526
164445135
980041715
40858617
845457345
389997378
815325734
455989335
967540489
433858466
470807454
525837482
550427209
769397361
851931798
70590307
668313965
954387933
325498349
513515279
598917760
782474077
956161212
988063471
789215739
874550539
500299077
714065203
699715871
743381608
518193276
978242684
571625878
860858138
858887848
418452335
753526004
13596154
290182069
567350104
109230429
690824922
517783990
594040903
794729468
915353676
837920074
706479646
735170294
127105023
74355932
669529124
448122124
668906324
456050050
655212373
504526175
168818710
614625106
895737191
281644984
931980608
736864967
759002954
494907326
489924559
905100087
20436141
717785770
597784135
735644587
305934529
929497769
595130563
122040935
615574169
152748953
837365714
483948257
22498639
414542384
394583172
865902615
831403186
541829188
892953673
704408630
316864246
221368871
808637435
924794176
640705033
314140624
74972039
509909329
250006464
428127985
345393197
195570297
627194895
760617386
16774714
804859517
728078260
290907847
770025549
920515411
720754956
804617141
366259137
376798785
133244895
60074975
122446174
185509486
293987487
80075902
440702331
921843118
365160175
13545650
637006111
866865654
598741210
846526561
542607100
969988198
694158091
312563877
147391268
569068631
770616265
114871669
578979617
927636925
296290428
449948932
45335591
964310635
131356508
566449590
541375469
432201687
485935397
504790797
262527787
993092984
400818853
128511670
307279804
854762873
142387262
552244469
755208274
805228728
462870208
869069566
658293176
596622853
43816838
691868213
330281605
403472552
878710928
256824885
198366289
730375133
166399042
567791216
551789315
48562571
456401822
359052405
181536631
3838077
663709747
339858398
662066800
488106166
544439268
677427012
369185240
608762837
446104796
776657330
923799611
823213044
728927530
155779245
202490894
438076508
109629563
899749050
721863521
73593010
395359220
570875077
740340785
568884869
555688908
676879287
525804805
594251533
235857266
434823502
972726321
850037223
516837308
33103113
202276454
85557623
486778287
406699881
362219765
420688407
841059172
865389399
653700256
85912037
231204395
456495730
56726672
246698980
814644582
301923711
638937096
183146108
40867665
280923503
569510494
280262584
300531724
292244571
819604282
486273202
452644496
817681220
859975141
211788842
238513015
106430000
951933989
180486469
73670238
816149595
67830850
354179833
243631389
443100739
785680169
443702066
441018879
529137664
114707568
136046581
186112840
737061076
44005145
779442089
186982851
444722529
932357197
43639751
76710667
474958984
769387278
630035573
36043997
608393219
599682789
224441810
354953289
379852526
314557966
236359009
73730740
975284934
748692228
570287868
118305183
746586024
153002157
391532550
656619775
145116591
391981570
775397303
17161154
966675318
239592922
990229785
442149303
815836198
592751907
2270844
597777280
181435800
219290464
544143950
357905454
524264522
75525587
955723749
611699358
875284821
626341383
321156184
2128395
838200848
224281933
721802287
864315217
192699777
13825628
150171930
767712716
170027030
19753999
705867115
140562648
776337004
650265876
651641421
623729059
476975346
24427283
745748537
549476104
867003443
747083054
130125757
806651929
844405100
400155039
669965071
728335060
650880117
79325131
253345442
892618963
572935775
632250288
4975683
80626348
76546666
528610319
122906622
400107908
256837358
295949011
150435661
369614340
697222189
