1099 17749 1
664822121
754922149
680060403
396078778
148568126
195834265
35920644
619340713
342527906
830251663
569541104
266479484
284238844
139291519
708784112
554371390
130427207
271824338
231346914
781421555
327862050
888144606
325697603
814596481
16228526
753835230
541960494
433200583
85328683
5043953
914865378
419103191
116324572
168218054
282378184
729382630
730456669
891417760
351737537
335024782
736490805
292659690
555004023
863421500
789391226
629635702
333212601
617759768
844364807
308789027
804258288
299684947
217214485
41409541
255162939
521948083
521702352
251411279
981963376
444713081
207676214
938579973
676581810
497994910
436750929
495643760
312434616
197755190
64492584
862014004
225043840
536318847
218454790
102740930
974703550
847659637
39772253
180828493
938588242
703081350
851065167
516259696
207311940
983296497
390264353
45035788
500117936
30525504
883662223
141289699
270368991
786585776
179392602
18081205
216840959
345736380
80558843
678157130
224067591
898134073
729600163
925656697
543903498
492807344
85036516
206948968
743392899
418701936
650364389
959988101
375140424
985565938
942750804
229622574
134715642
99866507
16263933
557359415
331233290
667338219
416074573
82946187
724910468
62612118
440813414
624246199
748861725
320409011
39010429
774339674
229953338
374080197
499270367
92658558
49580347
298503662
670199607
475740057
992909328
128903685
648635088
720413359
572336022
630480078
116693533
859688358
266045285
325020237
165742468
384450005
36575373
563874620
387151337
202221657
432629224
235499793
889644994
261200961
712177967
229795352
295232920
978689755
38986579
324731924
707044622
772450355
245934008
649324996
40137523
992167177
444146820
458748067
981551146
599208489
426822115
566459138
322766096
173804412
874062138
553133761
967473060
394212535
529153577
696574606
334161600
291100718
258041476
955133195
371227558
444980714
997080772
679024979
572972150
271414746
742391911
517195324
885710745
156833747
673296189
96515039
330011137
444177753
445187374
951204600
508224383
952644702
651634403
872595890
575650823
617151636
878118938
351969972
688604882
945786075
541822318
291701117
249500099
681604224
728362935
158002142
865695328
481851361
278177521
669441447
379748110
332690206
439278759
587124039
693430208
288688387
329628441
295994916
835316663
794657737
434140064
317354121
246390139
759389368
788707803
75182120
648115307
46357945
433126958
894473071
428135590
965370519
235012477
937799910
820783720
909453312
979676772
598492033
80714005
535892830
264066433
516879640
919331544
372412854
858463145
684527515
341078542
354708977
758077200
895593476
710468686
134281428
510843851
904803699
901928490
951397963
703620935
399775586
868841291
653773364
980920595
238108820
667863678
253887501
169517923
994122138
295593464
36702978
352665630
901143903
418966888
560037281
539562194
746510591
345217032
895748353
871483106
749540086
950045995
609377080
975597878
809198610
69987722
373909397
494588847
697572695
292651970
865164060
813521034
487450026
743858775
974726255
592288544
293311283
881761187
772739058
881717941
830485384
323801891
389383976
574616200
237818008
235665293
819006726
48827876
722997637
262231579
420580517
67646288
856862005
839122567
942690124
670378364
238169032
318813852
956661623
880164000
291285437
705231139
89446039
863840590
641539532
728585611
173422145
652807803
658544681
329498779
384853905
800133732
237578581
302650836
934945942
919111162
193593115
922457895
172261536
214709160
835514228
165947361
551114623
141710117
743621100
156504673
494852854
822659303
294278219
136026289
855982724
998957298
402472208
85327905
499109687
998356020
413104022
524728405
52453086
947895436
462266147
582572598
73714704
453058362
165942186
905755046
969763045
499776347
550833315
306735576
566506849
115738694
743177637
939355041
264567566
918023905
505048626
755204451
584741054
727246075
137438315
581917247
155416415
857865915
271674226
746290186
513300709
613139202
840248400
598463012
983223299
64786081
365841435
164294996
962702822
343032435
844848311
549332131
401507408
989502396
753871336
763291341
511890323
160829812
475440057
329705328
562954715
321926975
136099780
529087078
747569111
956468955
467919066
211694936
334443526
891157411
85234239
545256690
847469003
812147570
327687191
226555740
190249593
779008210
659200592
405300515
337364773
584679540
67601769
555046885
142903414
42456731
570462585
625084515
580491515
391073372
420259433
266523573
939770794
630849281
630982977
465281
23482091
508004252
869670543
117506184
917307107
462092230
88526833
32944130
347919902
203484897
565884338
991179088
911841732
726420132
757261752
302161992
457643294
130295733
114772271
927941773
290629949
800248550
954714868
991034496
626747166
851827438
54353958
415614594
67687258
36095801
822574959
260694036
520346487
587723074
341489480
880354875
775048313
445706797
946434477
129185311
683332709
483516955
90038742
230931306
149434508
419209333
428756955
61401186
931294880
375079098
694584791
91582660
550509892
54135967
664809792
559326311
125450658
548505537
242535214
152564278
990864867
2893210
801049825
212572244
352910963
895262585
417953745
358670062
389251215
149690363
995209903
137441214
336201016
712524716
56745142
786991952
341186379
895155959
518472458
227994870
842390365
845006160
632034433
553624283
889400750
162881569
959773594
591630576
3255408
410787455
85389427
70878382
456207901
981905192
377655374
187451281
338982622
228574491
878210217
73846399
747562446
431445252
433766604
411696163
582271563
634653756
584648126
700273976
7966697
745567484
102696111
609128818
478511266
689636941
179615987
189695065
609818969
625958517
523884328
772959060
374959083
362173542
942854917
676810696
377525723
127945672
815660213
893997387
731390667
405573415
336238535
855860059
568570940
298175878
136131367
351552298
422415593
591282733
418961422
721005860
4475175
293128043
819601779
228679371
666855627
186103595
555159322
494110523
256287057
709128491
617859447
344081753
457977752
674602480
517939507
895990898
21537681
879505710
646073919
912306317
646771856
240912770
562303394
462976206
89584653
254499910
124964560
470172543
492576988
345028653
221410170
453901092
365090910
183793169
853282883
114308248
286279695
230334222
929267813
960595291
830178248
117940733
83831054
59938677
391917419
481178023
71949474
687085410
605088855
604679451
12857658
241660102
419460655
543623510
558968433
83520729
664740727
303189501
711131613
605445990
634002125
447505167
330583166
545800944
45943494
360533016
467107795
23698722
382603778
5935107
243511564
185293927
225959406
9069141
603394005
775189901
781355823
750822315
336281107
879816440
711204271
277788780
952219444
683826725
930234557
824879006
745878831
622994252
175862706
195425931
661731977
620382197
740502616
297126586
79806412
711875970
883785029
682132245
764987643
540874805
13246538
290829695
598443927
654981496
318394961
424760671
835545198
675575391
389979132
74334019
393845793
235623214
526494721
325759063
942079522
910138099
871186817
364373521
343092412
716566802
83373499
867613115
20680739
516271222
689045793
231144881
704470620
23542413
32915501
455149062
242521402
290785448
224598522
703907087
179525785
545555612
881301591
907189688
192015061
687810523
450430912
966831742
151708309
243438472
394700568
757200832
615932373
782938755
637012332
807227845
999546021
916681078
554954744
971537030
708439146
957533799
208009679
263390525
691599300
19258092
336301405
254830241
667915873
47597507
837299616
79581999
477230520
984933253
271918782
826953079
765931641
568290384
750631728
188883850
486964558
723489196
818572454
957851866
490817088
897974630
295719240
80533102
896648268
562480503
797459414
529668215
214007609
190790614
712128731
847627405
592060378
425588878
514869736
64076363
970545539
576130179
278275080
359346582
391926893
330385358
584040762
272713181
653466903
105003514
48367938
18859349
273345475
399583490
687832129
965165510
1972263
268649367
507171156
320474721
808880076
191895193
750388410
792307370
452770604
425519311
592998517
494383812
268046645
182828706
555649232
749775173
413112376
80293945
459737023
517923203
342951735
510013649
909274086
531074950
469464996
449957340
58239571
20019900
901673188
876920969
549277142
986882454
62311235
744844356
561471762
916135320
79893291
523778452
299006485
354930798
921170697
550528696
214348935
952592255
604817738
474699280
409178714
692471514
350233041
201473179
574712367
874513880
137146104
171057279
898672424
872892560
757246878
469484055
887486629
139579556
102220625
905923257
653595234
138996436
462542145
140341909
799853117
552324538
96842230
308542579
458636534
305220693
479789318
125099944
842311728
85605271
231769934
641327527
522078357
503540138
150238200
389238002
649441470
312109947
877868626
699906280
88782102
437019021
357690284
196785517
104189548
755477059
916390344
140967242
293122906
866528098
305733090
596115444
935164219
684336190
317134872
364827877
992791775
121565442
479794820
66346553
449586086
938547661
990479315
866413431
831599103
104621240
774084894
193142060
967157574
893493458
220315036
799516458
95870158
326852577
396817179
815502256
266479198
525212707
753688133
101750075
943583560
578305631
803591045
992309347
267881256
601165311
852097397
697183414
62041957
83954785
150543890
948567939
11678156
364588802
73930058
226584383
204499414
207831416
53686988
831701002
355744572
782997617
937756300
72851444
789452607
237692791
463165440
992054802
913188116
735386057
569657617
653843027
967017189
892834449
139225491
398982550
172225366
32298341
905503897
188239102
333984482
769474652
138840578
279725686
438027308
115243110
396018386
186051051
288398883
946993754
355930911
60943047
141009035
671435713
222819951
742226950
145723127
662696724
852439737
872055571
168817153
311348791
123243352
728198490
475639206
255320023
485595936
996651518
389682296
176176616
220925167
47269426
893309884
67659810
518738398
778022701
412964715
746936188
431675920
179961740
454689499
770911961
232713240
588907878
274198566
370351824
744654596
560869331
370831912
497326278
873832462
88968765
353969414
422091986
198060529
823596374
400916836
810106308
604212605
994572035
656744623
252526959
351569275
131414386
961670432
8823083
396498698
105271837
288857850
825432518
621220357
7208829
931131919
795381613
992976084
693172615
892923012
248290179
366683333
31484304
500817869
500288756
799216886
356779042
937270640
759650058
291286482
91977432
274728147
514507102
445220139
323949668
577221328
565026217
680905702
318556568
258045899
773921123
653577980
78881338
806002306
1923518
636266446
740707221
806276057
847175694
974292799
563918941
445255473
12167447
751171867
337214036
703515944
294490704
880347636
960644247
177808096
164212214
671068945
86035891
998991549
521748679
12545982
364228003
275863700
994339875
125303377
860874780
982927019
855674984
