832 1 1
1683
8879
544
7940
196
4094
6441
8572
5321
2481
6550
5194
2422
657
2580
3264
37
4605
6909
8136
4290
3424
7464
712
8023
5614
2600
3588
6335
1204
378
3341
1102
2632
1034
7256
295
9803
8763
2564
2559
5432
5358
7534
2123
272
3807
7679
3320
2541
2099
6440
6462
7423
9723
5992
5317
1169
8999
4650
8232
2629
8230
1513
1443
489
7711
7361
4089
2917
4352
2080
2172
3947
8870
5790
8885
2141
9330
9278
6681
4781
388
798
8403
5138
2971
8462
1916
7068
1338
3370
9569
3732
9099
6353
8425
9651
6537
4205
6093
1761
4169
2146
5639
8406
8562
9609
2772
5424
8967
6689
4600
8859
5920
495
3528
9857
7407
630
8748
5590
5856
4672
484
7949
7327
9017
2169
1431
7542
130
4232
6341
7311
2706
5805
9250
5629
8155
89
9670
3877
7439
880
3080
4888
5970
9455
7914
4770
1004
7995
3843
7169
8617
684
7572
6561
8828
8915
6372
9555
3305
4668
8648
4338
8491
2120
4972
3124
2488
9029
7750
5868
5367
5040
9684
80
8078
2620
6575
5631
1580
9003
4720
7730
4714
3445
9750
5763
4829
9591
4908
5958
8176
2117
8905
8270
8109
6208
610
8662
3164
6817
7836
9376
6800
4514
5335
9924
9686
3252
1961
8417
6331
9338
6137
5267
5912
57
7680
7575
2304
8066
1284
2888
2211
4867
2912
8680
5107
3944
353
4760
2827
5852
7768
9681
1715
6235
7235
7520
6024
4780
7155
6718
4832
2436
9108
7607
6092
1207
5936
9518
239
8322
3120
2439
6567
615
1731
1144
5054
9614
3562
4672
4581
5592
6751
574
4021
204
8584
2996
2337
9490
1414
7931
1348
3532
8898
5770
2075
9422
9721
400
1039
1031
3206
2606
4046
1457
1030
4006
5097
5434
3253
7233
3644
42
5324
4245
4131
8798
3871
386
2048
2183
8914
8065
9291
6581
5950
9169
6303
4243
1686
4856
2023
1494
7654
3698
5976
1514
1834
7327
6725
842
4042
900
1059
4298
570
4348
4979
5367
9230
5709
2051
4153
8347
9152
7939
563
891
7318
7537
7169
909
6309
749
4937
9538
2416
4881
6453
7667
624
3368
3354
6636
9512
206
5328
9397
1872
5989
3981
8997
3554
7411
4021
3027
3766
9040
1295
5334
6278
8359
4422
136
662
7507
4830
7960
3909
1388
7466
2595
3989
4718
2566
4711
1103
2197
2690
7308
299
1207
9935
3739
792
788
7596
5038
9710
2575
1888
6597
4292
7827
4179
2901
6130
1638
7644
9286
7488
3645
9771
9327
9245
9783
8343
1031
623
2215
4190
3393
3767
513
7342
6411
2544
2298
4480
4711
2511
5344
5234
5226
5836
5238
5976
6041
3685
779
6389
1923
8062
2283
2781
4613
8099
3273
4790
3038
5786
3170
6228
800
9846
3744
8500
3171
724
7737
3615
5523
3467
1889
9952
1812
6850
4509
2438
8252
3377
3756
2
1633
9732
9477
2099
5803
2413
3572
7373
9381
5925
3316
6866
407
9414
1073
9730
8871
2759
4773
9399
30
5856
9807
5891
4944
247
2165
3763
1338
2677
8487
1928
2021
2271
3566
2992
756
9024
2672
932
5244
5720
3925
1081
860
7758
8955
436
3069
8604
5201
1279
2117
8396
4535
6547
4951
1681
5275
7328
7038
9411
9376
1796
6110
4686
1540
3902
8862
4665
3828
8319
7669
788
7800
4356
9297
7297
6240
9444
688
2072
8776
4886
1622
5585
7130
3957
2280
4740
2211
7049
3389
8379
1840
2868
1675
5832
6040
1655
9126
8969
4166
7573
8879
1453
1818
1380
4309
8005
3174
927
551
5875
2286
2292
4298
3955
2788
9733
1607
9059
9689
9918
5763
8434
7931
3477
214
2000
8396
2194
904
4149
5596
4851
2018
1691
4213
9232
539
146
5126
8715
4181
9736
2716
3334
5206
9076
2181
4837
2261
3464
7481
3172
4528
6411
1322
4031
7801
754
9191
9934
7835
4601
6876
3178
1104
2578
4015
487
3401
1179
8581
1106
8167
6856
2239
9622
4513
4542
727
1454
8460
9465
1974
7936
8676
2162
5388
2021
3803
2716
7737
1188
6756
8045
7463
7544
4890
9509
9518
4266
7317
7790
5166
470
948
7530
5933
1662
5318
6763
5950
3340
4233
8032
4636
7962
5580
2029
3400
1108
6724
2375
1638
2287
2708
4342
1097
2802
8415
4111
9538
6395
8454
899
7695
6508
5016
9127
4888
4946
4555
1113
9673
2718
5185
5025
7041
4858
3721
1481
1593
917
863
3229
7426
8415
9983
367
4570
4745
3832
4910
2985
7177
794
5851
3927
4575
5890
2394
8662
6233
5676
5755
607
2790
1658
8875
7040
535
681
4309
9475
7783
9632
6433
9408
3030
1968
5726
635
9978
7509
2075
2892
1248
6925
3230
6797
4818
5120
4188
1142
1851
3025
6121
2222
5260
9891
3138
1715
4090
2864
9536
679
9949
1701
8432
583
9642
2072
6530
322
5415
5133
1271
9501
5620
541
3156
935
4461
945
1808
5096
6959
7271
6806
2838
5528
5973
3685
4289
3348
8003
7563
9161
