808 2 1
435939162
569502805
125558148
564222887
132312566
285724674
831990403
419362484
831838584
758635555
436610124
493860023
306076707
120617550
136930342
407426727
955809625
163120624
499324406
857382366
339769775
568847906
73682521
987786937
579561407
834473040
920079651
704843974
595293792
903470015
779012812
943118602
528979537
257279393
805445100
816575007
388792728
831097350
262290817
511538116
534262983
806325961
305944111
926862387
393177641
624712247
30252265
303895887
249694568
198406708
421339523
841991454
607434679
402446736
182876910
628580966
410028785
846986601
573785625
703779391
837248709
270752154
980246163
458721368
539956776
876758047
562793862
96822290
361638398
212142436
495066031
498334012
705924121
953279331
203633135
467604638
355674675
501513461
216633654
620199280
310853325
506996126
540143142
206380705
328082974
905081212
378970238
170413908
485584375
611047105
935547090
717158840
714056760
7045345
911256295
587944575
358820222
871696394
560490528
740392873
212156805
287989772
598426285
855845416
172133778
83374735
303725302
289341158
692465116
211094070
987396894
111580261
194757616
839241058
578230710
507155517
843383519
789896085
389240348
246008563
798586750
298782742
837463143
230390893
209636504
881864714
1289338
158578424
185417900
485861282
698967419
180348179
415071557
570942979
793815525
396035972
420365361
930897082
535166303
229719343
96731147
297766074
95759122
453514182
444106307
566429005
959149138
623341761
111477598
558158626
350744561
143371889
385198264
641800892
592564870
779384466
42683100
879497754
810085759
752623042
28053956
126048148
975299686
898881020
538646690
78109382
14322625
477388553
575199329
716491435
586350307
977309690
287910567
399502907
803623973
847847471
246631533
685605544
902223808
356764912
875533526
315196788
932911555
350618253
740084066
892529646
145862587
305081078
417851613
239497580
762278567
835720892
821223647
402769642
911806113
999778904
42835879
558891204
122165296
966296231
905189724
359361599
492527589
76755859
183101032
923065596
427829414
384411184
597783500
661079472
290875111
647476353
126834827
846233417
940588441
959830391
984656321
105794464
336557654
587762204
460055853
75242372
986275473
153759938
347357035
151275327
542834043
912475972
671573174
341227443
531018941
717294063
738068805
384130410
707646876
575404505
682907915
505447058
825210515
781832491
445249671
552238419
831963034
49697126
82771345
43399091
844543306
75510998
290091359
893434124
473851258
923126935
666668162
209586613
959652812
650346795
243277316
868344966
270744264
196753821
723010361
385298539
538679979
505893204
919565624
515438613
838851510
627043643
724758884
498704837
827726115
125968170
588709728
724000961
319440627
728971648
815681475
643944452
50066114
483850694
438199294
580050323
986031493
521418963
728561523
458294297
974476860
163852192
31115175
234133291
436986024
528622523
689035910
478844307
827193358
235749173
310525085
735771049
313062247
544966705
206685868
144087022
727234006
469624880
576791175
871910070
155211958
620633911
541915151
114791320
202481625
644381135
983453352
309468799
729883921
221711140
440711814
649554861
885729517
517110423
910077748
339567724
826034983
179044991
548674188
468556500
402716765
236413135
38165287
600490905
667246219
708706563
263072854
431192615
652490247
124176495
926621105
927501424
861309263
153903435
803874776
885621717
690684325
244853395
36752389
795068986
689352774
150231798
194456890
651771715
345328229
356227439
176965440
640995979
812328620
771315532
64016377
217489375
851077694
265991307
517253327
369018595
821429615
897005605
591887888
724639875
874322395
901099445
779279299
89181641
396675365
505840595
353298234
284280977
681436762
361098307
333404746
406833945
644780979
834194173
186676758
56636203
59227309
644278010
460425503
977425594
361815868
613032716
177606365
146556349
723766017
153022330
354333830
857250063
352258968
118613217
279825514
477120260
665393621
128783372
477787968
761944248
260500448
589713565
590162798
976951750
757156203
819847173
451967046
527836721
383252985
617406517
813449861
389780581
234268835
17489042
573029185
128143324
326879366
324948814
633741186
360227690
805882865
662373328
320193918
449584794
743289207
428609473
912628485
610278968
281601186
249487150
441598255
335119983
720847138
821777884
574282224
145722546
158380642
933602876
424235290
913292829
977789166
45263542
284455203
455390219
971956507
715215229
281826392
444164004
454728771
4347849
314298362
406943506
451975009
343804421
858253116
354145081
976099548
70384754
450984408
727137027
765185670
992755174
715410243
248767817
797752920
5586055
54435851
25724589
26525151
763959269
748177076
363113494
275334090
569692325
433816320
787450596
952675524
765698833
892172831
838002912
928026256
127000554
818884869
880479125
362080911
30688761
956104852
579930991
235876662
766075067
344872975
257647397
439016915
469719172
904914020
9455848
166790605
616084601
824371611
95162599
120989795
417810261
172031682
785899121
22020137
78513048
577131436
316266416
957511525
885459422
592783865
271938746
521416242
294799847
414052284
674707005
664924371
754598972
255985083
959545765
326765239
184211281
128573490
901526299
818573930
394566506
114146523
984479176
641192312
800050858
734080246
599192556
568965813
639978680
467055460
486514232
316208309
890212262
632792890
817109474
867900550
215598535
945128228
789587977
253256873
630096797
79525765
994108738
450994296
604435423
436525395
400580826
300360945
916700995
613502905
756972975
445925899
269594639
195923410
645346500
512359376
465379662
128641587
752102266
503054380
277784903
271291005
653828483
295166081
284860405
548254376
595052793
626326384
210912933
529697514
900543399
331650181
520885533
802174436
410236267
213598792
41916192
314672820
447515203
654607289
542307412
575635897
310448609
444189568
154654321
286868931
836756476
998405338
53736290
925510992
720713462
377253269
339092680
581418195
166615454
620657678
950140085
673615420
306545906
655598645
717565810
489836532
82500328
49808828
102161859
651878202
774744656
971202680
504745038
757140986
131068835
334959483
379102031
742035476
5970820
472084916
821502711
709660189
355259977
398610679
127620108
860487480
705481699
966190970
565847637
819337556
388901032
535242579
442195007
896095957
553739661
539225230
203308291
825749445
418268861
974945522
888475280
721077336
808323528
649111705
649742190
926967443
391051031
519852993
732943384
371651002
869747410
893934723
449050028
455441402
494783309
96511307
918348478
417810347
534688213
681667515
487757365
502575025
90804599
290533019
558214202
492461060
574392812
973574657
241001560
411803069
439493111
714602870
448412898
292917324
706240579
553309226
271806085
506119544
683142530
374473296
785808678
218574005
774282983
876544208
688037932
859891924
608542307
969060007
199580435
390936112
143655052
938239152
379019835
65613368
722290691
40580764
912506405
853377025
395479682
221639180
662189592
214037444
812907390
198729126
47441399
937526135
311546791
189236927
427026415
926647164
284613876
508656697
659347632
159744364
357110733
311324037
429173367
537409520
162861373
64413956
66450115
697589269
646876107
696906661
890229825
526481150
303759723
202011796
405480674
383704572
511481932
997447688
359785945
469385588
628391729
388664532
615068012
937113129
129216383
346856964
549017086
781489414
21298673
674644195
841384093
889387917
996447687
543429198
173969224
430924879
143402600
255801203
66276806
143400463
707160010
599173872
266126542
649729050
927227464
555659954
753676679
504539315
242057810
732422126
324127209
893830781
168852330
420211306
962042744
453940587
946313803
527479838
560573892
380104284
549497559
775260228
413198148
422343764
929887550
449929742
387317139
299755870
145451870
373643596
49607561
798662276
766507960
889435295
619089561
830598817
346576609
852045979
88823881
216601333
789301415
557137644
394134105
914874779
473273809
144167648
928866644
651583156
36777146
803251115
865246329
