785 1 1
4048
3165
5026
6867
6022
6213
517
3919
3198
4107
2171
4576
5787
2752
4091
7377
7716
4131
4509
1017
5379
7775
1117
2520
9502
1595
8662
2967
3587
7941
557
5603
7529
5147
6331
1593
4203
2573
9513
4636
6709
2664
5895
6074
8806
388
1379
2472
3215
3044
5611
7780
804
8599
2675
2717
9535
3801
8841
3858
6299
9416
6136
3381
8391
3430
9470
499
4675
7650
3798
6057
248
7854
9954
755
3361
7750
9240
8526
9135
1077
8014
2061
8299
3904
5534
4175
1633
636
5908
8691
6560
4419
8306
9651
5269
9407
2960
2510
2051
9642
9231
6351
5315
6186
9079
5352
3188
3653
3181
4154
1986
1804
5960
3063
6098
8347
3509
1419
8116
7821
5525
2116
845
5409
5234
749
5359
8510
1293
1815
8839
2212
9018
576
5483
1311
133
4163
2392
6477
9145
2716
5878
6295
3763
9740
4265
1742
5688
6236
578
5821
9480
963
153
524
5690
9288
4642
7604
1287
7421
5256
6951
8774
1046
4550
5692
3215
8279
1690
839
3941
7555
822
987
2898
5694
3448
9180
9288
9577
4460
1018
2744
680
1220
6140
4557
9716
2469
6479
8694
4951
1596
5776
1904
3519
8861
9607
7182
8818
4496
3254
345
8014
7437
8853
2619
7322
2136
5583
2194
6216
2520
1796
753
7079
2704
3917
9887
9159
4514
8690
3236
401
6830
5441
9082
9511
1217
6001
4686
3212
8541
5054
5502
4053
2125
4965
1370
4199
6064
7635
4642
871
3916
8921
872
2670
9471
9532
6400
6469
5825
2539
1706
548
5253
2757
3253
7933
3369
3201
2088
510
5798
6374
8043
8701
9093
6910
9053
5592
7211
2169
2790
803
5011
29
9981
6151
3865
2147
9077
982
1618
9776
7865
5518
9834
5654
9322
4188
9160
8138
8947
6046
1466
5040
7789
5368
8407
8528
8975
3415
2332
6942
8734
7990
3614
5019
3667
3799
9466
9210
6374
5079
6949
2059
5111
3927
191
9543
7435
9680
1729
757
2758
4238
2479
9261
7567
3883
798
1502
8691
557
8115
8150
8111
3566
6595
1219
9080
2177
4075
3808
4179
6570
7646
8769
7507
9712
7882
7067
2113
2495
9635
8607
6124
2692
3022
3149
7163
6048
5034
7781
4213
3083
5598
2450
8844
424
718
8847
8140
9772
8785
9537
2411
5565
9946
5227
5912
7876
1924
3959
8161
5252
2472
750
968
9080
472
138
9221
1786
6304
8391
3369
3478
5843
8640
9642
4197
7827
845
3154
4069
3208
9849
6614
1760
4086
1321
6130
2143
8512
6724
9160
776
4183
6712
8927
8829
1076
3344
2489
1995
5605
872
7469
1779
9089
1519
9537
2964
2480
5275
9206
8056
7928
9096
5629
5468
8610
64
1842
2824
5615
9126
7293
4422
210
5947
64
6458
5446
74
7905
6013
8771
9603
1147
8675
8514
126
4167
1606
35
1211
5878
1399
9855
2887
9896
101
2793
8202
8158
6232
8563
6986
2366
8264
6734
9957
2419
1460
905
129
4003
3265
3034
9034
153
413
7988
3363
9571
8051
9373
3422
1494
9742
8636
7507
3981
6206
8432
8473
7249
5354
9847
4463
3855
4240
2447
515
3612
4024
6297
219
7107
5394
97
2476
1663
4646
8255
988
2905
1215
3506
1263
455
1190
9576
715
559
1754
5874
4342
5848
624
6384
1987
5610
3169
7698
6534
9635
2974
4220
3037
1469
7155
9516
7847
6383
2188
7106
8171
8314
2934
7133
4681
6325
1572
6314
2829
4468
3958
5440
396
8157
8691
795
2509
453
6272
1367
2428
2889
452
5638
9701
8599
1244
4640
663
8697
9851
709
9550
926
4429
8254
4569
6675
8287
3768
4601
8234
229
5936
4384
7665
930
1108
897
5365
9302
3651
3982
3384
7502
3837
5407
4433
1838
1532
3404
363
7220
1144
1650
1847
2427
3631
9816
5162
8868
7448
5502
3510
6541
6760
7726
4152
4694
4846
7310
3889
868
5549
9237
849
8985
5441
5198
500
4703
5471
2870
1073
2827
5910
2544
1294
2
2886
1209
2801
9099
4463
8519
4050
4481
1888
2979
9742
8430
8525
7101
3118
9240
1309
2039
6684
7012
5260
1986
9231
186
9685
3832
6504
5646
1009
1265
3430
4184
3535
1159
4489
8803
6129
4312
7962
7032
4670
9794
6569
4019
7429
3607
3804
6496
21
105
1932
9372
9087
8379
5387
4051
4179
7175
3540
545
1682
5833
3528
1603
9160
4752
896
8961
6311
2792
3791
6559
3642
8116
6890
17
7006
7350
2735
8103
5601
40
1081
4135
8618
351
5939
4638
3279
413
3438
1853
5798
101
4740
6301
686
1447
330
3856
6424
7285
850
3653
6100
8359
602
1313
7604
2516
1062
232
5977
220
3357
829
3222
4402
6913
4744
7628
