1977 46 96
263726772
891108095
850230855
416184901
488220074
9551318
756878270
867583066
571353778
544717308
812813489
670425598
355523549
762140211
703028454
468738384
287958531
796448507
287664763
300419653
570242404
362371221
276270724
565908097
289061678
45329956
157366428
38960073
63863602
684531505
125560610
844596596
407939983
528126350
147329382
123492346
128822322
921065636
928264528
616032003
115340012
371802718
480547331
14052122
917618235
235672685
948880459
380870852
295172962
573919370
596935070
255964224
378799670
493640682
669319246
505088458
451895123
81313463
355122114
205926371
508374628
594281670
787161232
518526275
680625117
219062976
295832784
419621003
880942266
420709712
170670204
412643857
803962008
556483896
667210144
959622584
945719237
332394948
683114101
476004200
499027683
484448610
417874876
569784994
793336169
868932845
316551030
115750071
669613894
409740339
694877680
689622774
554242922
481242274
846944100
851569072
330993672
69989172
776452584
561365661
332363852
626276688
543565482
109205825
250993700
142754907
448041775
423049449
536810834
751100756
824811331
625449585
464450876
8012358
709955957
959288811
919972017
81606710
109679674
173847042
913943022
49450816
125939295
398670880
438110165
349432466
478092760
557885018
797223524
337447188
95670329
62323097
943624507
732341630
654645450
949026858
887333083
348241253
734991291
905480404
144985945
286597220
168269157
855172390
185784404
756765463
56222371
522848996
274415750
320551443
63381068
832993256
712541224
667537545
385162337
360205049
472250335
880420303
932140693
29263584
351864532
980147419
80076535
508901067
149005537
619924324
878663081
261485003
744792934
720159614
417847904
787015249
158824015
597507959
913064586
350065444
874456010
741471740
37292769
101653082
352568632
929259717
600861710
993467843
343314681
725125681
852605252
631211156
744020946
966539168
300110512
813593937
630894604
480368098
949062136
760268066
37366201
801379337
318341509
360861229
813635450
502505809
201953781
393273303
400680637
790890473
248938541
760074737
681241933
851822962
737236534
4210047
648251511
6154364
832689804
864682174
164724063
773251412
825163372
748912393
765143911
614495152
701436449
461497499
607239570
482701790
493635003
459339738
505810778
724248072
275872476
275168210
201920241
729760148
65512424
519301373
324642518
922151212
78703150
908048538
544438549
568041845
540858031
812873103
233798651
667193428
559526330
555935869
65739759
852944655
535613100
163330471
508791892
510849163
345072448
74998009
951105480
29942797
748222515
230001412
996617235
92927123
532588353
964342137
244453764
36538196
801428892
893819572
212093829
480350088
832587065
870910737
886008484
70106655
544951013
996500885
18506059
420536731
248826213
105903091
254823565
282700553
792217476
109050142
228974302
373636435
473774669
708893735
231614032
639384046
104130023
293961462
790398129
811012331
175883265
202716315
889453305
122243144
705673801
609746074
619273903
917174932
627849084
495740059
647095922
130686616
642531009
622697355
704853231
871080278
758311642
907073179
448301462
248349416
379767500
460978099
288676936
340552107
692313711
738083990
103860291
914571275
212555022
447854513
962847957
618749200
527452973
214966628
790824633
736376901
311507384
129328123
791017476
58739482
430063887
885705007
419616235
538277232
634518747
947719829
580765748
211184374
423574728
9918844
944966327
21542973
4935699
188720790
852751991
335136753
172440861
40854957
466533553
135950128
331594798
336361447
425024661
267337865
961989104
971738095
981748710
862154371
597347178
962053235
938465862
121050668
133955836
392093499
444688773
123228940
916958370
730860875
697771709
797442741
712193610
115811315
526434469
896960565
658360325
984341732
35994042
738352816
32909294
77474187
170580514
374042383
772540536
331764341
173180262
357392169
554739713
178029774
363776056
559033697
767891252
794282604
808866995
196650506
332082974
884679975
44679397
416161632
194188148
419280904
190453407
243044109
291221519
93586242
828292750
752157609
916023872
55890140
560095232
329422761
922704374
883720624
123736217
913816624
848197969
249010965
998595607
182340936
219193022
636950768
535416260
496376147
966111568
733310986
973672427
698217786
18641707
859627336
384167919
264249265
65108295
989195268
409564764
77885010
379775296
399910526
183669606
498771152
286845887
877947587
349682758
808003335
899819612
37577597
318511052
851574738
880519757
601078650
456312465
293576807
838148292
554291630
854357766
446290772
785794025
735453842
261396774
820176841
423951337
307917429
608030488
367574691
265015108
633312679
634146410
449638113
966791796
747559147
656186015
924960769
631595617
476860108
612990337
678931804
735457188
551736491
682982495
519950663
312599503
696114818
28402858
825205538
759960316
482134366
541362335
580160120
243764993
388502427
836363317
119438908
396502090
905948904
578707762
930651438
646584996
615117052
115318521
169500746
345806048
147325619
256142372
2765685
940174868
236708984
531349608
832149966
644826376
426892458
951207217
922758271
580025306
56978586
614585696
526421244
559713879
499399605
938231635
404283484
98827825
461757416
37729000
551639393
663117575
19685695
888854436
165557630
785482739
490821187
253816772
3657696
197020233
656984742
925072171
807435954
8280977
487923733
372428868
841291573
967896253
580100256
889743590
211632476
922376908
271803583
343995337
49647136
962776037
326333155
572980002
54655469
897117198
855843736
116641058
429974976
953377278
745595986
689562333
43802030
77397172
805665625
292437229
325952693
614587435
492945906
751019648
38844929
491665569
78848669
76510223
333446469
844399758
671090331
94742711
415951879
95132308
485920881
296412684
344720614
717582122
130348995
157827414
625362982
665249776
491053636
976555670
322936273
396476649
684673463
851258042
929825065
183750877
660801617
3840299
270783671
429585643
987445266
725866050
231399802
187524997
855985757
108146832
998656306
69318629
824731686
55479653
759214414
603222971
811911510
830465827
504835651
806336601
503095179
526652801
785739851
353723255
935859409
583609660
813596304
73238866
876998654
471586634
660354371
989855036
16953672
149555532
488520405
334564504
456045807
339657655
146819556
309965709
555725996
898913540
519502978
469465417
787316140
104572375
728531400
283400762
584166885
383987931
220756998
737650887
968820644
587963135
300689059
77866153
604238692
136006329
101165289
766137495
475496734
963634056
646328044
984330930
916709835
305807190
466723845
467010854
324922629
942129624
378680667
233337562
553786334
135410337
280080974
96033174
164658940
434348630
885540432
876689165
778795558
457739255
406804230
161207840
363687663
929859776
980301006
394782289
527094255
530001222
39169461
208125709
769037428
890210179
750794802
771374851
29269081
26855869
328955070
148652233
901914867
818807526
634326049
681631319
610499966
280830923
598884937
79232087
176458599
567588010
565247127
2245577
642386023
640016575
218327416
935805106
807962209
97077561
914142278
493969002
367647017
646314565
629915472
625856824
708236919
786488376
902415638
176393828
488600465
114029723
51340563
267033475
519927447
754923144
698807864
872388301
285932774
118485530
351451737
59907976
417440379
68822843
757616662
690782003
385400551
869446146
119949354
632348667
853302967
210614943
179917909
92797002
865322091
530907284
111322373
254420713
278349934
725031532
894651727
914551617
334549556
912832228
304514198
886539971
73800015
105724539
737020090
204429258
237977459
77914388
748858700
496016591
153351910
915213680
660411807
787681903
3503574
449057984
533697680
966072603
801427139
512220144
678196391
884303546
704893099
745894314
591077183
766722867
677281245
35809219
814914822
452547872
323799692
397046719
293177521
773294754
675704910
47552603
547480352
796592032
764691537
392998272
449788116
418124892
156861382
590871491
607198479
489864565
808193317
769247016
504193326
831210858
154953441
62066617
993659701
968273834
380683643
417713362
639609954
304734350
149262234
513845540
628511293
897475316
197599906
434479573
995611658
440423368
235911786
179089104
335670656
904149926
535610326
793923883
255545597
380617947
933980360
698242770
402853208
722969459
691272368
64879209
1531091
653127107
34387396
65913029
414963712
888141610
836299216
589573710
166450323
141195389
438846280
927449920
904554523
36884665
410271191
199595894
459072575
916491380
40341688
633188643
943724247
842634049
401381195
400915644
359133531
466826074
326825579
434254346
238622541
254198330
73495998
555632470
42566848
212876232
799592912
932201768
824745005
996047801
402481836
145875063
618108802
189543985
80920605
254071579
610614399
788952060
281355585
901364266
957525284
510560263
946111134
291100943
512397161
93198817
120229913
62144028
929569521
625648863
773033508
390727158
734446052
542027308
910863357
524379416
832250835
368641354
631089531
64900513
55706359
407723632
979350926
401676910
551313845
581110450
887060395
363604650
607111166
660256384
12080158
716329826
652050973
755097660
738141348
451374466
684266659
804082036
780605062
850916265
617163609
788041674
295423742
266614670
741678028
453678977
134356474
585836342
210071540
857645916
859879524
782044267
292253150
617761300
21198308
867004854
256745732
874492623
309044994
43926422
104161464
945415984
946033216
738684052
306192865
118720544
316410988
558794326
751150160
271475883
595830368
20536390
169874310
618709829
761701918
928554570
78661
826510119
962433401
815736544
228253575
335668401
756372256
658716280
916666777
616252266
912518403
706124965
643541871
295701390
6341957
245001822
11552597
876572310
294327887
396951293
157175639
327962562
760313215
726603702
209781296
52797896
568806278
725729140
150019109
611011942
335307195
700133709
821889335
261803534
331005045
666416279
828222599
161090881
969083848
226610383
334786110
757066260
200917654
608030470
389683071
758353803
333468688
959614633
467210889
805179927
66716251
784308685
669641656
311398016
268833985
300131636
966344216
689649210
898210685
139348010
641639868
648732653
573328359
437509978
491612424
589557931
584973202
891744684
229696361
753535657
410624989
799555460
147054568
555162535
493247962
617843827
83934737
42438356
479974126
631155109
749206751
42767259
599302088
890086091
387625008
719348756
794167262
49529997
876285250
644450132
550585866
284023037
834984498
101996028
776880446
122225437
270824743
803102989
388480949
759931571
732406378
924615714
250771617
870250800
601613207
176067355
442405036
67899503
144682541
468683195
260415861
973729126
751648223
122707447
602819574
40829919
395938597
594864648
445750911
607441858
458000907
742768369
185481565
159502685
703610323
690164810
630961183
350532042
491812554
180482720
405742046
61197078
899066255
214563640
604061143
284689772
550777536
162985467
998163970
291414648
495976395
702767720
53136970
660556319
507495373
230690609
456195503
401934905
381373590
78963
327513123
515193140
996383916
343257583
893356801
791460496
73003041
568075805
29963261
40224217
886159500
737720236
616463851
465260886
809494972
788370172
184300344
977089762
544687024
352932438
118165989
904315335
586923329
332763010
371642376
594192326
640129340
201714107
933578109
711419579
440447394
198494831
664347966
165901369
650779069
451364363
121322061
562472345
447300880
540361304
699314439
485382246
807863899
308635087
849503807
194726955
473806295
991556019
913408413
707096532
368359790
479897338
858057133
796224497
587159572
852679541
285121327
500059889
704100604
121492625
562753134
40806568
604859700
848799
238044656
481072429
792425055
354233811
506209267
136530730
486073745
636971008
301729024
116707460
422586090
785553128
307266759
326954601
662489115
472093607
48647747
306669785
592936616
449327074
34194025
918431937
87222110
961125456
136740022
813751731
803916707
770134689
643272159
955166439
7823330
968701749
190430189
933180470
805147229
107293502
137409530
400511693
20619244
65089102
376755173
497405848
771729475
211408568
43395920
238365290
260057299
154203879
366212147
465016968
359825819
91134470
261189991
826074336
35566938
95649409
907222893
393988241
394226799
335650048
581678604
18350785
834169268
210729035
374672079
521406239
545959950
415093761
80038366
857879860
274771900
223542237
990647728
188351618
321147327
405905916
14904447
174765171
23042961
521057233
831587198
927862861
551132910
951901296
726186167
807359993
347336641
603514658
45288576
594246693
64571717
144538456
561236580
557939147
360153209
806878819
531494805
716738631
743863979
189625480
813201149
737347025
610484432
636966267
218004266
165891034
578196200
438865574
793525474
821757517
60019864
693327234
878627341
452815980
845709601
52212203
317732443
104789569
497216791
449251559
214975343
219645833
555885569
659339301
403888034
928618976
300546490
275721000
254892182
545165
863610537
124633165
195860969
601772809
308209816
220495844
550675772
617363487
38953017
682638019
206076832
983593844
283958819
180329229
657936800
801134989
442610062
351310183
800237334
928416336
317014156
547890682
188853630
622260566
392884964
262860318
495849247
774518504
105685709
979697483
756584496
358559521
226623515
923730236
241428201
6945955
869713402
627335670
919715867
905535973
179451665
376557055
739675484
672869059
54385164
75760362
834028351
569897192
2056106
670340973
264303555
930728628
503283746
81203667
584498255
863326728
563084543
619316582
252631634
757636196
826825092
346078328
760151760
166314241
980562005
578200822
462311233
977854003
973110533
217987593
370433106
904875115
498317341
694403033
324787536
835711413
314222944
78510868
289412875
903903159
976248092
67366753
614847321
359868002
434542067
761506715
387394341
850751456
676933622
289596836
244216332
917985021
668026431
925434339
121446064
767172165
721338765
362557788
390951727
116820000
215733941
110151274
652780301
508689532
742015956
797298317
248243587
913181793
13886774
126256273
328331516
277384491
483270628
23243798
821241028
195342115
129620359
349014666
598238212
405668636
559603503
896458352
750189725
871440797
610132675
205909128
323448852
94456402
288358588
161809834
2664854
502633220
48305433
880332227
233054574
727634842
199660658
681503522
277954870
215331982
63951433
804788379
810644058
189070438
910320348
827327326
263493699
197751138
149771601
712494557
835324890
865023632
207667203
171936804
918570474
415640637
255186006
843631146
228158527
968778470
852266573
336004471
539494243
722121544
661184279
631573443
266583461
526645329
616805096
858331090
11587502
297732118
535250761
68844730
193540463
12501421
191372438
63626328
234686373
725159708
934494506
852264083
144241611
287247726
492046609
310126987
18416894
895315127
528061728
16936707
431448306
500282764
968830183
291235322
869214840
752154516
618156628
573707456
330178766
86603169
70682527
598286060
253403791
422470688
994152406
706319355
723660663
302636105
916718543
38010514
130596804
683891958
443788589
926512669
873664188
142397264
349853411
762945864
347715850
293003430
735951519
642459433
388704157
220545
89613093
219512857
203012411
117221247
947955720
965054362
27287459
486300146
966545473
256115087
777346696
347243230
193414971
812494465
481857932
589617749
126222862
65982343
544059368
715968407
928686746
329952152
631771668
403566752
933358678
494218934
280155878
811951108
470591636
483211134
833983272
293387107
639367448
151706736
934382725
539838918
342394899
768794878
595049851
857306238
260312432
185673098
774166556
464726275
969895024
22828411
728643109
285004205
351000651
762220546
985248420
837313611
737002052
689633945
348160976
431501041
303615907
636376860
800457761
185243561
753381371
35019849
576703272
695825463
350687883
627095880
636621488
578199605
122912615
581137288
658129367
857304989
281446886
798503854
783720188
558007937
579011479
213134555
550151951
268830878
89907972
53798066
123263392
587655051
570203893
967187176
69834474
308004035
59782170
76047338
541761737
650861369
157499793
287572309
452851833
142877665
28135803
620898147
461022337
841466937
447630293
633014885
569797017
840004169
428861647
449480906
760287871
401386950
485510650
647168726
178044552
342209118
347938867
294459452
294722205
602677253
115649315
650145921
758486126
628497183
51388826
230014142
367487668
972257182
481425424
603619323
34315378
592145417
322767299
448729883
58525668
947195784
612219827
356147419
925935755
151995906
46481795
169668608
137351106
598389725
885290320
278437915
248676925
863036224
97287162
264344013
256747621
885528038
506449254
866398725
455089165
639197154
608734658
115486677
417078046
250458294
392439526
337631314
399263276
419894296
645012735
391919010
633951874
264932691
137503092
561174806
189382003
321891588
737960075
311919757
756851188
307623406
283392064
732808899
255527186
554239142
457268082
963748044
178181712
3705660
331548778
840316959
848464276
75634229
138789407
628646006
523174958
56366005
795029205
458806334
461692606
946367876
388511998
83270895
583651314
960627232
970073998
716992313
182120650
185660295
325850924
572891148
685520298
447685698
614878927
919510978
116053363
584941135
337805098
47518947
771698806
389812640
764143306
810476009
752089054
359776144
352851479
114263727
300007210
306006080
151433839
858381209
590765893
370674143
741329776
528196970
608209669
241475064
975306641
536534510
989902986
172550326
710360806
741457242
172726363
515147737
384061615
167713448
105527171
458544292
794351651
987662379
866986059
396222905
961590775
851637354
777332113
679510073
212227182
863010762
879121288
87176143
262788349
709752833
144647403
681319569
774539834
709737572
503129452
618780237
239322395
204859088
109620674
642872446
905997005
876381655
608475463
71921840
404893861
135991927
647096505
544834904
935801847
587370033
919241135
386245359
553489328
70632507
973477864
618341333
124000221
296319064
972401135
348257717
89955576
193527857
498477817
148698435
782454495
786640561
52640065
721288094
864495301
928403701
141937186
132129252
941309626
107765281
460169469
908278085
999755969
476829727
5067708
667254188
905970028
434369400
409375086
809379236
149561259
794814920
579737850
951867098
805614256
472419800
912385306
30480589
510223326
928044761
96136896
676637486
398562556
265298319
883656428
244838679
488610274
181064324
889072801
863063797
942300293
404670927
402247472
802540697
354708438
649351608
636992775
149358589
944795371
80608504
864893157
906000267
398881024
88414294
348139828
543901290
684462621
160328189
477306599
418016916
187958895
265962064
610595382
340696427
164929067
782254832
90194053
141258292
29829507
996639682
599482717
249709735
289124020
605230112
524391930
693734726
151185941
283350448
331198534
437656095
395779447
815488218
718732804
611273046
210692397
351053841
902660097
63136030
669561143
216256294
247626676
479140346
89580507
559095754
461924360
381266405
206558449
541920122
815134044
525689989
826383318
881261873
502842116
785922303
792260556
749813477
179983287
863203289
231686781
23007179
71765117
43901370
78340044
329844645
966417715
892141755
391350357
160637563
625844859
981766762
224970770
52882701
356131128
112329988
336375607
317872833
580268491
552833442
408428622
591856583
10221817
337812540
115841572
957676320
310544660
640068067
818696745
526043846
317171681
922047810
682732212
395174253
717624513
158316781
242113208
420799331
131067918
159769267
43414194
703989284
702677828
763562690
533505183
465088759
216071299
933785875
45757251
570410761
97743016
119873420
