1541 81 1
77331933
936545708
62401357
494093718
262543494
472476543
299444939
886447418
722910987
274730650
951176587
57086896
488317467
35846857
866927176
879368960
904156734
237979046
239428133
406007216
288926779
160355837
884308555
716574165
524335123
768844268
727848264
103210611
663492153
170037300
426380065
391121453
29253102
225332402
486423136
97200257
452889487
670507956
299887682
92711845
5054641
857107196
649529909
412499512
751463466
388024058
813683363
355719394
713558217
260954900
213708063
244476733
25058664
950956966
910987550
92247058
606608871
204986896
509482990
113735933
501551066
55153184
801980917
463553408
843199158
345669975
494259858
18843583
588508467
211038866
887398570
692514954
844646927
19480628
411776736
406126670
402836052
69818800
47587134
470661034
457477252
279942780
414346093
491629415
63669162
623049474
885258909
737950999
236955668
392617717
159251552
238784411
612580000
734796990
29651103
679317594
192610522
566880751
395697435
453805122
725441274
879122914
680338353
582169798
995579591
812507214
880916991
229385382
133047063
268114836
102451105
250028303
753056579
725186406
536864114
105629717
896472593
220959656
624727001
914251789
247568144
410214239
345125504
974770406
184629590
699212960
754326355
723884339
912651381
106806330
687655385
751529953
138078920
230082402
736726171
255296709
412681622
473637176
290165116
155718329
827167655
21036370
147920362
628426956
26023499
501919369
451214789
903831349
56431192
280767250
55812721
668917080
413692014
761147920
961791038
165041619
67092856
444368499
994978604
110960867
328266
275504582
328470299
612379704
8975029
515519665
938542145
743562303
881474031
146984373
29550602
720176565
403585590
294857810
181533228
208355580
360909647
593892656
504268862
182470611
697080177
345661271
51097363
783950926
423941017
25231288
853470149
918819568
177751399
617747619
231375727
904226116
846955481
120364074
782038384
238325750
228401513
810537441
302335798
894589028
305909641
704393993
225977583
855098698
587531080
361476532
357369775
465735687
22811106
17496421
730328965
840527681
204790461
751796494
909355425
400447928
579842617
433431159
309358274
80693548
590347616
782329328
955565926
556645090
466352570
578574372
676468114
693558964
606460295
677822366
13369495
247579602
770085724
174961548
347956220
700834277
673352543
540980372
679624108
276166733
184373733
690040296
587995546
440764552
308680386
479184352
404093072
860059983
971652884
30484566
744046019
597393309
792390912
7931948
52594688
60198367
255721842
352804846
478872771
692242350
570738654
90651831
857071530
79398715
928145700
728529608
467708383
661474214
822689001
595112395
741662763
886867596
458983331
161966794
619942813
378919055
194506414
647399087
6481518
401547089
774252256
636933756
658306397
864311633
883455225
111403599
604877456
924790983
311124701
110148405
850343933
894567596
926290994
65302889
121156497
261301688
947007569
520145315
129245523
376876498
717139545
415205875
698219006
828653963
450909893
152302742
64869410
648127324
188146689
217889075
157389536
532616931
603453124
296109191
799466516
762273818
338185103
48943050
784432847
254453288
314399484
965377579
558624327
895547729
374864744
212256034
148893524
645366788
15939656
537461750
890072105
541250227
44931986
227689316
175013896
223521633
798111969
107428334
365001714
518034379
749194760
482906357
487172795
116549114
600368341
491579036
278829688
623870588
266597462
496214977
230453835
955808243
92029323
42585892
510601851
127809835
147307852
664006112
648724610
153283212
224257089
148510376
656213003
980578679
300005205
779076883
239604797
395420511
608011562
977810760
196164520
112453189
776262426
874896179
783362579
164450040
526306017
636625692
602263620
526279980
517504341
956615580
258271748
351070977
163187614
493660672
187749967
947428585
238034254
258810806
834990632
808919388
817652490
734056767
86315105
827937266
440570325
727914144
383946358
478422762
45058453
302787343
337028847
506060101
939932840
981721831
402094198
442895158
853908357
540976380
350319488
641281906
429809553
77083120
141479035
375681024
609956898
5515412
406630332
25489741
516449951
763867495
996130413
117128258
243012486
753817262
650921367
387757603
683406592
684988699
37834542
539238355
747567143
882068204
666240085
687680719
961940701
613285617
513109060
600399845
947447171
251419806
502252237
393732
107342796
5841787
439046044
487571522
766109638
211505784
561797991
658174350
985625630
65479656
921804951
858177998
681764507
742444406
148160303
972668452
173745048
72039495
531627457
733619148
657301972
430531579
680148837
352858276
968512788
88492155
148998972
399970887
778615587
675501726
222621828
41468716
727930839
992301936
707840579
562883256
393389120
953193890
168726637
844443926
42384233
241373760
294525824
96260182
230337576
338356270
513181500
443876299
671055121
444644988
756037966
781201559
528878996
211543626
504027902
62716518
536305308
131584948
691790496
654849697
883578768
843477387
339696971
706415718
722283062
43286784
779348959
905949451
10042011
197465260
808714493
211138581
358378135
73124634
997622979
898729920
804101420
511875306
827501069
351019921
663831961
109357481
157943070
122158581
562013478
431191095
935620832
150704478
751628524
773506660
501500364
270680530
684170114
300461904
28032807
700203625
862119866
291920655
720609264
777249960
324757568
143805559
720192244
980471175
775910431
612647985
619475637
921167477
386311482
305351354
368346302
502295579
754835615
516663487
854794059
378512532
321652583
847478373
870502234
367405683
37083040
653981953
992601304
598939444
276818203
130129570
146734661
59312365
347194292
147968625
983540730
334163857
273180796
714280485
395617068
504021558
416640811
179125323
185719682
261735307
916948197
606682301
883191012
227247446
309333079
752486804
629994531
225319603
722928079
917612586
243433367
700996898
317382589
868992871
261936676
286154800
843630348
483243583
983878221
827430403
693145408
986960493
743125315
216206864
733785968
207710185
569161243
109806745
430152754
678116909
59765385
926092784
372572922
813064262
105228573
392052894
260548877
302608407
816936361
758612641
340165165
295879843
339641494
63416617
923990014
496941163
748262276
190812927
404393186
209707807
735566411
782034453
317940845
590634797
369163761
787327969
429823485
537651506
564274133
3323107
603270741
313946948
378971223
8569325
245948886
937794642
552438630
402850815
10684649
25360943
487770590
126274766
962464360
713680582
987802252
245385583
689930800
422116618
629006221
743172604
137409145
331434822
41718702
759261815
947208641
954125770
337143222
7815013
167999944
42946691
967402021
74544187
398716300
344418878
258573732
118161457
717092074
727220948
766464738
939467611
567584421
319645796
766414125
603716640
233206884
374507348
79126683
54022518
726639336
719811186
494343150
453538287
916613086
502146997
586771537
810325237
264413864
78702519
889007574
477542627
617587101
814714869
145276819
442062003
585394261
723510307
306429538
256359862
983040176
803431719
397215678
822972166
375549750
973426271
70502457
80992594
355814771
358237870
986712672
563445312
268947984
420111998
943116748
199510703
60978961
34113144
106002161
740286581
311101716
85207322
727875354
588297596
243892210
706314012
894545947
418756539
349050665
228978094
951704551
418336920
153200140
180222026
875889362
96558163
307273284
818228277
204124981
931567286
233830468
124284522
181983257
885173311
192334167
209646176
583630961
41072781
84047094
380903932
454801281
15020159
196083487
17644368
256535376
951820930
547951884
623725599
827592391
410799722
61580826
514185833
317291955
711526732
568608211
104163539
302427976
696024875
533261904
171404398
15426288
429096225
554340548
529072638
233483232
379204399
896120977
203872463
569758045
883329920
590445063
471485038
82965648
277689114
721474497
736766201
344993350
217199619
387512126
760608735
839145247
802630822
201991296
194041264
307723502
613399585
161863033
945029765
681995632
643862319
892496364
944757984
102755445
924940574
886348924
784743932
412701401
77628107
743617516
890085056
341443940
227705948
572129695
32117341
407495222
952023615
328250915
331370040
93968963
49586126
922711550
487721125
282434241
892729091
815037821
674432399
602756307
308927905
338866653
846760185
634556489
201621245
919800274
267907172
910516213
665335673
161419654
155158780
760727422
111141542
387439980
778162961
593355151
491379082
47757363
354697092
97071226
741573632
615040148
384785058
568076089
484366162
497678411
937797231
925327589
707766752
423963344
362879661
363991337
602124658
375279406
591479424
962476058
733540908
815711015
820872765
737336925
751089384
749007980
190913588
380028320
537921975
480606333
905020519
721921005
537168069
766071379
559662143
543351673
962957892
999006729
339663114
3105268
795181697
18841043
502602846
131491532
535348982
682324138
45272648
757945974
609940940
992679802
198493542
718037132
903359868
700596804
997932081
451462289
207407924
594550841
57768237
625070928
1760450
605080887
980498775
544536947
278693198
652986575
12024337
295817567
956105254
371687917
557076484
21570376
309758359
454890658
153966271
8708345
695284926
691151160
507726377
156341069
187358731
939168552
399918962
708746172
863325647
987116347
631856859
805550037
994726358
293929258
232781378
732488249
286870085
737591259
632328118
229453387
201032644
930971627
911835600
253653326
917336285
130907725
591060283
828550579
357541839
999998552
376267626
582684151
292830004
577241562
606353287
463331024
497154025
818577020
792943209
245939678
290568455
120669744
648645342
782074898
873751106
970393044
826237515
291613322
851840739
595040446
447016412
845315202
88748625
334850944
243576021
194646210
630182213
404913151
409785506
22663237
220406904
866794380
976266500
540227518
954614390
242509195
766757432
818793641
109943425
143777214
844284467
80458605
896120786
937392385
532177263
294426291
155533452
953287007
445509223
289228721
49472032
731231631
637302802
100213252
209743085
743937539
577445110
642877025
959683799
168343275
769467142
277253436
175191257
553876776
761448400
65042801
235697649
127962413
261399389
390928745
379490272
75606866
333139514
751907369
537750754
635773367
897287609
426283029
431994066
956725278
641467481
278515680
879957299
923708786
224098911
66955075
318285772
910144742
366391198
24876005
607274771
932310856
204596116
236113043
662001835
979739468
69320300
183183199
359636836
724153520
649211132
998851840
480512114
878370090
933198464
7576718
32984242
110744241
186498970
318110774
251983567
294563688
543764359
597290249
985885932
512108379
671694979
150613382
444706778
789838911
676098333
669877415
261459443
556907943
968658355
21965333
989903299
120577687
828381507
996264446
632820287
545665091
845052538
657867816
407665946
973441657
319366571
549950553
851106748
387664356
299864584
212667586
313557621
301233075
472275265
438210838
938727398
10286092
153505341
790660059
741618779
751031569
11610630
456809469
742885339
445083201
63951620
857614548
323345057
685069740
954181344
537230872
367182982
216464704
401170219
2963521
723218227
659608556
579541738
320400689
594753584
585663172
728004214
738073662
943458704
356099795
635078141
275775420
656395236
838586604
610137563
352654325
489359816
881495392
624710079
185142264
493358196
308076736
530429513
661997527
577036576
634293484
481819085
187159005
832930511
115571345
202307450
819796212
426334896
863051998
364841447
199159698
229005502
253397549
681558383
248920464
228812151
427590391
489273371
848261816
474708352
465852278
47524116
803754057
577672212
833831627
346053976
313006828
920062701
245273982
959498829
288609110
66800465
979660688
290461034
319938840
266780526
983621786
454518271
896360433
797783834
50842226
306465196
918882235
661607379
900410677
719587187
142635875
831378966
77385643
210065100
312007436
773317035
396240514
394951220
972539687
208646229
960966745
99864487
551061393
945048579
667145438
87114260
760528292
318579427
916983634
975970306
151150202
159957418
984631957
112619174
950636232
866819239
864287265
553313199
389061285
208289267
128502105
494396138
262275035
786680352
823423722
130840383
849880539
704976860
67752274
979950322
428519284
853706347
897309807
327246608
234021589
787673284
963598904
926745168
623018477
936386525
872927676
918139546
232307580
368762834
665269948
560035242
836075770
203850013
791246648
699047432
594633943
881786055
175500242
607848471
744590029
854541934
63437505
722676442
439948350
591641545
701328934
392637220
174525371
440026204
106022111
98826211
504057749
180729112
450916190
94240851
481353457
924969540
27212588
472119666
991846169
862853558
201764335
447228186
801282346
930880106
977320301
993614038
305761948
53510552
845322309
415344224
147682069
277434991
975878332
529504887
656304964
133581034
244176532
480708300
952271142
563873035
824427399
913974086
587306342
445636861
973352041
143760061
287858551
257834145
425776232
232902714
964914
567314888
77149648
795315701
328780245
373883905
154635184
222357428
519176949
442360116
491668233
798644794
940317154
390817516
419214382
509495496
566138316
516432488
734834280
988732606
497614808
155064285
194984465
757830952
198417418
943474428
803795242
911774625
441640907
235617348
638493530
298813379
348733218
987891200
603861064
700923153
308513660
97417140
587721439
996084467
186795965
241999636
438042057
501134079
217471410
790370995
299839194
315816848
653410552
421373991
952319550
982321077
343677633
336729430
778273267
852023420
619674074
266573769
189897287
36546771
629917566
350254506
880411972
348269240
547815414
312927316
58754835
602139204
650126771
239396353
560283139
639325629
915532515
288611396
885580169
746075331
282738096
258559676
770820728
596443131
350114912
862926116
169948464
712618267
650904395
770696281
918858686
182076703
1354996
227830222
397724729
333186113
673328497
976283742
658918835
492559474
821014037
513832073
578777892
450132859
493405045
311276178
451666646
180276246
516380827
527314494
190936889
10212500
817361127
401034297
378903945
938555560
864915857
257986825
14979516
859650949
849790067
999589563
411003063
295922439
813477199
535124266
905077178
559566332
48080487
298118256
762393112
567685249
324290852
600964267
846372745
875388108
914469375
1589214
359744062
896473390
897451144
424832988
791029959
910229053
497812665
905045897
862890107
233650257
15035674
722503039
338600497
52785634
578437143
585637572
806062414
880528313
812448905
721679231
857487537
27768987
615569836
822150669
732804103
198003695
850579483
120220485
439699334
690908541
726916467
924108644
50564590
223060262
85813328
963480599
123302554
451421968
60923723
683718382
36200956
15020307
350949495
101010435
291631465
104087315
25633409
253676397
235765263
896452668
642615908
299523001
192850521
582024840
712291163
129892716
156691104
525667154
626307541
98505914
518202176
217455325
950698872
885381907
615281832
72356161
659147258
215294935
136296899
658190613
51125830
792798525
148994259
287269424
432772554
171597136
541202728
175389870
476716093
215279879
972087680
456058696
742799635
149063855
912561784
614803533
371650121
500809059
456876436
936305747
335442912
204469245
390354112
