979 96094 1
928114921
457192092
325220225
149357342
394739750
727691846
669549101
851569400
345049400
50904213
83210335
713714194
976356767
305823427
103739310
947181056
841351630
706514135
244444806
483967829
902828025
927504516
108589009
73094848
610808798
261408019
762486885
869707418
135093788
636235840
819152289
718837695
569168093
943569282
815275288
829500795
824785171
468582402
203858036
534438356
233745280
333917499
773850421
687215223
967145
417482757
783162873
588256897
281069186
182722742
614093622
452737269
111718092
405309778
186014253
821991746
163648752
863554265
654367354
340098994
172014693
17201303
474071434
676968792
12396590
307084400
36963999
179264292
364414068
89427922
303985352
279985424
726381359
866676502
125700696
561259664
487916582
520684395
658863411
829368071
726528084
497091146
133225708
98810595
123452941
86215323
393006303
632517080
15638921
129432416
476818689
118944634
313901759
295389656
629370840
654834718
278079695
645139240
964422864
304018261
941519938
81962827
684953204
789207167
780263756
558409405
422666262
468008607
221184616
168489330
898497077
679169134
482056024
721107301
64624016
858283481
290346951
297605048
959481933
629418806
743440378
119352332
720026386
673778395
856332118
614663266
887031880
988211896
382986315
684294003
234137330
309318417
648434877
603132842
855655538
488626445
268612489
815931550
698981842
323278689
716485765
333027715
285922111
743234972
620344274
407644667
516264144
321303047
704404486
963232738
334205637
236820582
942126232
450271513
619841931
83528876
181694737
536291671
824113938
591148757
640383551
756165592
727311782
487444489
595194586
759324954
423907682
494959929
108191228
597316055
90704635
232536863
576522102
236068160
146446730
602092885
300832251
75656923
344047414
720162961
903690320
551993465
165801681
575462111
906449025
439776182
166894708
907379070
214454557
489498799
57803372
187278614
271583082
901995363
500615205
190049476
153518150
726913711
700842964
722526894
152578393
985081644
457529281
870159395
110028030
707188512
357207305
865125624
278947526
499313687
609690044
842758478
382943154
902686316
806063117
376648078
731930540
117367416
692290106
294748363
312621552
107224843
486058550
610977353
222398147
952511574
110587836
145343208
73215194
117249119
11114606
374778956
320701265
236639555
641574001
533634489
198298908
761687215
486129587
188428548
207898841
747316985
237617513
787348552
440288594
686539613
902511850
369399204
717613638
596208701
186082752
89087431
334072601
595686951
560758576
873264039
852416792
119614891
117999692
847535150
713753833
477791943
83967567
971241983
318119699
635524568
486757211
185302662
950717488
612589443
77235077
904828954
438782946
857760899
983270654
742517740
928367270
400501278
947582298
796694088
762059126
368368600
904687642
623093763
318748504
907593850
42020272
231282661
352233364
51208057
520683342
886417559
336002259
289851970
415923270
223272357
932747466
475875350
870110012
980763056
197764635
464111617
879806713
269790068
833474104
772835568
180969997
108509171
690203052
295993364
921061350
156758707
126751188
132361306
608924310
526649526
265878858
113496589
319132106
154559958
935594411
419066290
522251771
776634517
950848258
837780617
684003720
583074519
54703950
790013733
671395399
809828602
823110659
954402747
59641298
584319288
136286883
170543369
96563358
29648353
594692165
902261713
306832380
659507108
671798976
655082078
376836475
871790
519760212
234526290
409895323
678376659
927474031
954833636
728263410
435477752
396519989
396796493
702149505
405818138
384674102
962627588
357459839
435870463
269794524
334332585
25040747
470125813
475355538
502943140
715688515
637285606
126644339
734698744
552575238
730793812
397796298
64310708
191465484
528687395
947913172
518360928
948820601
395867033
152331416
668519980
444366185
609267561
611797954
284853096
632078524
901867741
623482160
648698766
169623350
607380031
548848081
918332389
277064668
749400591
724471207
381668201
229977794
748246363
559024307
766676167
548536948
474274998
133549924
859931145
100558490
270824985
511618287
873165886
967671767
601585704
597985437
535580689
828191521
350978054
905304205
700823626
127035329
154991690
295890714
235039276
591798695
716489999
446376050
680762893
949150527
212383723
823305526
186200990
687307970
166829623
348255130
62794567
707649391
886620375
986865231
826671488
668597540
186583714
512354467
962007476
193420677
870701623
170620002
815986943
380758576
866451211
424136742
611649952
496090821
265362081
618466373
470867389
973605620
381878207
27453512
866557824
360734778
447266886
547454108
347864406
138340559
358484128
722139077
153977009
821055041
821753047
540828754
247619467
85224628
902940442
979213786
9338178
702575380
414939614
53608948
177996109
212002167
485484156
63058121
22529493
424941858
921282884
160684178
894040242
849758969
664503291
148281859
398243962
82302595
807347602
198241019
150211424
902885416
514305294
656832869
44853260
226704245
455409326
170762836
588588714
79792718
516407450
471753778
222049951
950132235
578269112
269139351
996380727
881224961
270330325
789551373
884198902
333568198
379876024
472254455
638390018
496076787
558817264
434054285
82362814
312437736
683058053
40578888
715651755
409575830
433861161
65414425
499492365
659639468
988412266
99587944
975706767
532754850
761995949
83919203
577619129
800780947
402490927
822727211
98004862
177917996
35859828
989434916
6964745
211268065
260869460
284929076
174808071
381813812
975155218
467998791
639703612
684125
584795501
820760365
531104069
55485132
429548353
104482870
599566007
186322656
438179196
339596470
464536282
475674044
887977756
903679926
99632143
426221453
550941132
72906590
346166540
729811883
583507796
977088927
249513420
195851023
607245230
159067684
595966970
14327522
475132175
52670968
993121822
730265812
868641556
984280167
782891656
152837010
745221966
408446117
491927023
930707028
756628021
483713068
634105593
414207973
155780412
685164360
128761442
133860504
705066124
599982767
744311690
348745633
844495383
444049478
93381462
42462400
630086792
812167764
456838741
260657209
913270835
547178809
425960209
346239068
631644173
227731664
513893203
885407746
771698215
735990048
79664671
883683194
333546679
989132987
723357377
944134060
428005442
216028588
108570391
395249161
361863341
517109408
306873983
109604763
933982008
622751814
328967085
361912526
33915580
930943989
564011580
59898610
803738606
13731863
935136495
400469390
671817784
807647236
842783620
809021553
558938396
635062400
584175767
172640560
156635049
850587831
502823866
819268457
963171134
926315554
898009390
278273864
106310325
68779537
54124328
644721627
45853930
865959187
405169587
718486903
433424409
912632571
628355589
815848686
77364616
419632777
427815848
497446249
975110116
208948446
480130989
488952812
968799325
942475403
811179865
651933769
175352030
559474481
769710434
170723373
518305321
674157640
419274884
457020867
68332755
420993700
113393085
659773195
709901023
286140738
435684144
132065384
820653328
478388806
433950084
921508771
710024743
266507345
96132972
822568704
439490246
23782370
549791840
398120735
885522492
650986724
945042376
269792537
851959288
765063996
724982091
537041760
282856135
375975674
666149702
868761484
100174655
506258658
703907390
882132479
403138725
838765187
285577840
997877094
555029386
860118690
176610900
217334967
772517592
672656036
252487489
813522079
956734955
964069923
651824737
251140146
10738104
666640645
222276542
871132860
987170656
133430858
490637949
739571631
461374023
730659528
961008838
669641621
795497989
241854842
215060137
251279228
658137537
341803000
447833932
151414191
37436505
6263294
16449291
445758311
221110196
230578730
388640200
141764744
544823385
225472704
368372834
52365814
499403537
281575141
192108058
753737521
919154992
615095052
274445714
655605033
731154343
432571505
390072436
964723925
169169511
590690195
542122387
386624250
327662843
289957949
590235910
336369642
665284081
219887325
215150887
862934975
315086633
770523755
95920084
341526746
184799041
936562674
962652623
699548212
110184666
653363924
263854198
235078908
684344132
198537885
387600550
43215534
537034154
590952096
686357784
716919799
986894496
170314813
910226162
855767679
263731689
726966334
713777808
980519369
35632060
971596120
114581441
404136276
336617630
974883335
295181076
60829036
659930161
522035746
958405963
558793216
626665306
783800332
805629164
124479712
45713766
254385351
419246756
674092286
259196967
275620141
151857681
278233294
916015042
261127798
298632543
941132155
26147602
331296632
644312837
770358194
138043567
447105377
534405060
546157684
888309330
489342106
565901302
241538818
615292482
694713298
132045583
955456720
15630136
528070757
209968422
213986740
603864127
677785520
66121120
518927090
972819259
657979020
70633423
141823090
979791842
230697747
9140442
581052850
370523612
917716824
231143027
589004501
595038310
776389916
905818332
376488590
426735994
616995031
198913960
587092846
692523492
746870827
749513854
626086724
446381584
70528124
727521665
80275728
432626896
447320165
472773316
454159670
280037858
981235249
178353903
662969631
341519730
230402508
926870943
693726639
99453807
881170069
790597225
771127079
194922065
652836798
747539955
249553584
689635184
889784160
205123056
423272623
247729330
282577419
369932238
331143017
925416342
329139353
316733544
528924359
873510738
698595548
174061512
988429952
964378839
795816195
945496675
302105066
489430412
408652280
277578071
379065628
59410732
861869733
579626762
208345635
586004817
331423166
682586380
296567835
365152651
935755473
351555849
948803375
997704752
815828508
883616636
985234929
