1817 9 1
117458855
914155757
499657871
758767152
152850813
63321548
183822749
176421001
857528244
643120096
944255333
138973855
467389534
74054834
943115021
931248619
568129161
110912970
520037584
71906461
870458756
752011212
607681499
387624586
398742662
103955177
668200543
994998654
712488555
700846071
872713540
313131051
146894764
686962090
717713543
746178747
939060690
157166231
198245850
610699364
189126984
423927932
733134151
406189122
633147877
930781848
713696065
834295833
799325404
488306989
731160136
919110610
345395721
504419643
181229562
89088856
589970064
726274285
932260243
153033076
346471953
905881523
203500899
23145909
711944846
3073016
975558499
685896613
139635053
620209012
425116423
182751591
81165551
184957555
871756483
826216238
909648958
120268103
136001510
915157238
685900819
830713416
455622141
793847943
196851019
191155220
401196861
590823147
783477832
72813649
715643738
80844880
716004738
897504558
637967469
875314455
523481258
131405397
839894901
218154754
701187665
924572643
721596395
321466275
43628430
296176796
74620611
658340685
479343182
306887237
826432121
66371984
175940162
693560019
481172658
435367991
663156652
313328344
756154016
21547626
552094421
19185204
97476504
516720722
669322926
154870302
686675637
625464425
763976012
500260480
198147086
336624956
286505041
223002460
91878410
645542157
940680543
453722956
501061652
615841830
315875549
634958420
492030156
659168243
846898557
54226505
18895031
306606496
665349331
673309057
730810574
319225629
606120731
262472364
189959868
458724251
633807247
70720023
587174111
391378443
314771937
293154352
195335683
469836783
145615680
256465001
912290292
425056261
277703863
468997312
413992295
677626980
717732294
547509908
820284950
172402322
697778724
203134813
142310884
648362640
586889267
908463790
639396866
889154197
312118978
304138121
395197500
324155952
320550258
463578003
841864035
580559029
480702785
561934782
314631544
928610366
308477892
232142569
353081378
126671364
404714614
133187891
242798452
434002047
119043551
693785665
472768598
328937548
124446721
23862005
521630211
406247504
273533399
725600878
558176286
855071010
661337588
874176979
906967545
302325896
97583772
487935305
157003163
817073923
615074931
899703267
624241634
786429196
332492802
657998638
148476605
807092223
483889034
763284378
931168350
860174094
470310046
115179674
20009567
6449195
330097847
919038806
116684389
777005354
449999364
593345460
615586912
868644216
583948771
652372668
184922046
834168060
571310783
72703784
4879238
329778749
383208955
962529001
272723497
831666127
449597463
577055592
670177104
315400501
52423557
840764245
712171915
433068442
673894506
430411478
755067688
719270881
802249010
698473054
897861615
528811019
119347180
91773549
39364330
311778492
538677024
871068087
372367530
188828532
323227553
928803561
140048942
264027176
467767978
991504596
412951153
962781719
3810401
286560946
820129976
874221821
586238793
357582615
227708189
99837362
735774380
18606116
571975975
413321844
22526892
352466336
335491790
84730795
95468111
740652649
547912354
287603313
16177694
312773235
869357056
141116575
416278901
462208379
595193140
267397458
252087933
451719790
744609371
275350837
817055252
964661153
571916470
645491617
422571936
497574035
421937199
892658490
633219126
349188201
553402768
749182676
636881808
759639935
763118343
160758542
621806094
13729982
739618912
435884454
970631962
83884866
438759238
116471299
787764095
519323218
632495845
965831437
948017045
878978046
783805495
470830713
207340533
345549621
935383546
27002405
2867426
495775579
118687078
635848591
868669538
254661228
35128310
731986010
135290518
700901954
993435949
843185598
268186716
380228724
650415528
264757857
443680539
275007020
32913275
645693385
619381274
988785969
759529806
258723003
198288051
443438060
597005727
818236484
736740950
59890964
571582498
752099255
619020436
880664169
251586061
218105264
9267051
186726543
8942275
259103864
297440581
682048431
441155305
251656336
836667432
753551297
734194436
647443454
733879236
848228780
143682833
532478973
288642578
757741097
255457773
369623686
39586682
718916089
294975190
640330602
913676213
72417827
779767369
637830303
607170083
576988360
651744441
340789832
300796533
300141335
103346158
45490822
346558102
586875445
634606063
999323656
839956482
727521798
291522549
431235500
696793366
919089313
763621965
28568224
445892912
380084325
568542481
428036131
983775757
854496830
121061960
816797712
213402351
720675082
593883058
68338895
16657413
133989102
904186609
854872777
305743094
218135690
182728370
835921365
629553612
758289064
195188079
817837303
573472168
428547276
737962122
700410136
696916746
805720718
398163727
211808578
999203439
443577551
443740513
714835954
589296842
586397428
774714670
942836942
738706003
519593012
153383841
352514251
704423933
968590182
3580675
685239473
736394498
324191965
324500235
524170575
289946309
484709783
800055040
658057560
777512578
521799013
239212350
582942601
282374996
715485723
613116280
908632562
765015287
551893335
264879092
358420222
426561979
547693262
727140817
596336294
990095256
348086343
653705129
973982630
154689973
829299383
85052850
193248908
399972341
686907149
49236661
316226995
663784147
344536151
823578928
185181467
21535137
808927740
137165178
228615185
636417837
890573433
521310684
27806930
510776649
238650212
163956157
878484197
788621958
980206111
295531301
156674484
906278448
552195474
96496026
814543404
516912694
18409157
32514257
554322347
592846734
612996090
133230649
259847845
177956651
636995761
4657124
267658173
372007056
746603597
339711813
458978503
679800807
283311207
183503620
35972662
201673973
304018645
820390694
705442810
44208039
570654137
692857213
235904701
247948943
177174372
377195157
996631576
105643177
395688076
829743582
911700628
13281024
219579036
338947993
812057966
795941855
954153352
845664265
873690795
799921307
980283378
519795598
261182269
714077054
717616461
770525514
228302562
917853886
214917983
25860164
401538453
645437309
969250236
126990827
587153400
482853462
457275904
735530997
76210292
8498184
258194840
192891038
225625737
520282358
338721095
693910987
132702824
260798697
65791721
699973991
699147355
938023524
371736797
161072134
335423999
418663465
880842706
464084146
822361039
673673951
788610867
969103723
747451921
487982340
273793703
945850495
503391793
546593000
471344003
926955650
778651448
952588789
408768014
79434786
263026885
358669068
723975316
110046513
517993631
201044149
139418847
263742643
407485844
729731465
387262739
251333028
784813491
779548730
842838043
971365823
966413840
609783836
582026792
944992719
647281790
758564806
389374980
994377986
528209683
594117495
567204280
66223095
140157767
887429336
19855249
13751098
152735632
88002303
264072964
302248301
73396211
571889641
776962293
325418988
528366850
273631577
750428293
17691054
653084553
25972263
771426540
231014192
422757947
758139063
22843587
369207798
770968996
996394215
679766036
439135875
873868502
944029112
481717270
465073974
765636433
173262041
48483828
827555242
656592512
867559311
961748714
676356863
197844041
349090959
475686437
467289168
256136165
471141642
852141895
680265176
191668158
550411820
683759359
842174006
303186741
110343436
84325651
445442574
403900787
600453464
591166606
792167527
702266087
990686184
748314606
243708162
440952323
811401515
323319909
470234867
305328951
92125337
76190513
7154547
883907903
406305693
86808573
711512194
720531
884941605
481120539
836005779
244979590
865737268
146688195
870840366
234357562
229380243
778824043
31953708
649269972
889503823
780367354
39620255
83017769
733235129
968160880
500875379
620006440
524041982
614097412
368266917
878814154
295304311
904615674
295806252
866707511
87813985
829395910
624287060
36092828
641324702
766854398
454631590
331963065
228431157
826571899
137420609
577379794
633590363
726549134
389457584
661308526
764757719
580488308
726083114
660446088
441757492
349343820
858439268
691508042
670132152
906471545
300991126
594478473
820474484
304042591
601806839
738695073
606180312
591982433
823761640
891658327
340758549
414186537
792390085
742416128
551763816
456777171
644447552
504621516
343079165
621820523
825938720
962666327
496598482
709015343
878592544
857072652
194935950
106321972
544540968
53141111
832598071
635336430
397529965
245709264
900945024
520977187
820746319
674179866
532887856
546130898
526331132
131386995
436939297
32677029
635879868
791609940
803227151
35043342
460405604
678022539
113007323
856231512
390142751
847196787
375182552
251835423
607991834
616136887
230079806
570216702
432405787
932276464
559458006
643580421
862550106
222418463
747689092
155478528
278762948
410884776
663285918
267664449
880618609
361798576
318414304
966523201
782778024
234494534
258703886
756602006
113962954
785199687
629962974
661721352
977198092
83139185
565403403
780910926
619972710
934887497
525810342
720726511
294758096
210053348
760003503
761700476
191705783
618558574
489216257
441900986
959878452
286279472
460588527
671787711
942222637
243949113
262740294
349175547
393704614
362722186
308863155
159120890
224573989
6296860
890287466
202988280
365443727
235486503
421453444
674181203
332029801
919230808
702632838
449667422
153682973
553309949
915532672
952895037
331132513
460810046
193111489
28973189
528924894
801843986
319954615
151696538
145198423
763512500
569537359
348753861
515221814
546689860
913558547
932165998
427407484
731275901
59182746
685812243
447247723
987881811
773082315
202742353
184963882
872600664
193417275
471457667
252385019
677961974
151488636
126789338
607438269
951254159
167388128
660249022
698223512
911644638
238508262
249720042
741296974
735902156
633164155
882547640
871524807
569006304
11932807
981228259
136672201
143095196
377675000
87016072
79026695
853223056
788955684
550169222
929564248
470201107
665440064
567285259
408024894
429436613
500913978
366986295
352109312
278349520
871341762
299046049
745024813
532115642
385614544
469371346
472436387
428495456
182975634
918336684
414769174
331524741
295215607
162739250
453728183
778359424
396381409
670917715
165250900
64267101
97952413
332507717
61321702
92620475
361440735
653396482
658795124
776933552
29335008
60926916
784635634
199783053
766781256
843999998
905172766
925535875
234641569
584683327
710452971
403970615
882088699
286003333
428970284
670022663
675549258
771659647
322644412
624417924
544529104
570332091
557815039
360075547
334661270
19708223
462396829
523401241
481565306
421209536
697279837
704612395
1535402
422107828
324916625
497939830
845528480
707443454
310756384
157157093
95621966
210829383
782207943
144658860
247312055
388353333
49539168
891805635
433875521
154310867
19394896
74182642
763596471
763223095
367770208
638069571
70239600
856966579
483243598
514819010
673621777
672952774
846863965
918505455
262812337
105603652
116761707
872352213
953899794
743846153
909189800
610281903
746962431
163354751
890852104
370146698
743065424
180297997
65450030
208051510
645913514
673007330
714548809
360227429
312167536
807280007
80726923
869520634
88799062
593498536
599533035
211277325
268672808
124821212
785374384
352794871
651866758
310117974
756858317
194404247
253593673
75818055
689099680
288884675
69728847
303081649
408742737
666354168
816272617
937109245
14809961
620430822
757982301
356933415
947772648
455596268
465283273
988961908
161722435
753431778
967246046
768375948
415900822
951008067
396959869
253557229
620501812
15171711
32873843
92990459
751893650
366785576
751991419
891162445
971082031
766687347
110944067
81664451
192970551
347186872
288264561
608856022
688950582
946820020
637895708
12087838
828060444
238558600
982480700
910959421
993580526
559799838
19549131
288582963
474009220
777711109
165681833
262162605
100622550
99004826
445879399
144840419
715204678
309011304
744964443
332223460
742545960
903910375
131316445
453164890
407710913
359621926
581947017
286256650
9048312
750991633
389416225
980192128
103125000
801827501
485192710
578920161
121015871
614190498
827076004
974847943
749830483
825323051
617776448
472412618
500730804
234405641
897983981
161665952
312692513
63008522
107394229
841563355
29311707
685683188
312730770
8716326
642049994
961789124
979190304
8094668
432714725
386391101
902539630
349826724
418603968
323287733
168145676
276147320
643774904
430690092
510580622
742298804
914429810
328793348
442773041
55114589
667324010
699764455
882040409
590038930
367286706
465414968
541985012
225682748
388799300
188113256
758223927
507906925
351604488
162189646
98275347
98191306
101246845
134059796
226715562
303420329
69921359
398535673
702098481
780915343
52038647
622622348
564996874
616008502
102103333
65120884
134779206
199500716
784588464
752802659
91331875
22891606
234188736
908189500
158300817
420211709
30894661
328313795
155085204
195212161
346536098
942250343
530202576
586707157
484749065
788090017
953890670
747886729
216317068
878695958
345884855
316558164
907941352
811450663
426300313
877451593
653617363
168168481
516346801
524686989
859457501
816518025
821991272
924600188
251355116
437297949
672753491
89750344
349498540
167294122
604065466
27134720
480720353
844236844
391739851
400939297
609386578
589073690
792914610
905379220
198899854
782101671
657175218
251309778
253215533
483160553
118511054
19524839
174220493
171568714
289936168
841153174
278147299
907517250
175854217
21572789
975136115
989844163
665979116
727916127
120963586
934182006
725089246
326575433
786949855
492200112
438851212
362676442
431849520
541009683
133347757
634982161
76735764
384901503
756616850
802034831
143007587
61950527
213668892
405953397
392272908
323512464
950097880
352030417
570808571
577721075
878486759
305507251
213481699
866510079
667142392
924598865
301993290
76970718
354556919
264877917
455397588
663453214
392158855
885370774
567568291
858968193
120118082
293784468
295254226
240513262
465251163
594605042
606011920
206893647
514221447
833115789
949915000
36018516
877940280
168028146
305917890
357063807
455244683
111341189
596274043
451181837
804372654
333322658
524053548
723302690
652509453
239153297
321540658
991598516
558000757
190722256
995735880
591505901
615577364
115794196
13124241
27844032
350312547
885597151
615785481
469788592
130178576
442030092
734736942
731119212
529214863
526677698
202778645
535245591
109398980
334111250
955683108
551565860
724379928
25141382
722449080
995546498
424727714
502434793
611678171
985733981
177209363
944400086
215089582
362623907
515467229
541304884
970155009
232682759
618784362
378354338
187269757
575214583
978688984
187470077
460772353
805913128
54132131
540519925
670972694
135861921
292255887
908205685
804923529
294849790
608202608
252826834
261544935
731824497
361831753
862849537
831446297
244289361
924599633
177953448
275395450
297672583
573249763
72245674
656843581
673151579
306236426
868161721
745820997
243592568
616833956
110796015
666030734
982043464
54102174
188641200
97680664
178005426
824255721
704046507
687747576
707238698
385814879
894819782
223708084
825906508
472071281
144962698
332528674
178933680
837970238
484077057
159976568
435234772
767353839
687094271
602075295
987131677
952761075
840484992
807034257
457440619
214043976
408945175
650851451
437658365
234683138
155339554
917564483
525201424
137350881
938323517
17586399
481924120
921380333
387126625
728427752
764757642
121376367
281628799
835935531
753504415
872380139
116930615
967254019
662090468
258667407
724415420
574413773
29753759
856901650
255597572
787847765
152113700
988220495
352906155
857951707
433350542
511257811
245283463
44184882
407199091
725862483
982042487
549505578
860266733
175224065
816875401
765858663
62924736
714389065
349286968
561269586
519629227
79229709
92494071
377525984
592259968
524485558
120666987
867388224
495688173
337896062
892877272
337799576
47085737
805353524
993636176
919800333
967127257
357031188
609592968
672203553
385461832
275294212
147315125
536204266
818737217
951669191
817985714
437120917
940527402
217094729
706339229
719340051
129735742
354262394
17392006
356663145
268688288
282745634
238112491
913103797
764497051
353393542
14664148
345661015
620483998
217313591
278190546
360524716
637494502
947850118
811615469
421378123
995635556
394744594
506724154
601378625
554190081
932197477
744604707
572654112
137303842
133287828
325852718
880491278
551144476
793564843
768184772
727147964
845431418
656286956
16459578
784228507
88381756
340535303
16065876
394603186
679738192
90700762
162037310
777091388
245137481
403126381
818667628
233711630
20160974
665083304
289613945
316018930
571533588
841809201
98192969
720938340
599685354
209353095
601805672
894991207
322981523
755202106
146007480
575492690
221368065
694051679
652547160
964369180
412002246
112236329
151281876
193935163
196978326
356373273
994778578
987019934
881687016
193845210
737204651
421975109
699480942
529657984
57773700
980459146
380677143
342340605
222085478
170421612
271260265
751207134
853363438
759858938
432109761
921602023
543863246
563240127
616970002
218802387
651515497
128844301
653527673
135164346
179683978
10497216
765486793
636090237
326780347
807267706
275937351
360446400
79231639
809733034
608248613
406230333
597272741
221134364
726865262
182675942
355588188
884493911
230164591
954287550
2182904
425379460
134904912
818414684
461355124
968657534
77858504
213960042
292875990
858730153
891191215
120196726
160526643
269189303
992963437
821180220
694390069
92359610
697327122
717043842
995494638
456286855
108730191
291128262
938223470
9682380
878015469
685500374
512305726
711773491
610877300
499366414
821621279
625980611
388270390
403373290
152118522
522279698
386955843
903821670
419354501
379036707
983988802
657697378
920285495
476183413
511241806
906021496
747133773
44502269
403582313
398857242
236856996
729929993
8240542
696466705
137619008
880156891
939543336
311557981
573003256
321255175
48073847
816567567
488623351
210810900
40523868
387242097
476690282
87553310
242565335
319072533
