319 1 1
866515803
132497951
596649296
133139629
403577360
659964830
80226051
847111233
978934094
988046216
312069552
28518546
897417769
518894614
896440087
680828186
339442935
99956729
372781875
71978979
969793472
750180233
52332625
613332032
375925264
475410947
458976551
35628159
797288890
310767977
6051409
744386950
936976544
433105409
947701169
717620586
396718513
50325758
826584233
603656871
507232842
620536201
785233404
995676053
833647390
457090470
710949538
334937799
515187978
243875882
696020029
917010840
152263000
833692786
887548706
55348809
570533408
185811275
177023503
442199094
23506166
702117430
80535787
760104475
780289183
657006455
967856904
388528395
147480062
346185578
599458640
510610562
695037662
9453274
210026152
573159035
80456310
673300217
182195584
304899872
742620819
114379721
212107402
262155209
169289336
664536199
751655423
216820718
802338639
63778857
324740741
435931916
381134301
587115775
323404208
622706875
534483919
874798848
640120448
331701664
115416606
96441479
758557662
798509810
60449199
878001316
593050371
949369789
657580267
919005131
72116850
512821493
946561508
985177256
185461829
920276578
182586228
630167078
88800270
622924285
729749538
478254222
573145061
379311562
483605902
480872910
80275250
547446536
31389154
152058311
831429877
971499841
451248230
616567295
809043480
429122316
659570588
472682196
29694776
814373197
792660407
470636375
833367380
117468244
413706106
792623690
121377065
833031479
950950885
583847320
580492184
426625894
729374913
347943678
638008660
736687425
507935277
808591316
450938827
65714024
641498317
466823640
839444061
670302638
737683106
847564972
365378956
426059608
490648144
24292631
383574459
334703027
480879860
527564484
772163105
713484180
556831718
637381661
85474754
614047841
789592730
883077117
331220996
490625056
119592732
138246815
866397495
79687877
646640527
267665634
686682204
211449589
840871322
964287839
757262645
906618006
433327243
567826895
68048647
563531539
988946951
257141129
682211769
555262677
522896260
781799888
220496004
30420159
564382968
110363784
165739003
230239592
845287989
374396972
202662210
399014759
333759329
280434436
223301110
86225276
902185579
479790943
538140395
926059423
265310317
373482210
521998029
421568705
754946054
693760613
290717221
114488546
59207525
187456417
240806795
860826330
200426187
224525682
456805270
966563476
253411512
672966771
127775393
94379313
667077588
399127401
168588174
769014046
667011056
290461255
824263432
154646117
333022248
790657491
875766388
95024509
680491555
399506153
509579110
597066038
4053725
948074294
784511824
391577133
104643138
936922623
862481171
203622168
601743407
887698749
954899779
700807036
454368918
650307806
227330349
430185707
357341751
841481700
918198231
236862037
393245026
953482123
184981712
505870686
679474969
937945714
152855460
916080868
20233522
983722268
531204387
866367333
509208441
212270120
808542864
676036077
246129274
572720643
441320093
818677920
927026527
446857587
643885215
183631976
818003569
633148426
30514661
776873883
436544195
108166442
282776237
842608126
827439674
405967472
20531411
946150442
465409087
487362733
613143031
