1697 61 56
542568681
765299297
17159439
248996662
389997411
832572707
187723786
10115685
55888442
129457672
196877864
776473549
873456988
411005607
593115435
667745752
281938708
158610121
690739655
89384122
155494911
215554804
84411125
818268507
388333612
644478547
197655705
931716845
560991046
925168898
578689927
972931955
986282061
555572438
859465960
822322591
72262352
473676483
885166192
709714798
26592574
93254751
969000668
939407926
643525407
35925501
530090564
772795834
451333816
334003473
264793429
727484923
961495470
117662398
496509990
780731697
750264012
404322913
910846098
655777584
633603360
263419099
829924401
513625593
464683530
161179651
133052300
18221916
187446254
782948587
797962165
216448013
566078338
610530537
859285742
800517510
988638591
483783197
361548792
143565517
630216647
732805735
50033814
791105093
247913325
41564846
123168202
514065370
863106172
486769351
817546264
701605689
461437479
700184419
906728417
921693290
761770308
879315076
59889655
165350103
45107193
348472654
24684177
247347501
462530316
852831845
910053633
11291427
169056634
60948978
642138559
321333607
923811362
816331418
135636829
6975924
980181718
85623874
294831299
124185792
625730541
222849517
47728841
410593961
242467385
176012931
413860093
796991874
539319511
107588351
678279133
72171632
674377288
380346695
434610060
610007864
736050757
374349262
590134041
184107272
938508720
221124996
584194077
817856217
380111886
94928917
381776721
655678397
951580292
291644031
260105230
210873646
53450909
261416356
384483770
58598677
751838134
683071219
798748667
718727352
264144271
574666131
763106166
588147847
131756295
950560157
380109390
425677321
485365334
773856064
645075187
929172874
934726674
621009833
529081830
216540113
826821390
62455414
644292308
675847839
219483038
56210948
652841718
392074826
22885930
166540314
399242701
809528582
796673199
48957098
941493596
235834853
329583641
567663287
978711253
79818815
993409250
26686968
763075031
650762180
111374899
145199124
506463112
540132165
617482631
705536896
198742172
251451863
789196288
180712122
145733970
948171235
252180741
335237164
918153009
147890664
310666808
232048079
332878289
932659072
289648045
644002343
713628307
224481944
321915094
478916344
729475712
961137679
228622287
114946476
383217716
830354463
214145196
600818525
970423289
753480462
630845929
90380509
464345128
28216807
44557205
902871926
302224318
100849874
260384105
310103174
957491786
314776193
84754286
606553285
946455590
739103923
581884103
510970836
953043054
736569598
780285535
728453616
693833240
464058096
69125919
109278918
705800544
696725091
389160730
203360678
445356337
843310549
333323125
58946262
929032705
164895714
210284418
827639431
357604277
383120521
788431439
130605176
351614190
127347519
338439025
384363111
127875158
65948084
8802336
465518476
202145049
96878117
754283096
926427193
176249145
28201959
856589524
770827861
355091804
280985359
439602564
780279301
344919635
869622349
598129835
403601012
983644984
942712937
505493175
179995318
17474954
464291480
37659272
615077491
539739599
687438125
338543293
843200426
168356837
748557585
293326465
39734927
648078459
670989338
147106553
375996370
236354359
520109529
760332608
29049494
112878812
586671207
331830418
70167263
581240423
417642972
573133522
710316338
861210688
413522088
61258606
301941491
196012180
1668118
785526441
935538821
788446986
446691750
346148886
772781392
94165786
723607615
589383205
727626196
517955066
372444251
831603128
310873352
631892976
394779432
13447577
125184491
303691400
737144130
721566163
683294572
373836174
576021865
881550201
488110832
779182763
174175227
390156853
316996974
588472614
348776132
24450901
885340531
769902060
215194883
971938285
169507027
417883082
448586454
596278129
96654897
13697048
851905974
150354011
811547902
628087390
966261622
78901920
831133113
448499754
886211688
29591354
551355139
783190792
529577895
935302962
912983895
993785266
290106178
705322566
243105308
614944885
173771745
142134563
708369187
373670592
220506797
31367076
777415518
373561155
800863549
305826364
547770856
512095587
678884463
180570233
347239065
221192057
110489451
183684387
416147272
247241978
459006636
148032804
774495318
59049442
748567474
456198541
788549311
360879646
334323214
232045994
833838559
125543012
597241735
525264182
181240543
695426277
547697614
281122090
933202198
667787566
249414821
325111210
99014916
919222887
26314132
872910015
239864023
44863245
110664002
134223930
928360842
206388130
202535771
91885289
26976048
174405554
410434805
864427618
799118562
71111599
458717145
393206875
520881332
674185146
697949722
321840066
218879236
735105156
71194553
265286556
20130793
359734328
641162801
210874123
380089831
151526537
371348952
957535456
332162224
141906053
629643168
940169964
911707647
860934374
287078099
840547993
145970330
859496043
400587876
689018457
520634467
823562664
162180000
424952310
109902123
977549402
433836395
164163845
980641053
802310888
431587262
749621828
835692910
679523310
286598386
358864081
813504181
746195693
745357865
773935698
205607794
545537743
412647172
313228775
560490034
414958396
617935243
886674159
362290725
224749402
765380140
866629101
742624046
515463711
807659350
454138271
986289183
221374332
726838772
324702170
253886262
957966172
500774866
498646124
501827743
699552786
182140636
597963760
899823253
933212077
743957902
809087716
230185634
409497094
852658095
30409201
597370430
995584104
433202233
970089905
151183891
576133464
721875669
553263102
60841528
912065096
659587487
254691944
538981890
960579291
743244911
182654934
619858328
24381446
716222614
127372473
864600126
378253978
223513379
379762063
567247209
700842820
481157354
759635267
105858986
966526389
732864740
548878187
239537542
588087938
612993435
947230310
840277355
171121739
14779176
951213837
811302632
83121444
842571616
146932869
843024391
666026712
128447131
607148138
25532670
674570494
978491048
309769920
345577619
800671758
449206119
321030116
6319333
869308142
632835199
470858453
846079523
935738962
91820159
239412146
115977483
502585662
505458141
559132170
662012236
306178524
209243835
236989313
787453897
873582549
66239504
813779555
861629851
368538503
620166479
515024466
152398191
420934773
310860884
408085861
490173016
454738200
257979461
693805329
505013108
160447599
377435510
68197146
7799776
277287325
594275991
991354716
383150826
746118640
376714822
283603752
674025038
36059478
219942814
891834869
552678590
272098339
497499646
145250607
829635642
691059309
190526636
629053241
57567535
151167914
150960603
402301502
765308750
193473222
394996327
808803684
757179453
158090244
801285688
631820164
87753097
7040502
238730943
180257216
908183553
609618123
788897399
145216083
461279223
568177612
749607814
261372618
377077414
229271061
508602193
275766809
519410522
699142127
343746933
41924715
186321669
730110849
287995571
599314905
551981138
818900266
299290685
646803976
737718936
814899700
195662708
607560665
644137290
995705062
277760498
291967029
218432248
604157734
120910490
85313861
765715492
402786629
999169508
223673812
403138790
730195742
558666675
418061054
257118058
31574355
81143964
596464520
534394384
263048403
612498699
610536601
53517972
73132886
494079359
351497140
60062608
419743218
587152121
331490162
210912060
70053154
138191206
787093251
789750610
674395808
430977888
742646246
749054580
434816713
324437727
457256122
699341829
431525833
757999752
680173734
736004446
515574278
538761360
856135005
975045002
846795409
498210241
693466589
276742497
405396266
421205319
662280712
158626105
454739531
207888804
544162835
642587406
953956060
506341990
20931722
64594846
506360953
75447995
747238919
59983582
65532617
999602240
294835015
139277389
472381157
651773923
815442010
243167838
541497180
353436880
945002048
797066985
67603133
661897896
273228200
719752306
875658989
834808891
750823315
515431047
90010980
694687257
386082538
908305994
894033202
708599646
111721057
838662264
897759812
159428091
395162601
344317544
748767825
758297468
265187016
576553569
663855352
366262401
996604262
435722426
615287218
879563966
299137492
214583931
754795338
342124331
503460792
537439351
974915579
948733936
923430332
688587426
895310909
120924442
2499055
994177626
349945370
493419721
101521437
354894782
634435066
136399976
159928818
344904973
617894092
244438549
904783755
946641257
622945025
924205019
425620120
85929430
895170178
868189580
748791138
122890055
37236021
122664386
891300123
432288141
199417409
776075329
489774741
559221994
995837407
603688606
968226228
449616379
441156787
351656715
671132168
395853477
204887928
919053535
402245695
815996051
867211594
468398210
1327580
32166048
894467313
292130706
76081685
659002012
663600748
169074208
669754708
505898641
637126028
686335807
484600274
64966716
56974769
647414322
637146085
835119026
21128542
224370788
597030028
84423355
204467822
358672018
386497751
216137360
532708299
635478054
120270775
156846622
754809773
241167138
557975630
80738589
662440293
80930773
217623818
33987376
198020853
414308882
670733942
73937033
932188347
384477412
916078567
761586361
934814177
622570703
177374641
517140014
495829317
728521742
782602279
280905068
704991038
392261638
602061872
141443919
569044367
608131514
954324478
967388736
65932526
457104490
408757462
275366313
809241419
638907411
383144808
906590869
622063971
199684868
832961312
819567558
834279653
339426736
123833408
961352512
112430736
310017781
790839836
63289856
651781264
499598775
723719443
457254756
738205895
596272844
25438607
597267129
814594137
853712759
454435340
673603433
583731403
58443264
13427780
950841432
335516493
154015720
80262707
497128580
439199186
738770030
407785369
507891686
870915651
101187855
878219140
155879779
574113860
79122237
486277267
565931879
452485095
367234295
471625424
276235594
237316866
377727804
822585129
406702426
97231379
531653737
671095323
734927558
68043417
785900466
489747062
799457360
849512031
659160807
613532255
523124589
147784319
552425756
932169128
531550457
647868961
604805610
849559021
911528823
775670133
606473582
630671368
537818763
338186895
766466227
121731890
485391255
850897783
6239959
406302430
245433470
872172207
851105001
809316738
712677650
92654995
556187221
994286153
483131213
819820843
193903705
490605978
464824862
390770078
598764853
573557493
802356143
748233950
272339345
934580346
894477042
732664793
85110761
849432375
462174409
701045792
95131415
780943631
620651032
549596459
582443392
663045682
945460945
437103056
52027518
990742795
712421314
456328633
992853075
106251530
42529635
45794640
51595539
605226755
792672897
641302820
539356158
633911913
179785523
999789990
20462019
695991698
611938974
182246159
335775913
713240667
815235146
457532739
66256663
195229185
473494631
705959212
960124985
177300019
426731735
78527884
473651187
418388596
674142661
238369179
990297087
55198907
229710684
615141157
171501401
487113768
374768066
23957811
24165044
457821288
189296901
309288964
140178288
943882665
169046353
120117702
640045839
815934442
87341604
949178432
609890944
206091700
836094641
322725406
351142837
159773706
984400266
721016496
314028750
920442007
7156487
986127843
200216363
464468185
763401155
942809510
173895031
324807501
678506454
283103437
696677854
865039766
748189856
250281672
409216115
410015006
474753788
923306650
503534305
260551973
854657599
888560153
198618633
8046217
555393873
162370000
368700304
817979074
443608221
261779243
234141874
974127992
998496155
161453000
398109770
37876061
543933919
430246496
830918606
926833888
155103798
550289311
733106363
112207213
300775849
801522950
476955174
939936361
261903508
682190359
394266588
325638771
664685678
882715087
164829257
139727568
838321356
360414952
776423899
724542698
161140764
4020283
202662820
249167412
130643752
205915289
552809050
83263330
757020084
442130180
567692709
554167084
517664298
676929559
106854027
383488179
183477514
622088432
512262299
354271036
88577040
455648210
881657217
462915326
142268582
875624454
811033711
505319952
953129835
108738006
75978807
832490384
626045432
44960326
445844534
518919078
413212315
351713991
439614555
951512313
887100633
7637810
788778418
687619675
217856560
157582862
611577604
893390116
971593617
695675138
835375369
828121069
634815993
312428668
726325789
22572431
161738348
288372337
281430022
448065918
967711067
475167495
290716411
670269836
596591458
793998495
667775721
58030006
664741062
180717901
252800619
881317962
336005694
612736599
269743084
312824788
397642599
570788552
739366926
435045326
934903244
664951865
182098185
132389493
261877685
385209104
535157757
950536588
150380355
344553489
403334843
471895106
307779366
885478672
838708778
480503505
960663125
769472990
276908703
689160055
112731279
45441747
916171047
621695004
780564713
256817866
192708282
232676262
662728501
803425233
15717907
415556061
935287096
222128553
81645061
741373244
652967334
44178139
481638543
304451970
551863703
844909735
300833034
105092861
318518110
260132270
699210871
616628595
860407835
399277425
113648177
654340688
505943074
785693605
183980155
468160716
17581527
692075153
742141138
436193243
163595348
482265178
322254269
373618653
523113326
225630687
983092898
85472293
907797698
381653232
456089807
34879480
558154865
931126727
970145388
42905909
249263014
778221898
510170478
953599154
957110457
431549262
727209129
277453198
380089638
353424978
465867953
341772556
563384784
704810134
575597108
369395576
957784037
718950213
924239587
244276890
978944282
41148549
179110633
672754494
435182664
709256388
461866778
242292047
770140637
987490726
639743152
931475748
280363740
478502070
376803588
242694007
102491309
941441898
912893610
950144045
925226879
430022854
608485581
322608672
874072248
921209723
920932496
870628032
673278011
240116517
737763831
314221852
131947217
584903748
695937983
38921175
201269877
29932841
669633900
10628988
774572450
516545792
706591503
343502709
785733119
114674664
133530362
826739046
777560773
58636204
478034645
920919193
43624303
963754357
295995007
96551381
1365648
627864105
16311162
829264159
677185429
34159325
385212332
85713956
751048927
886737801
221883409
524025518
92585950
527965197
238983697
7351444
19150966
278461795
743086793
956371987
106024934
273481118
288753963
477557406
707170633
310385157
949180867
816249174
326073081
349129838
159026843
530293656
829770544
454717872
375595758
638923776
918024665
672959310
440055391
54520472
619079720
217050376
435815054
113386951
91150330
118973068
728324884
560619495
56847527
768072392
709803046
493082311
652189794
421626109
406682141
980903713
169552085
684341299
945940664
282295531
549028329
472984970
260288372
910586091
391279283
36535424
674339812
896831564
684055622
162658467
954671718
409960686
236126762
698840777
895203003
406582139
94083306
599133061
958976192
402480659
340788315
543276239
312095922
547360428
514532409
258661096
833527114
507271540
265634007
395081830
775561637
972681753
206665805
436439993
8341684
323192285
310807901
279289972
79006637
418106337
300405946
543564490
153501664
953246684
997616505
791890027
259050087
160872545
232164967
615129470
584014332
994812321
727572169
640862407
979260212
432935216
388376066
533065524
635215382
389398809
539186487
675176795
698734369
933822433
481704438
225248691
682675515
189320166
338427377
34034698
889170878
935578009
209186087
700317984
175248343
175549729
448501009
585908943
556186393
392623425
964195088
629454477
965969457
21709076
532304113
768920523
587726048
726381286
161443167
123143564
630288267
155222152
256818958
810106455
685015566
727128093
101018859
956326612
767657757
676974721
182683610
987690915
953392514
913264892
437143997
930677256
737317293
308290202
560201580
119486760
704528086
573520943
403015935
730943090
525457008
344083359
285025239
224288461
265337743
807349707
16803701
368336783
521315525
224756133
494708885
425467261
511150968
617095448
672856133
343183984
29919163
325315111
20303637
429600479
390458928
287918271
753261419
864518697
552543949
781194197
153954462
96786389
811748817
844693114
314521876
161255922
439445368
490051902
124326607
998776888
854491973
465378548
138990620
996891947
797611951
936862252
596557344
976857108
163506309
591210152
503870854
274683016
413291979
8337022
991142493
946277662
498421818
906090880
177583146
587362448
934471346
356579896
861822715
114518451
418817175
873603896
249240109
706323111
923958418
373478070
594650945
738896640
437548677
360926529
865643499
233858171
995490152
395129362
80981577
200075369
177803052
494041268
679619368
3057815
784624804
950604954
968187944
47547233
782367314
229509834
529288593
837660004
260405857
260843469
12293153
187404851
825672222
941489111
787168159
14982696
779277051
514064696
124111773
981705852
78343424
764384310
