1651 3 1
737807844
522161220
204758227
429694491
17010544
127209044
318013190
340562093
267455105
50615913
657035727
227943719
703638170
167540214
271600662
350658504
455432166
330598268
680361688
917063028
898993826
322157326
856622623
739999197
303079410
193136806
72106517
482604560
66972522
938336663
657919436
743453377
404223357
763336467
117981538
959461050
201390058
315348416
296752239
225331592
82443927
300742387
653616457
27265937
146804804
195663651
698222723
763716181
310227395
493876359
878661624
909163357
625379960
293557915
173087699
439190709
627618452
729477645
662598069
434028350
258200109
244556444
164269425
267011855
295998280
648375634
20359540
257624467
458030603
967118860
335849347
74726114
323555338
964223759
138121438
320042677
975522686
238051792
339796180
513095949
798781614
403356891
558285185
797868050
982447414
945005627
820431763
954075429
739558283
778740291
46015705
99068205
681026727
379107612
161834866
644464495
18958187
994628659
186637156
983376748
267038334
995440020
897184866
788615937
277748159
838012390
677656042
160110042
495344855
977509402
52017365
98628656
817010758
992157386
724030718
210887967
594028534
348467235
271320759
819076973
557327426
199524153
8375734
4420445
669745131
290257586
842274487
381280630
655504052
364763008
674651309
24853717
721289341
909646942
274709603
727361541
653331168
488541713
134244651
196549654
507522310
574722790
762027554
850776915
631189832
112906656
422680864
850518136
984377123
565876120
103983104
254554552
936150459
992883833
881459174
851259286
229384640
137052186
761322333
90254054
116873954
46045491
990966194
930177285
404743462
559631394
42140456
818233181
657147403
477523442
82880680
685295121
648808738
633404292
984965791
537396330
245363410
294575398
482618448
930866389
254401384
327870510
258504505
783846120
774614676
856903776
825124933
134045606
472084670
486434497
83154539
147598218
731418273
690961614
579410240
884952503
983211162
919663776
481481925
769551690
383737948
665090094
898594425
213581877
768052963
814417092
652219334
761290395
31022550
613396448
237041605
10500838
680213642
893873587
954011121
35943395
543883139
391321610
75131661
592182651
960205493
651665808
961628286
218152197
811353214
430917130
470120430
932172816
29419788
672875433
600795551
87191255
141095832
40051209
495891933
617502226
2122629
722863838
482231315
34260450
179095862
113292551
568565413
953544753
532459207
596706695
764041248
283532273
940808494
212392040
879410913
864644485
534218356
626357079
627336176
863992753
206662942
640853929
760941518
513193832
337656141
726789192
661376409
299797613
959414313
400087654
408552836
846034543
272830577
131478735
778686986
779704404
263584618
293571771
690920713
348022149
553590301
977531563
85109011
913901181
213799754
942970841
141515332
171353739
456517442
956362435
252884763
37898458
827511998
833197365
348908398
915233311
889873966
688158219
531170428
300036752
830977574
794016601
123080029
49324938
49485474
852961324
963158447
83280645
167701724
185382236
828704947
920579453
752135020
702933504
136635910
127221833
885310680
471679327
493335774
580275854
807705824
490174866
151118562
248673907
680209870
108185987
540178912
95217380
630973459
892723978
679393499
226984193
414273951
560905117
594879405
643123316
730192735
195355943
900453398
698429962
279781215
726480831
366298666
248537080
368145546
361754314
676143265
975875130
298293242
632952909
991428707
146850084
402259982
569623347
749275755
646809184
938332850
834021414
452284667
124298462
594800208
458266556
315049583
984870489
424960533
143825805
222315451
251637122
627366689
20770913
907409295
293906053
991800347
942955528
904564366
908975930
846166740
361106272
403093922
188053909
400719543
62429582
703055324
52402357
428691111
601679730
847951526
335194132
401024891
857085482
867670984
379001629
101337121
171839052
51149684
380277888
294595949
958457225
505237394
852021414
589090606
788964451
462871505
974270260
128921357
514411331
212376437
498676750
925806300
769038095
538306098
333109097
28960070
366858275
176022519
328953053
55140936
363804429
310947282
105737111
67634158
283681381
741509639
380677309
60130604
12678060
491501808
293911737
302978659
233197212
698524273
149746048
433826372
599837261
554187727
279417924
294805995
215631170
395510493
693448101
815020267
123352420
277551996
894206083
815883774
580536691
90162638
414755264
462947604
378115320
933832160
968138776
744891102
597090711
982135953
473252441
636771067
2501301
931917528
225172377
746393155
447856446
16918012
694829314
972273142
2575114
737548091
614217398
130021002
845123338
994775249
894600801
673659091
569079205
20604661
652669658
143686540
266629063
558000501
82728403
770531974
855339841
676702726
116343394
480120878
401465651
866442669
862842570
83266049
170851999
433741663
668250760
42359736
421690855
18648240
334387542
467602165
807390586
22139875
930015980
450717138
38649250
320877854
321072253
552089948
53811679
399373136
483142534
225618498
113323814
792422499
963876730
704028830
748529838
710921342
199416653
408692780
487542476
557958879
352219196
179612871
868195849
439156746
417784785
477785056
819448489
182993677
250575680
842613185
580601297
67400845
820988860
313711617
600889103
74497009
544020410
477050672
291927018
978960389
660972681
629609872
123160230
114245010
518562747
876936525
371325366
397189483
271570524
690546785
885043412
216270677
845708103
2869185
600407396
479916132
924277396
213458514
801942460
354798486
728370702
91379983
275435837
422775371
545278254
281279020
928668600
991057192
577970594
914561665
730181281
393329995
34910582
272065444
638411028
290085109
93450935
859033451
59650158
953846942
400958880
288958585
625273170
891108246
345616262
998030932
307101830
74545842
281398156
988878114
448197082
804754469
380101750
953001017
571024376
452230748
496002969
383492976
999493880
724806575
212529391
925748829
125294100
946231923
360443832
66646170
648179505
980759759
274142356
102843683
574115799
363956666
789200587
548864211
374863310
250067653
919241318
598430100
7219083
683428264
91876181
555162314
257164006
583435695
587447733
980856559
498943858
492867494
734095445
551058845
897207280
781455811
225477220
648506841
545303294
724412604
584942506
831685095
466016094
580627447
57950727
119173549
404333930
252649163
593481895
226121820
454135671
882688332
831411657
109933723
225144571
359595819
364409291
804076458
797905352
589784361
697800750
154470679
183851043
112820043
950326989
991969469
11243253
445149168
650344623
816056629
626978214
970275731
274517958
476421486
6679242
76255738
126281399
574738207
447009779
45437944
376182176
366877288
672624234
425656913
891221119
292460791
397356377
400760547
903166536
289012495
784291433
811087584
497967654
313126855
603513886
804617970
249045269
389359084
950801229
38840311
548931915
508224064
958770441
77534522
643513703
26870667
675218732
501230462
524590391
164121249
36770761
186449789
547580556
597566829
901704162
735705046
828783882
293113700
658543641
482207569
128164068
215157830
350906356
679481046
849153122
758929859
714952993
159383472
761728283
526892425
677151766
913869220
867683382
402787653
647794262
25831166
207114614
22629854
18401152
704332196
284222486
304329791
201712647
33631204
63030800
310206390
244096973
582405589
512386435
860174922
10027793
181422628
298168970
833197839
394334043
791249543
621121628
831719754
963142454
410685390
500680921
333012654
175972885
111921480
10121342
373733912
874818654
286749827
29781661
622224398
362508995
895537298
32013147
644207916
453014772
323103470
761848043
735847029
970592337
807917166
279471845
4236022
764055200
209446135
383102959
196995117
276394436
586303301
779318786
526356
521810415
489959914
711818826
566751464
897082338
621951036
290990205
769880053
709822642
820598956
975056963
750787318
243488667
72939466
638440204
632944391
330596124
189765620
70350444
780786630
252826195
115312523
537434755
560328895
76015867
406446661
762000631
347037195
378182877
593854106
861168660
46272179
824375568
305363059
952066753
58631145
550152061
162117031
811155478
441348011
534015054
465450724
967381642
593143741
976149220
983657548
812354234
973189923
761290638
725287237
851885780
19217933
900025459
725470334
117464767
641408309
378999985
276328642
176451277
450834587
171736398
143058053
650094013
805258106
794059858
871443038
40200029
783971998
209959956
944964045
396548498
732412964
186536829
358608221
282346999
769221367
554892184
35316368
214116331
659583776
478330891
16758393
543764881
960679367
583384372
759297488
912794025
574878377
909459077
896462242
389175235
141915839
732531808
944362354
995480316
169507929
405529639
978614042
956407901
952240738
925843061
67985271
123890456
719325846
843696014
189339062
176650353
900193515
958865125
218390532
399590568
241489842
691893671
295898145
676112245
591622436
639221016
119894554
222771660
909631592
207740019
446340619
198998164
130833407
456215145
812425358
117234353
366950780
506847473
257734661
668447428
774219115
494060565
251014368
929138347
736895860
768343995
697512920
387741826
349379210
628620256
171959845
765438075
53748936
440021196
137845314
150041035
75714088
314707348
974414874
895810185
968955588
954815054
459585985
813509605
894846513
606861666
893067841
86893011
736929763
944761670
171440920
413961666
319959983
661409818
155711563
425323705
989883622
845163759
381633387
465542855
527323580
50817272
780112883
622049999
939490891
283473565
772786457
94104276
4225419
300765937
749548278
656540161
607951833
553703286
517311030
784837619
222154293
463686682
324708832
937123980
131089144
57823510
868188716
249256824
610494654
207272830
45060879
146914631
725727305
587203190
656474320
103748358
897690940
318908076
953619223
459115778
206045878
134942092
479097209
917620388
449187378
533472595
368651362
462298166
288347953
69950353
842366090
839366844
788740643
924838733
28309540
999555280
782559201
682861375
472127956
799992680
82539640
3275417
72133714
816880322
863972084
373477803
928264451
546954162
341420748
826324088
362548936
860041141
894736109
847477124
718401405
88325405
952262811
26532139
399226914
708091619
887126933
868143067
150227468
53781614
287918608
36984816
598590599
250691556
333216113
567214071
198542033
761224487
69987132
800113873
732993192
61409542
896780651
485806543
526187694
359810412
976967605
374892956
120383348
660583384
288208746
41917983
49017349
202420377
588061634
489085535
927430243
355490812
363754890
33257298
998322019
362079294
178433328
543448782
658561259
566373976
576853774
611606431
489442965
174581491
125035938
633926011
505451840
833197531
209372350
13744674
356111419
684395637
778653184
802747860
166848318
435259800
603422740
797082059
55998066
152704647
413015198
732190015
987475005
811113652
381359943
257039323
34946311
712537034
902648749
414781221
586507393
514763410
729231175
128562176
167489521
542923791
787309160
934070267
807694678
457604135
902396244
780423508
594915214
632272201
526508255
497097994
31363249
81997568
285411253
760218232
545878051
625736752
686408914
676640597
656005268
339648476
698655165
274297293
759990330
842414989
54978718
156384567
938895903
453092202
804594190
415185347
915612043
215398844
916654737
468093071
986605321
161155318
948902846
242689304
669603250
27487481
802233983
783247028
416893989
33936998
141471281
222175160
845494972
896820586
903087813
831558320
643286199
592523153
877371093
892775694
233400058
625742054
43959360
161766913
9801958
527126901
318577158
812138961
667438779
180002800
680325825
24763049
739104354
840959619
690184042
439429345
652457314
135189390
307584306
704829514
819971911
336608400
939470032
612669790
636483079
190237061
96629930
503619518
478170552
311098571
581449651
216569940
505503868
52506762
491503085
236439065
212729499
681370629
348990210
963136
164928174
490158130
450390696
298315392
27327062
763245269
276258431
809262050
423451064
796956235
382126512
577880179
864858775
77668483
683724463
901838816
987221084
603018478
334019689
9491976
16539880
779096181
260241627
169403463
871840585
229774899
632180
742117002
301714476
430371505
958064013
789747466
235409061
44803634
234828069
475154370
213722600
312289505
994415185
295905921
467489068
525172181
354915911
256499679
283558871
669389830
49364746
507120205
74384106
510315529
158725203
764564984
603931530
759403168
263447772
551884557
463496317
556065646
647687280
532987555
488765124
538452516
67002704
586924625
316914631
270357290
288435982
438447258
611764320
886227274
230131701
430274834
258741080
324113130
787000728
300028016
179080075
199024605
152565457
597939656
267586154
796910786
841857935
278422096
869639391
962628009
14480709
258014423
48960796
799436123
132995158
368625141
574751686
497577540
743024498
509772263
597912224
204938366
434121887
923078941
638891926
184060942
292244374
162560091
709394185
283996460
813351246
964595128
920678825
610123316
429756838
374865840
378542095
581219920
356182787
151374359
916946505
543066793
132004108
491686299
214559439
46895272
430069793
853816474
466193392
672651221
18976253
580615721
155505092
828870334
871298860
463064283
2516375
831660482
547556166
710465725
988056087
859953101
227051698
151088126
633238153
414432430
317563064
855946602
128977514
279516273
609582726
646599520
697255332
23583953
199759916
625204391
566563725
593525922
217895938
906750988
414420757
374660401
224361022
770146102
487923922
906809688
806898409
840145417
443053235
61028002
942096859
404370446
508272554
698238506
81362603
625363752
666684894
620639491
906899875
790774578
186608241
739389466
615423495
379761658
456579358
497186787
727056406
656744584
20029084
127386687
41291514
181520516
495256066
677553047
750440055
71024665
906721703
39065015
768008940
362457928
240427222
471736642
660531398
625892825
619643771
327282588
999244600
483692179
74051419
121929419
717010743
449798943
311519243
633859140
559135045
207768452
916760867
62160747
880137357
360686221
731285960
90635561
220315991
357354170
290915308
800179430
644906929
67261368
326506492
893426233
565747697
323905965
148550178
885015257
217077537
586147573
415704989
749172349
485781787
915780947
332113161
962361493
754992985
546444281
743765001
958621093
966958508
866040774
959702743
816349571
56308792
580802557
241318336
218401767
280611070
356636017
187604664
748738847
416252544
861145437
559047373
277856696
751661816
535430909
608872228
719389284
971839629
137164362
507487935
871580824
482848790
96750378
118479273
754429814
604538684
17913745
869569257
923749957
161660929
604680870
966898302
238273838
323411304
585164636
462332162
211091669
66877976
850452277
168186305
830810467
511392996
947103930
200182976
784404711
417621977
879049644
856608558
163037646
345136989
776830297
303497843
421417841
655315479
725021931
615483389
135755345
193730745
580236829
374467745
142878348
852850733
434307358
954050013
750361078
728558236
792870603
815866729
597838004
605110045
446648255
958514304
614215835
186432580
45890857
86119096
693984404
645441461
597151534
852606446
549370376
487644614
915986375
785290355
568700516
463914625
849612533
755509628
345780127
695191998
215245197
386985237
245915390
912505647
912713079
618859425
485411231
514125679
165747361
128560252
625941845
80540920
61217384
401203396
96638703
232602271
112414647
301362464
441871826
86159948
526756313
148679691
842513789
704523162
916973559
976190600
572727911
113010453
733102428
607837738
922991738
294706871
650333132
415570455
658605552
586485713
455286963
873883443
530061161
678935789
756751648
549080011
156819044
682154768
672826064
568979222
445744057
379418925
878331017
695928667
505961526
617473186
24649480
71913095
25275032
298762565
448646652
847790308
41988585
161451159
255112145
426434759
346160549
883843532
568599608
403491786
711802914
552565661
368117226
783012437
778901712
457280153
658300261
369046127
844931250
805033447
219041547
151794118
206226066
893116212
507577873
1821197
828384806
914679934
208050500
920815089
441169669
851988605
919110653
68250875
94463953
17112567
511017326
331523967
253837763
236964980
535273510
149316068
879457335
378937678
55898520
807749040
567970903
932864297
581866360
250684756
493486911
665645340
533451357
189854234
823109183
560672319
481956015
379707525
399994589
879940731
541712717
22537557
