983 1 1
4292
5378
7434
2282
5189
1178
9907
1355
8165
1153
4548
7062
5370
301
9084
2433
9491
1856
8125
3611
2204
878
7926
320
59
7405
781
9436
4446
3741
9230
8301
6186
8764
8216
5080
9016
5063
2344
9510
788
6313
8717
9806
4093
9298
2632
3242
2027
8295
4618
7257
1686
8703
9681
2635
180
3053
589
1754
399
9769
9690
3429
4678
5157
7510
6779
4863
9372
1498
8422
5521
5118
4175
991
5984
4205
5129
4051
4271
5545
2713
6370
4301
1409
7209
1108
5581
2663
8879
764
3153
3273
4167
8861
1112
6517
5611
7805
6412
3920
6905
8671
2762
5201
2932
7787
3731
8781
7466
4898
8898
7211
90
697
5580
6956
5845
8122
5830
5880
9595
616
6334
3043
3828
719
5577
3058
3113
2223
2091
7764
3056
7571
8999
1698
8161
5760
3269
6621
4141
3545
5756
7426
3510
642
9908
2814
5352
9678
3945
7820
1122
7396
2928
210
9375
8060
4285
135
4500
1205
9823
2650
4519
4460
1100
9993
3193
2273
8664
2689
6844
9163
7490
8668
477
7498
3740
2759
7785
4556
5684
379
3970
8614
7582
5457
4635
8852
1148
2104
3977
4586
5823
9379
5264
9747
3064
9245
4994
1419
8273
1555
455
9120
2001
2650
9486
9341
1990
3005
8129
715
45
5642
7438
6646
6056
6815
2718
7570
291
9924
215
6743
3111
6081
7783
989
2725
5837
6932
207
4661
2620
6593
4143
182
7925
4704
461
7167
9717
7559
9359
3308
868
5402
843
7938
4562
3613
6948
6295
9110
7572
3417
6688
3428
5440
9830
5472
1731
6727
4960
3498
6721
3383
319
8487
6710
200
7420
5433
1215
1536
8546
5043
5257
6773
1632
6521
5220
9311
7186
1866
3645
6016
3357
9380
5871
8755
7702
7031
1383
5336
4666
6477
7281
748
2128
466
7615
7558
8301
8882
9668
3964
2741
6803
6634
952
9477
2768
5559
4887
6950
5931
9008
2670
4557
677
1719
7436
2780
2007
5578
4710
8119
8706
2984
2057
9410
2468
6526
9536
3657
5540
9940
7168
8246
1058
5551
1611
4788
3315
1219
8986
3081
1191
8976
7165
8060
7900
3330
4105
6442
9183
6184
6886
9131
2222
678
6204
9538
4252
3747
1315
3760
4721
4952
9530
3858
3232
5440
7452
6381
7993
7172
239
4811
9181
4774
5654
2320
9096
5711
2368
1869
1945
2837
8360
5636
6714
4607
7502
9894
3678
7588
6654
3189
2708
7254
3416
5134
7189
2670
2574
4097
3989
8864
8717
3781
5572
674
7868
8104
4448
5368
7316
269
5754
8211
7747
2532
1397
1753
5774
5244
325
2542
3956
9720
6145
9662
4352
6334
3082
9472
7878
1729
4360
7539
8011
7377
168
9883
6336
8413
1459
1453
6970
6863
630
3677
467
5257
9798
9305
1935
336
3857
8560
3768
3742
9927
9045
1520
8239
4671
3431
2634
1626
2999
5642
6742
7015
4896
2449
4443
5552
7554
2599
3062
8911
9280
3896
9996
265
3204
9727
7235
9311
9836
9449
1201
9521
3766
8219
6310
8703
2458
4342
3880
186
2403
7491
7205
4970
5315
2438
6435
9370
8481
527
2086
6671
4758
8818
2080
2211
3243
6521
8620
1479
91
3363
2966
3701
1719
395
959
7148
1595
6739
9173
3249
3203
5248
1174
1960
4869
9539
7983
4506
5294
1195
6128
1458
2194
1940
2464
1024
3502
8712
2642
1823
5966
2903
1090
5458
8472
9122
9886
1426
7894
9692
4213
7228
3294
7192
3140
5486
4400
5772
7422
7708
7452
3146
5323
5136
725
5710
2368
6799
7887
4551
884
7235
3330
7287
6398
232
8154
2276
8181
9814
5287
3294
7667
3413
2985
1964
1986
9085
2306
9902
239
630
1645
8492
600
5961
8914
5362
9810
3319
8810
6436
5758
1859
3319
169
9512
5993
2262
9572
6098
3453
8443
1959
6822
7124
2554
8219
4068
2228
1880
510
4586
9987
9068
7126
8537
2412
5864
2711
691
6860
9938
1718
8166
5124
4164
7579
3411
8174
1661
3401
3119
7363
783
8061
7342
278
8845
5726
5888
7480
541
7810
4764
7828
7054
1770
8013
451
3167
6813
808
2447
9483
3922
6022
3980
7333
1091
8439
4468
9486
9598
536
2512
5613
1238
8998
1717
1330
2971
8229
2410
7079
946
925
1129
5944
4474
8533
9383
8421
7751
5033
9315
1565
3228
494
116
2075
2149
3784
2417
4531
8946
6761
7311
2002
5196
7530
787
5012
3152
5430
5241
8204
1645
8841
5818
8743
4711
5097
8040
2411
9775
6344
3890
7394
3743
6212
7118
3463
4567
8568
8570
5725
3282
5559
3919
4795
2799
48
8988
9180
7239
9339
8790
2091
6250
7597
1131
1654
5823
1714
8203
4129
8159
6182
8969
5004
4494
6368
8731
1618
8819
9516
565
5072
9395
8765
1265
1353
7232
512
7133
7402
4639
1702
6539
1091
3107
9577
3928
1155
8106
5921
1791
9979
1828
6925
4665
1242
6630
245
9736
2128
5354
2973
3119
8235
8199
3414
1875
6968
2453
7097
1141
9183
1707
6574
1093
711
8906
7811
8823
7520
5768
7219
7069
9807
9626
2634
8230
8645
8675
2996
9387
521
6893
5438
1383
8901
18
3614
9599
209
943
1492
7439
5118
9950
4590
9178
6414
6145
7528
3709
5813
3527
2890
2070
493
2883
1074
2529
5977
2441
5889
6145
5567
2997
6865
4836
517
1742
5662
8693
1004
7714
1625
6094
197
8820
2460
5217
6639
8106
5122
6835
2761
3086
7237
9137
270
7242
9912
4570
213
137
4970
3894
3152
5975
5222
492
2512
4001
7131
8262
758
8542
5313
2347
8381
7594
9162
2075
4344
7553
9429
3226
2883
2613
9847
6826
651
1024
2687
4487
2808
9471
7321
4040
6112
8300
2652
7098
4988
499
2266
5177
2725
2962
3298
2914
567
3763
1064
8459
1629
7240
1588
9342
8278
8992
7748
8970
4707
9862
6033
8491
5401
366
1065
8351
3271
6656
2319
8826
5720
3476
8522
