1916 21 44
593188442
818861924
62992938
196522728
488936269
731752755
128869302
235315244
412825363
504616550
453801486
55777145
194762253
293481036
524084822
125252265
399470367
687516631
193977950
559874627
32260535
914334902
261939865
455536174
444675160
259546695
67169416
657652673
395869115
791576920
678005126
778510377
357631296
980029445
85517524
797271559
116617069
602345382
475064233
379096923
708714347
711411299
161856448
254336374
535381436
124827311
549534677
450018198
462116224
200996937
72908939
249910488
441954365
320001516
825767049
345378615
42775422
83802461
931432124
101058540
353270047
670394188
112578540
311426246
812183090
81488849
872536553
961200894
662634663
995139998
762167737
617372053
611247958
128878911
30677802
132278634
380503710
270468295
974323046
49154456
179334472
280142880
633693157
506349468
181924676
180737361
833013016
25976279
822663102
249868089
957627773
129843376
532729244
107070563
603756554
345136389
845760349
200156190
776096832
879216446
250228724
22769702
35309032
500014494
719858971
380350743
491325669
970794162
822139283
421476273
909970325
306020681
785353990
940994323
112172532
67682478
883511100
650986931
171293193
798067403
779241244
388434369
450761771
827046230
935194152
608141097
550067150
880947163
340015954
935524198
841630456
819879063
149633157
550706266
820192882
920869674
295941845
576808066
562965068
898712326
892516191
625675099
74089973
862364187
153474105
859928308
310642791
328664874
399679228
218244908
505425990
803435207
478644825
310561153
328279741
333269017
231972139
458190232
769806306
575188220
42337148
300797136
991212813
57840585
960828553
680660209
971364852
56081306
769540821
161912952
180690043
948553271
575027573
682652822
191599710
469281777
668006884
234001997
579678673
807378931
972677554
399800489
852450285
316169599
892639420
214649007
92420038
438084541
331467203
346421926
857955903
336552509
291672051
288961958
262228154
396045531
839378490
615395073
518349163
196585561
176156928
332094636
645962503
423910401
160139256
858773922
205974182
285269180
736830764
797520780
495330367
403450266
186656805
285900736
176318677
229618511
651735683
478564254
388508690
966506916
992568104
99531315
943290187
334906187
157286567
541763850
303588612
852710511
673425495
284857507
605377095
108267978
675459221
404218416
16086908
757030647
307649812
901813087
625430941
792898214
280288164
320164911
312417489
604881569
508385654
430642213
266861882
931199184
2945165
873800327
569168972
328962871
626731282
52018387
133118420
60659699
973277859
18231481
782336748
593032799
419110047
95261460
202193265
209028007
301377627
780941508
132790639
2742855
309378366
201287911
642628302
455251763
232281570
797585423
808872216
827351643
329567344
3111376
595421049
466898514
591073378
122960769
859755518
350214875
165026908
572709278
38692106
262815420
39959745
529289700
194934040
658985585
152818138
388507694
883502799
116995167
190344642
340602006
516060154
346692553
654043440
196079605
736100157
345979484
238194905
897151395
965119035
898706879
237998545
646160774
734518274
621121851
86838880
371888924
291588758
998973438
901769375
409574009
935216274
141526998
952891853
519796722
736205960
506670838
116885881
908712498
81420960
617426812
789552205
848715483
435611075
956263714
221043419
529384535
788901933
850776295
663311795
441707746
50752850
392119418
505626834
824598634
462042000
786018076
684385194
201303600
264953171
516687360
169005386
118680898
532769987
896572633
939808182
415769556
238143587
979656612
194044397
429362987
119778911
403607889
487931796
229407914
72519013
236694713
574536648
169375327
436555093
343086472
78722925
24210252
650210216
502590141
710085144
888681224
906781025
908551483
847161210
547351857
94993982
522413047
266294267
366270362
495668307
287418646
512107325
224175215
681272879
528130649
611384107
819747461
626387914
60093651
9413028
643872467
552861313
871354042
258081563
855397733
725184425
39056755
73970218
216999849
638589789
759276580
285770809
743984149
954235529
195725075
79215524
2363118
627745937
310886528
297768644
572807111
683576042
630610946
88022741
545473156
718515931
267046264
243259090
233031533
352262939
371257841
937896534
833605505
9647358
664228904
667266077
567780752
212183444
262268615
910384304
96555449
7681038
341489150
632293727
245700134
612107348
948620349
725167499
97588459
608098313
760837801
319199054
698351142
880180758
414833134
942947056
876069778
730145901
951277713
183861599
113020923
606977701
573570455
994789644
906593352
38651141
275782792
760413750
668130732
519482742
249144698
536277560
544179783
403348189
441930964
190266560
823655019
787564766
528846215
13686282
90560216
960197312
337826808
540204016
780739880
531065254
773247962
921597328
140600170
75645901
881338105
505022118
402413792
31615468
936132671
340011784
268409039
558157740
133609624
227563788
576684777
670746724
552612293
565318375
98382495
128488792
750333687
681611271
920028674
737508243
66119401
421175153
990353680
552779515
681742055
73238851
460618258
957524456
298847254
783374218
557575703
700922854
901267892
73351916
130547431
777144894
497167068
90619461
806900149
313995452
507955922
560942694
807258656
878299213
414173734
634969737
543962148
871185454
594745680
572475791
548149456
97458253
917930249
359037328
446376583
419149066
96399971
75446704
540042230
566394292
631433631
139057997
113637872
18725968
985694676
509744891
268201900
453815136
231265922
685126974
760172293
91184853
851771389
601482667
208127012
677579366
626906667
645684893
853037065
21613820
851726305
999221252
686304758
810208840
648921814
563716122
287612369
289215746
31962656
698779995
639277121
785267025
707270824
117232467
651030593
993714364
248412239
832027628
914879380
960559628
674638278
584062330
239930474
447733190
415768008
780780500
552147696
63367582
806391813
495262503
817825789
883272902
349208520
921328147
203722103
979446227
341352755
392156056
758580207
61146960
794691425
492415055
148493981
211305417
509115038
982858571
141129450
664663169
166427331
902540227
525115873
659388024
436441549
111648363
458985587
19979768
862200014
646980853
381792932
831045373
437212115
19113278
175413262
39515190
599913140
49051827
985924313
127736417
248645249
313379138
351372100
692729483
395628715
707774816
729427395
687885034
485984345
63269148
947849996
359347666
271462138
887863171
512019924
487141358
932689378
89362622
104955477
260280431
163511310
367220257
486534126
81290763
385463944
250306883
711066038
699046382
140972800
404918052
320994947
579118781
836740692
428401924
321778235
271900918
65929693
795398365
444220211
117936695
496258591
778938885
598241174
498072877
41251883
151342997
721188792
349522284
532175668
382148277
144977400
417683026
739762204
871966720
898544591
432524637
746908362
439589965
759627343
954834692
391823031
950013900
453622438
135241781
534890931
474897195
238101601
915267285
648881500
699003403
497138856
242780797
350939087
154816952
162740014
193611562
443549417
749000388
244036932
461624436
337051209
944901004
4320561
927253889
681186010
292124839
955067440
506227074
519951258
713114245
784088327
108272470
203524319
381440668
743030146
372161377
139044139
642488812
912308550
408992098
996002969
863512156
190989321
573305891
787276796
727692983
143500783
794787884
304961879
185199202
99456309
16460929
420828007
846062597
593185773
179261433
174969790
125160385
200054124
853749011
579506033
394464133
886255895
428975132
917520233
427966114
939644920
388628064
572248286
707827080
385643648
840867981
584887330
786156000
415983397
119798943
441275884
326173616
626178531
456551648
305703241
684506195
224282082
948738314
285045342
983736254
66711982
435322188
605333189
82827889
53752401
127126822
99358187
910631574
255809623
213954969
320965093
301588884
346763874
710046868
593411699
900501566
93050322
722573825
884871900
185902558
61452155
565266858
274831369
790991008
824499491
739258594
30993518
395726373
223541676
180694162
307207211
967084957
835298163
157982081
567418986
35325886
921621996
113782888
525867383
993082311
761076601
668110204
328871533
74359743
729817596
138360348
128800524
238154714
411259673
390537700
344724229
123770515
49770365
746993660
544258976
221277698
839167949
40785338
289393156
754403111
449803762
740061579
4145554
715313455
775809486
117279182
331777812
761985550
180367593
499819404
953054879
123816430
752618563
493676369
325553179
958703176
194743286
860688819
601036524
814809399
476706855
655196797
45083174
359198980
539711810
905258003
258995532
636364210
206183724
287815749
649473478
366552789
459196552
254745476
736993817
358375012
508825251
104346840
310351074
457893759
468679812
542009074
416456031
593110025
699151774
286444652
228603854
708259564
802470304
984641501
899588113
869344342
424458746
377354152
266987257
620479589
718813528
779562587
558187147
992068979
82961370
359213334
423704739
312223981
190409821
568010032
321616229
381743297
507381285
240159381
921013417
839682402
591026627
144257285
131206848
954277613
464193833
848728212
53672918
816206833
418903688
138364320
104013335
356354584
277647070
504347933
549071099
37466135
939620788
457741705
249259144
750572606
645801326
586220580
495159710
146202065
371085080
814435418
429337322
297796588
176784120
137009310
226301695
257519895
598129809
775731500
868702736
438595274
757449395
213494459
898334274
349063516
875598689
968702537
748827695
311122223
63141866
969876938
789650929
723769614
919319208
470328754
555154701
922445512
779313160
755221988
119140475
592318950
41552872
967955136
699274510
725289721
269381993
94953192
680097253
315306443
228826141
958056349
191140043
750374815
151162270
145007183
391869880
18139677
440313147
901472351
958160377
90386409
987367349
175500191
781187602
415144113
930537391
905097212
259855866
692743301
545095491
935096397
160251670
33354725
732261264
601625796
307701588
593780802
340974445
238612698
848938065
50121471
234051320
966687948
426796864
738392860
891424789
290143739
140491942
838311029
34860887
228577211
223554541
132911617
945569100
9250382
838501250
563916651
468753499
447615504
247636972
554181167
47835622
89414265
571146751
628741225
811958484
416686985
455584553
255854466
594524116
165345851
308964797
488107236
277125885
563200568
481668945
558124215
897638137
904806964
767514981
909742633
24484388
322794058
233956020
720179156
591610242
649751469
68538540
249246446
183618793
400819160
950449378
414969556
610173210
503326853
163368818
884383435
484929734
330984482
921428513
319121862
297327604
353857964
247879750
333589981
945093985
346941561
861251829
239594436
403996764
240327004
933154118
10946262
880814189
375863181
828450082
712131432
310589880
89213711
483344234
677949068
991950580
211456594
309746926
418490912
340701212
653360050
649646789
119778824
433158765
870234216
78863987
38115573
370607623
624339487
772243501
918540922
376849973
274505704
402897339
224381566
488068146
649084404
978822459
365699436
123877006
348389338
855682501
634448454
11004156
504398811
665043090
267536640
8718114
155199633
811145991
438320502
540817196
885378150
289658079
980249426
894662892
62583972
57313954
819340089
500906557
27858228
583820314
169757908
793241315
226932535
146285846
480039065
678306647
755555848
911832915
565706660
686161672
158275176
536354243
512054594
568037070
193677545
512315884
909456120
311047917
645581012
287242851
882283516
511883638
514926240
652742978
911840703
306998295
298235173
735050910
30657524
326266868
765930388
976161729
927200403
974326132
973992413
686765789
91819672
574509248
751278557
909385591
273831942
163122866
365635802
325445724
865381585
343793616
984027548
589067745
498236728
820443385
94818899
143678444
480031985
955632853
848073942
439383275
330890026
343342646
946827212
955879511
591960091
288284913
226785356
617547253
224637618
679430307
717411650
983440704
867101385
505359897
327611920
835011414
318047555
916962593
573341983
432864315
309464545
78758055
70206749
446011832
751751787
788866882
400949002
50912348
467125465
812225797
935199642
721539426
826774951
70942327
725145799
104798681
168762641
320457844
421413828
683117740
723590473
778703524
916194234
562751564
571765817
392372428
612524966
216546894
751152015
224691874
850985863
579553951
154183491
683197423
607849371
352705885
678783504
145112846
570865590
312524142
606425014
780783524
367526015
456576133
148661418
340083586
272621909
610796780
47015817
760073968
862258121
20006870
527412240
491492002
641184907
945806123
838552116
422855767
756808830
178676864
283339587
603626689
592020204
66180531
786176349
679982258
837636637
38591149
663105489
251239974
785811337
84926596
267298188
754903939
678528612
186450869
586066478
320188519
582459372
343990340
185532562
748846450
728492505
842478844
977879107
547872547
5336311
578132813
523173935
185584666
340356266
490230024
233388900
79855743
907722144
922089699
765893240
999329231
71006150
4186964
655558003
757627253
957576593
271910203
762263109
730369090
65887954
381252705
775504989
115605852
287296588
333651794
721312481
910688799
918466231
897287883
341028357
979857552
981626127
57161890
655077246
306600481
878037960
460039259
118367406
981845069
826176617
536567261
104966281
458090031
578131547
383187017
157732044
486428451
207090600
428253510
314231937
58801716
328217702
326610176
554208577
477765256
125442928
500669146
382101917
682112827
337926845
766986795
133933804
149167883
854389779
515894223
491023824
419183036
319659062
112272165
753693343
696492876
647010041
480049825
465660364
57346726
828604176
566838063
865492133
283057365
475181200
661077054
680199790
436502001
180791796
614063221
304112856
972891277
412573979
113576585
250122627
403126582
956029763
640574555
758726605
510730998
668643898
848798012
945555088
139731107
77965968
439440498
456611385
190258904
442486089
733968623
597775304
548404651
372656639
444927252
353408108
278790312
480723645
631115446
366030846
784738436
725789340
794939771
228504890
563025346
447560133
214925969
171171389
848324556
877580617
279495161
849094650
241213235
289651387
836776917
867559206
704082333
979048502
155057774
190379912
10234495
100771688
338771536
289021749
281406222
681048589
12211935
948574266
943777422
701908230
191141268
785572004
906100010
198767532
454532250
428938723
446139279
621856002
423563754
550143216
212692460
94633985
36336505
353246152
381085191
577081301
391950004
829119423
250447119
980844075
662708234
27294097
706977762
178571435
282091957
816342875
151922081
383174276
716837802
416907515
172738751
557397333
67648796
510702674
691785307
125790943
603215281
133646399
682713855
349548325
381137218
939374458
998427930
388295885
713487683
412265536
869014747
716053274
798357793
212505931
867658330
27135511
832031470
86175601
867996838
86615177
111234711
919494425
884271262
825525853
252958576
177567601
137536597
989509409
137463274
808458580
641053651
924552034
338342840
371882279
544015013
695866073
177806501
547189906
965099953
574251594
315769783
481936909
256543475
867579722
469160319
375394442
112029847
484951603
328197048
943191523
739427919
12059364
606643914
966417441
626172153
842041956
285090046
975664169
534984938
777574235
755420588
753437000
708495984
180759588
843638691
450438449
392259527
551345540
574882740
973489050
237812733
756358207
55647040
859559940
957314313
531632368
811850486
183397035
682417048
144337225
700760646
907433617
912792660
686498074
881253356
750817701
57165045
285258137
694464866
233578184
443212579
246678575
789502050
699986634
478182859
263697144
721440992
870405663
71392657
294298415
351135986
825159419
127445205
428692647
357707264
601284364
226573256
606936453
804028598
160551635
881548189
725059555
991606812
598633191
638249070
838014765
664192347
674647649
762155168
225439518
534005557
771663888
551077386
500630477
664689080
164687707
769694297
510659956
71688751
671130088
905462725
10760100
665859253
587975706
170907197
951886789
98753940
685117308
530642189
421569372
742038197
828528902
634897287
648500340
767439543
533226597
225611273
130387843
532758566
58593957
869194405
310947108
564943306
236805844
490099560
296536876
155548045
351447411
781810763
909485498
341713892
920549434
407992650
328565137
573939733
199022083
201773991
73839907
571632686
149130064
410072090
607422539
583786819
400383333
530745424
689078426
112736330
766548457
741910900
570421154
592429997
257533306
702803828
380020093
643484738
31295906
464361100
689631087
320764721
243700515
788778346
701298687
962144615
426336836
348766257
330059210
177659567
408337084
654409328
591424957
226551764
299703965
186331722
415348310
311518180
937924445
633249457
487690795
253222672
724794372
651574812
379076885
802076297
623004406
582843721
420970403
453385984
59997154
877894576
255128191
357721133
89838601
123684349
976376374
157140493
393377202
340179449
75847706
416147934
259481265
64914339
803992442
13153961
798681719
351358380
509291369
391094995
161483968
84552631
738776917
577854496
347682860
98200623
491127842
805386482
414175379
22738274
344600941
755413656
811902297
680307732
668227254
557460911
245345842
368939544
730545581
430682117
379797691
772851824
46400838
714576803
507675235
690571639
329524522
105001581
577403827
744828122
38012985
897654911
404648787
415016101
636848881
400800078
183350763
696572776
523459700
80829097
137318762
317407799
837816138
417791211
471560748
154123753
295560083
819917931
426954789
729786516
984246737
983533255
454607923
552596754
319130092
175961477
326740828
116746806
281042718
837710139
574232537
425592830
650285709
274129404
429600166
744680288
339013077
771888347
861252369
766345200
158217140
929250790
373384074
996418305
988073780
939073445
529608517
381660791
384323296
501494649
235201914
411307128
593147983
741618209
389133848
837378537
299680631
354399411
943207915
295606937
392077397
233933234
496140335
859105407
343171895
517843647
947809103
492977572
815961850
102634329
479364656
641096313
487977635
368754605
544849361
878177787
278403152
882130643
467854965
748206627
353626645
922023532
386115932
341864315
926311119
104507271
535056609
165505836
415914501
245690882
824067879
581652763
216558800
503240945
621110998
103112033
647872147
116473786
718898116
426749049
591785528
771416678
360742451
908029499
692641350
601020776
801544692
279976611
746042632
519554988
309008397
210169030
919797170
253929308
145606820
179205664
499961250
491038652
535261412
244151515
607251466
204308638
517593962
353109168
754613655
341830253
903699223
912643971
378655578
678010576
597176242
455163715
392946071
741647331
674559263
772229449
719981927
854496024
700220115
350832481
309822826
85188823
324796242
46516954
802673504
27530202
938846348
692304146
795375732
543864603
430001215
660338724
880370957
686159348
221573326
723188632
212283939
866166300
378644534
555133731
65013712
87071762
537248554
674206146
256452737
477802611
623771957
537601136
50466829
650950244
416482038
882966586
297267726
531025268
