1045 1 1
4149
5595
8613
8468
6005
9909
8385
6589
2641
5099
8634
7202
7017
7711
9746
7136
6394
2120
4355
2169
964
8093
3694
296
7983
5010
3508
649
6770
6640
5266
2123
7869
5459
9427
727
6861
3623
4436
4620
4094
4508
2859
9508
2948
5220
5008
7526
4288
3454
4100
8193
6643
1892
7151
1528
533
7465
3122
4777
730
8930
3059
7280
459
788
6026
7984
8246
916
2264
8399
4931
9363
4807
2017
5928
1710
6006
9039
5518
5581
6722
4956
2416
7546
3198
8117
3416
5902
427
427
6975
4004
960
3949
1248
6510
5412
3788
5598
6237
7893
6633
8619
2227
5535
1020
4969
7478
4735
9367
396
1141
6330
9821
9383
8966
8987
9617
8859
3019
483
2756
8661
7343
8552
1216
6458
6797
8627
1302
9011
8347
9191
1702
4855
1455
5876
3116
9850
8944
9341
6239
4661
1663
4522
8658
1040
3574
9382
8458
4122
3110
3701
6266
9536
9633
5266
3242
2266
8842
4405
830
252
5998
6886
874
4691
4574
8661
3917
424
3269
1920
8514
5158
8384
3427
8757
3138
9819
5213
7504
8066
7999
536
9562
3776
8632
4841
4784
2745
9562
8130
7464
4913
1195
3442
2097
8812
3558
8743
3029
2884
2492
6427
5073
5616
7272
6738
4681
2013
2724
1183
2502
1660
594
4125
8469
3557
9626
5262
1705
7014
7220
5344
1992
2961
8937
1324
5662
1843
8173
6932
5487
469
5504
9172
1106
4443
3809
249
4811
507
1111
7111
4735
603
546
2207
8869
5763
4844
6246
1023
3042
2527
2221
8653
5103
7213
9653
9223
3878
7087
7259
5010
3258
942
4507
1849
7266
7751
6507
59
3090
3647
8467
5262
1123
4034
1793
5258
9936
271
9013
5644
2598
1416
3593
7736
8380
7071
7130
1625
2320
7640
9678
4448
2826
7827
2670
6382
6600
4912
6469
7298
1937
7901
5673
1434
2425
9029
8069
3002
8035
2052
148
3839
8131
8925
7162
6520
5719
3080
8813
1303
1955
2007
9702
5594
5077
4199
9875
203
3392
4774
6326
9248
1657
4483
6562
3193
3395
9668
5153
4073
9762
9791
2731
8769
8736
821
9452
911
2809
7515
2592
1348
3736
1002
2705
9648
5614
734
6227
5830
5850
6282
6240
7183
7707
5124
3526
4422
9527
8361
5937
1453
6146
5072
4936
2533
5925
3895
7577
9985
8648
9318
7489
7395
2715
7646
2545
2748
6971
9562
4691
8827
5786
782
6890
5100
642
424
5297
2550
2089
5072
7372
8269
4661
1894
9370
2311
3754
9306
7788
6654
9903
8055
390
8977
1090
2193
6028
8073
9938
2937
5156
907
8516
8024
2625
5653
8455
4567
676
5292
8056
142
3588
6178
496
6846
2194
6515
6369
1104
3705
7202
1411
6662
9715
764
1068
2412
9844
4115
7094
8063
4322
5522
4060
5783
8199
3557
6060
5760
7608
8138
2493
4709
6589
1076
7234
22
1198
6097
1136
6849
6514
5575
5293
8767
4071
853
2515
464
3788
8147
5874
9809
7062
3702
7374
8802
441
1152
1885
5453
1069
8498
3410
8337
5222
6874
8041
5169
8693
6988
4016
2527
4733
8241
8699
1818
5665
4026
9867
2083
7826
8520
477
365
2640
8267
9327
5110
4988
9441
2166
186
7330
2614
942
7444
2982
7141
2561
7888
9837
7709
7893
5178
91
2069
9726
7958
334
3249
8571
8920
2457
4202
828
6803
1420
2000
5785
9222
7605
6392
5522
9193
4258
763
4601
4687
6540
4783
7382
1581
6809
8811
7201
1163
440
9121
3969
7088
6109
3721
3813
6414
9066
7311
2725
1613
6704
9470
2965
6363
4492
6117
8053
6274
6694
8831
6647
3464
67
4396
8794
1591
9888
9638
3600
9923
8177
1359
5041
1365
6541
8234
6707
7565
621
353
3059
9662
300
4115
6987
5982
4187
1789
4707
8501
7760
3913
1002
4373
6168
4686
2125
4875
4126
5724
2348
5382
890
3106
70
6854
3911
931
7187
3336
3710
6428
8616
8791
1236
3884
4718
5504
220
9394
9506
2043
9438
6018
5023
4427
8644
2063
3891
8314
3617
4297
2442
9999
3553
1705
3682
3735
2600
7809
6311
8548
2334
4214
408
3218
4036
8771
5351
7743
9929
5300
209
4019
7135
6295
1406
7164
9995
5901
6614
9458
296
2511
4962
67
9420
9491
8372
6455
744
9346
9479
4133
1183
3220
1869
772
6171
828
7820
1284
8156
4161
3116
4722
1585
6932
1339
8041
5508
779
108
6222
4958
5816
8303
9967
7919
1976
7272
8614
5907
2137
8419
3511
7729
1519
236
6430
8760
3985
8710
3752
7972
5488
4400
9791
2005
8195
2832
7762
4976
4330
6143
1440
3544
1476
3825
41
8258
8009
7083
5543
8022
4647
2694
1822
6453
5463
329
2346
8358
2064
9940
9923
7664
8098
5172
1126
1473
4289
6525
4935
8205
8965
263
2189
9154
9965
3930
2477
4361
7854
3588
1564
3124
1392
9567
1442
6065
6712
204
6380
2373
3817
5530
3660
5838
1949
5449
4459
8822
3099
7124
7404
9946
8955
9704
9925
7829
612
5
3604
6610
1730
1644
9561
6206
5538
1128
3645
4768
135
1172
9018
1283
1805
315
782
826
3805
9485
9622
9692
509
4478
2528
903
1215
5994
9139
328
2756
2248
1667
2108
2314
6306
9995
8407
5538
5657
3979
3469
6310
2719
6443
3051
8893
8659
2712
2447
1049
5708
3842
4338
3370
5325
4193
6761
3083
6019
1812
234
5866
7556
2910
7420
8426
4768
7629
7660
1770
2007
2369
8234
3717
4962
2457
7345
8144
3275
7682
6933
4932
5454
4417
356
7716
6818
4569
6416
7023
9435
3146
7924
5941
5859
79
1763
334
5491
2409
5800
5500
128
6359
9431
2314
1204
5109
1924
403
9251
3828
7374
1214
5086
6312
577
2071
7514
7192
4460
46
9134
9722
1410
2004
4437
9368
1798
8103
2085
9819
2051
3550
3940
4415
2302
3019
9885
9500
2056
5931
7544
5209
4459
1765
718
7812
9674
3063
3371
9457
243
9217
8956
8006
5789
6803
8939
624
9898
1614
7967
6732
5568
6409
3007
6159
4592
1603
1548
6254
7728
1312
1084
8464
7476
4687
549
1148
8264
8306
9225
3412
3874
7080
2533
3900
5496
3816
3641
2772
3227
1042
1554
9466
3231
6401
1711
6624
5404
4595
103
1499
5359
6964
2079
7939
9728
2019
2405
