946 74976 1
964648770
50740232
915762057
267157075
214033705
928320066
137174599
37632
329394163
781852374
516784230
567046724
986530499
737020581
514465546
345301621
229939318
736965990
852714563
340464481
450442684
941653872
227744406
14823562
518906364
925243486
696936436
760303773
2207734
213767349
176167417
647773489
987435199
870637026
830559503
181570982
754117304
806362881
375792114
775905608
510442631
452062837
463738388
167157095
622546111
786696071
32228989
641434746
70585476
270098588
128515521
786019783
42430513
753564328
254950391
101040727
873350614
911911871
80359020
224466901
44333228
172551955
604811619
449752790
870162325
419402428
398320815
889587990
897686455
188204414
144766980
572045039
247154259
881651071
748779255
806067586
749929050
834395866
26228350
719021851
795038727
410281625
540081506
509386745
146760709
851977280
93329811
814763985
73247358
872914326
232262055
617508564
962978314
729405505
37342422
554454467
453094086
417551451
272389995
828632382
15716131
125063654
360270790
833655675
350080218
560582798
146658094
90776562
477317166
627226429
194449407
630053456
291317895
322293186
549790717
295733026
233141104
970246009
877530993
980393126
571095952
883299859
199330988
685135349
406168431
729690875
770065781
22013272
667444513
911615036
115426410
974559021
472592095
152981663
587852970
461839033
817912901
718328358
25901222
275812798
814860622
178957687
549986966
338726608
46464469
698059429
560078118
512892557
830191468
283239851
930975913
955429706
256182956
990487127
19560399
700686798
857549044
103579408
788069402
947822459
117475695
523200192
549868548
807843230
642099952
813216425
973882123
964300150
665564085
821149708
179019599
254073833
167268483
53534778
759453862
477100385
813062603
603287469
618811970
618771839
597240325
508673932
698041425
505081654
449104056
684690248
600298060
237896296
98607659
286363998
448644303
441020104
571508989
107146173
742753094
690821971
674612797
120925270
308041992
87439669
7990270
183013173
132414129
941268014
190010768
128608298
505642789
819286025
863328971
92921845
978328658
965540531
766793420
904888660
477637991
900385411
797495597
515101358
455570985
751060233
258922298
157860627
605434522
293758731
516516415
549160488
528433417
233093571
837528019
758913525
75618931
854904589
625325830
658131009
416232180
747717394
732688735
488858028
820386613
547781443
748481075
136674725
993565114
997851593
7404128
578319457
576539118
799355428
155625594
740101393
824572885
729012654
126964378
635450815
601153289
714416410
747771009
687472577
697649363
198166624
225226315
661748805
956626904
182714730
102676637
298833218
850772311
1038384
37864400
202036090
980030716
270270564
699203090
285987989
397459715
581228618
58630834
228874793
897679219
832409503
984559251
47583403
821813556
287457806
56358754
851360776
879562979
760288878
585121324
121015266
387497099
445074348
759031159
281893222
106933159
792527231
785407596
145419041
353629256
642372548
873264109
661105369
882567199
627385171
103987371
562497441
336532050
972081116
110289791
927411531
363277513
911574238
448644913
299201810
304430478
291144392
486228712
431555873
557731442
125522173
195070216
448320904
680262194
877673864
927562862
214414393
999760266
197414093
311485419
585386527
204033130
965085159
671165128
931104262
375718161
878848463
231340667
235520526
906611730
231049598
386834982
586081130
530426344
236460823
970578926
443826798
502638323
886969747
50671729
383977443
431310798
77558283
69989583
114135749
828931776
575603039
881809326
864838229
368389562
222469407
884683069
151101311
59328371
601759476
199675798
11469215
651875328
216931330
14891014
411422176
886212616
890087472
168492970
506950707
784650129
220016397
445610239
781611060
354023062
122899313
24010840
327071883
74987042
889920623
182190226
759694997
520341477
471243137
927768683
350360102
588372486
752761154
358542957
238019878
892793786
102463086
725682228
442115631
958474657
959933685
329927005
362114623
497536364
17822681
590404333
381035929
319891096
213716808
561666761
569277845
520896936
472881487
588464608
587488221
702322113
278531331
176977764
161839183
638613095
716915883
254745228
188811705
202064502
249252679
852031201
22622836
16492116
185649094
788069614
234014699
186587660
340346935
75133954
421564300
362786459
436805486
49617348
547590737
686629419
704827056
135429450
947127520
170797760
195978205
952143657
598492250
495425015
178805108
115180776
153841842
581659628
661392928
351385675
31511125
115014797
390516015
123897589
955240175
595418514
847467223
38504653
292269230
61834605
814117714
403392725
552973894
704086854
530442616
348326908
325699705
974536119
535428861
608601501
805852415
215795601
638879352
507408501
677851743
609553527
513347598
971384478
173086259
689087057
368677032
305539746
160488694
54425452
771409997
433462338
933283811
164909587
296622675
972500076
152010967
559729727
397908158
974792649
37832652
91531235
895164823
305275479
229552923
237090747
860110685
432943989
332702626
307433882
669086208
246527306
893606257
345288076
846491865
365474134
273287830
459780329
985185433
528840453
907939252
427963105
480839282
809583664
81244225
498227567
987665600
47963484
133304639
83552007
676732854
738470343
616533077
795645454
710917548
179932724
741050720
634028634
579097707
438326818
648578559
387504879
503688636
267097556
448180322
625665871
137572095
97829221
594186411
652999263
261020810
688728838
833295707
718347237
933532514
399962422
943498604
963340246
951807795
940265751
330387825
816236800
418851194
70105692
807935277
623020774
834256734
923856974
915417362
311123887
543403051
863844787
986907849
953204605
799431782
379682681
355677530
249004769
189172148
443375187
845571707
159924826
224609952
531574966
955836707
27789438
612833352
519185071
134218916
440882443
824705065
371507166
22077845
126037168
823697775
669512294
29397525
603659943
418479395
549174987
684160452
255775541
64735819
847164302
361563464
510824348
689319527
10060511
892222302
157310439
30481552
391448829
781539734
69146924
360869736
395470304
487063431
497195634
22479785
493272054
90808041
320382302
823904218
923019960
928872477
683185773
433321902
523656641
68701303
52489201
108677381
406139523
516570362
903953194
898600889
275742663
601535680
258684720
129060341
114741145
554946952
415879471
387960368
553976031
242431767
289504715
119537087
278875304
320068090
880111766
135225040
125239619
758075970
202084263
355957764
974183842
480456255
6721618
309159577
191320969
459392861
315846473
122305163
924573375
392864819
154706429
244203757
542421544
771982858
962045292
997446193
699410567
847289204
208422671
263394323
444975451
62822449
128116806
526381671
997158626
802171758
327090105
41499026
556300601
456695656
410060494
284795493
206784640
362455233
613788789
462128481
858958151
828027982
281964894
197492480
271311353
954942085
141866100
228732095
653169681
161941573
642182566
107950237
401785261
752767954
698985814
316546058
14578788
794842079
483481432
900003744
338154440
938328178
410716306
239877704
60479530
485639408
464285171
447359729
248331647
106192152
179202831
931886988
877953402
165178033
372005367
454197217
173214834
395426346
65704894
985525228
284813552
950317055
450801615
484136900
20887698
655071006
494426759
374153327
120670351
406099025
129371058
916611230
204240084
676044456
138920108
259690491
245691379
98358563
202812282
971431097
658080557
666849026
312634744
796271242
474146758
468858627
480053174
778401255
894046720
521218927
826203863
476491753
762542580
763831482
771679757
950338559
225650902
581165415
432717416
58047705
126090948
365846549
619689076
322103179
566383179
194923998
784828781
33187191
474515376
369187226
281436517
546173741
250144213
647160843
870694401
301454645
569455218
510316730
80912940
759062492
385314722
506711117
633536969
496385424
6376722
194038737
673393935
889469909
67101130
542077183
64837595
701493351
136256132
464974448
96322909
248763614
72381807
857080912
926724131
340708332
391427670
574442061
261615371
574294162
600509764
491702745
826168482
240661738
821034638
832570577
488252777
304469648
230132166
712492867
947339963
100541578
23088041
269684874
285712144
631117558
618683111
227164993
683152649
400866754
348257619
386020961
377597309
852934821
223402742
698697851
203773088
35871485
655511244
605411250
853565155
373338772
757098042
237777385
442869055
517381034
976434871
318442732
104668440
143584485
700387431
192686596
839008467
761558745
516735845
737250935
451074737
604325795
307428441
109635519
534067568
174146749
281485678
717626197
975648096
614030418
612670800
627114637
708548313
533885824
274562077
821293497
526635927
4744995
171899411
983901457
549796252
698247997
503809514
856250376
101141532
316872092
58989640
514619496
968187388
119380539
343761909
87012722
983766135
692091432
542283744
804621742
273544096
262152665
592367002
561480080
905551510
61686071
813636979
84051315
983880202
510043376
364127647
753122209
207242415
964821904
151390693
75664006
784350060
541628787
500847408
794996888
142379882
161887723
114298110
695964718
931462471
591352904
577883456
315189243
237111339
750324112
237405435
231321936
491866147
750519581
636087640
953461530
575465212
131573729
541838650
470843298
590543220
472697072
884919067
999519239
371021542
955175869
683435719
206442486
138909287
733937065
431634541
602861313
