289 368
6 163 44865885400066
17 89 470266902088540
18 179 361158480591199
20 117 364822095666417
111 62 175905405196663
44 156 397237490482346
133 156 442324506125055
229 160 719096398646977
119 206 632405870579980
45 98 140156238794040
13 181 422127918029596
121 51 349416597320373
218 251 617831059596817
270 6 806381448314277
82 48 599381281980331
203 154 701901294508018
223 74 135227045792110
57 74 355215089514559
41 75 773258089869100
285 251 503324824823315
29 205 614085448064712
83 55 643091988935985
78 51 257865629918887
62 280 940722465885352
67 168 438433585998602
86 241 77146538189312
71 94 509347688098947
141 29 665770300189768
162 246 631228214024885
65 250 36436150193710
43 67 201144350069321
207 5 600414524373104
234 260 418493701899283
74 269 928499231849045
56 243 809446830911331
190 63 60798872461217
164 195 89177487075880
189 242 778280381148401
159 43 696187392369503
30 39 117733537811183
165 66 878513405237424
179 93 7019815241787
285 144 476551343809606
227 37 484738511025192
57 115 408052868064027
60 177 148121797465183
50 179 702631382442331
275 1 741615461729024
132 257 282946425558253
92 253 48692493752843
38 161 308833290337172
31 92 508179795143264
166 125 727813256684164
174 11 454408235186315
122 97 284668949231456
282 287 354927906322039
57 156 820943525433639
54 65 726500449111202
133 279 166984813056928
277 140 562174110880098
102 24 659943886356412
163 132 985215849390292
184 186 727620451227399
255 55 829321173868138
235 241 611188051235526
208 85 708378733058510
195 240 638555209819457
206 203 55226184530601
268 132 753477906074090
214 247 485251560506217
70 138 159355421194847
137 224 797974010210540
135 0 985324258670045
220 287 764623736679247
210 253 653631331496044
102 67 19628014852831
33 52 356336771260549
223 185 83261568110655
7 129 26844057538700
243 174 72348961880562
27 11 450906802847311
203 15 369022099475867
6 137 656754996701032
139 246 956742224107323
264 105 937863883546209
209 107 166651709439787
280 128 622981089230115
99 3 715440676194124
116 86 549202930617701
242 146 405756876884291
240 224 101027498989129
255 271 444419912114470
237 127 715794351854562
286 141 993157231496384
11 287 133174187147766
118 1 652602887343109
278 237 505919308640083
243 6 92668634377612
133 238 463327909767369
126 281 768605379837895
113 107 205455456086552
101 190 282797929417283
142 42 217355801914997
282 78 266610108908812
148 227 307081713013429
255 143 621909845217483
41 107 525891196547408
104 168 490414082517890
115 279 919285507085723
14 274 733620274017104
116 224 697070755075784
112 86 907673427619329
94 257 980378099761310
102 86 918459764761113
280 105 115135523507567
164 167 130726311048067
95 223 646540003940284
80 205 30938891133414
156 76 407469052388084
75 215 799741779108025
55 156 558224424139169
104 64 406933374775079
61 92 685436808925602
189 262 672269755652867
58 113 556196303961335
239 20 608262436743111
182 36 393880291233083
65 258 829352736358673
58 197 55635364631962
283 32 162293655115027
254 79 387070043329679
120 130 391121128185943
247 262 673829889921121
124 170 114863205326878
76 179 347150936576188
176 31 602432937808872
96 208 168573294652406
209 132 158123399268416
3 195 966217127007472
42 66 829018309124334
36 46 364989594542736
175 276 934973985641255
152 165 31386456311566
94 179 989288930173098
236 73 130332131399496
34 134 765147160953510
41 97 757248098320848
158 122 684245717047509
92 25 670534749104765
206 194 641147101713568
6 178 541984186749018
182 61 958243678101840
150 181 110780120290585
109 31 994333436564348
243 241 499984495922524
124 170 648176990919198
5 211 285565147924263
52 115 589563919953039
11 3 722387645171799
144 135 442318579881491
80 135 218089901909270
6 179 776164692103434
179 112 746055457008080
209 194 576806046611127
57 108 913491372722398
104 235 595131412680348
94 208 474264378608422
33 213 260252235694378
12 21 241230683162640
132 208 522361293815386
138 62 560036748202582
205 130 119889373352602
254 255 86203519721243
241 217 762319842196584
229 98 355693469112554
39 223 934288524203195
26 23 160363263882752
178 92 344313015557406
136 280 111929843088792
148 230 700558924027239
93 97 824097154007628
202 95 918182577214826
2 280 331918657101171
183 57 205293704169588
81 10 632654398820305
17 108 203573958301403
176 53 266460092741368
196 87 588236173164903
110 75 561046438861166
54 35 830722829501306
5 183 75429008664878
285 242 216533930117785
78 178 36866236804939
248 52 170035460613030
53 28 927716946327120
177 47 679117691123328
68 193 295007909992035
58 203 977852430315849
46 123 668738166073437
82 104 364893430823594
154 242 968104498185144
34 182 525605900016230
287 21 90797778461933
105 222 930592059756690
100 20 513500464999783
249 177 24821261725278
268 147 305433358845082
195 83 254481818758376
139 172 963052135342552
17 33 213288977438855
2 164 339992859590458
99 197 689058808247523
214 270 679321275550057
65 40 958514724648482
245 267 136571900024868
144 153 964091767960629
198 121 269651587703876
119 124 958639537277544
69 81 123274090309496
209 272 344060571801670
124 263 13408520487473
153 98 264492593037779
10 247 412042260126783
145 68 514912226210410
262 20 515542427912530
253 133 362019845120001
104 45 161278289640569
100 236 537614382741814
76 67 921935057277339
29 175 408853982809358
181 282 876262661217163
134 202 696045354092267
61 29 755254260964461
50 228 431101018882397
175 155 797268964797421
129 85 928684206957665
105 259 943162569668419
127 66 861432436576064
107 211 672171757562553
142 96 272037053836251
75 242 721157294028672
119 253 727473431265200
172 52 258176015360856
38 227 153676962777276
287 196 732619384497145
186 178 770732546683248
245 73 676884260457783
185 286 429429750494170
193 14 728735429098494
140 124 727444062708733
120 34 212695255248889
116 89 953053385267239
186 145 859165950822749
197 131 335648179723150
237 186 138557746660714
119 185 48811940848427
90 202 982705424510557
54 226 41951453070864
207 129 372595936905434
58 205 286786949386400
284 197 910088225975244
236 183 46950187903889
128 53 23130201424801
260 233 796841033606315
180 83 107924363374540
111 104 806775542998625
96 40 215225568466475
204 71 79635850703731
54 56 761520344362805
106 130 969136610596716
192 34 387024585127388
285 63 21984318581547
192 143 336211580684267
1 89 8759751478417
287 41 107970112941338
49 180 403808479243615
196 99 498656056987953
250 179 469703467016557
102 227 825427972603670
263 267 287328126748688
237 272 786409337021703
207 84 93711096788256
10 189 263981934973606
252 57 881135185063846
97 173 151202823693362
53 244 388551922496994
250 35 301230642274502
41 194 937075483552109
131 62 633734111558689
74 160 492703070281251
136 71 62461859653963
267 18 866364608215169
106 278 346131696136821
78 215 880216868555972
19 23 238784051117492
259 217 681219891332109
250 184 593906453596365
65 240 68442349845508
3 175 457708648974098
259 256 841929245521910
137 253 371198866279798
7 112 695701634184494
74 96 744888848833566
162 9 417763149926374
152 254 358466230590425
12 136 844751869804319
115 143 458596513640371
141 84 196896221428776
236 171 963698934602214
192 124 428514985479680
218 155 161920964577650
133 202 288512546672483
191 217 377911382709628
146 81 920832867267706
268 10 600814577322456
158 171 479446176748632
230 111 350479407028149
81 102 548850611378435
192 206 845584329401457
203 4 78489610331607
230 138 322987690592401
149 156 103717140472862
247 142 426475399044520
37 85 874015668151759
6 213 939678909172260
177 24 705787358440504
228 257 484108443261941
47 7 499050048318681
201 109 34712652780598
92 38 692000384386262
111 84 147624882492396
213 92 995077118901478
261 90 668012990518070
33 101 466947829236194
119 196 581486969236962
153 144 813855435767322
226 180 333339500098452
103 163 433816056090011
262 25 995812593184434
150 148 663831754553392
22 72 722931194474651
230 65 737055990796050
124 82 8507158739541
159 251 322810871478778
18 45 228518906276462
187 271 854461880919657
276 101 352903893760920
187 24 876316911904606
197 182 510182908455152
284 13 174872971645248
146 194 91969726213316
16 227 933991301279592
162 263 379129503735059
243 260 4858885768295
7 23 505726678419841
218 154 715447871419643
9 150 488947260216215
116 175 473425084260739
288 126 890060523068925
118 91 208556646839411
184 194 343018123917347
151 84 337879012048685
249 157 430375068011673
158 75 580251444663269
209 82 519674618367222
89 247 529541176395222
22 257 434750338215525
122 141 952523385048286
