530 810
477 139 2
111 469 21
467 219 53
216 46 31
235 301 71
462 474 54
114 137 73
396 468 36
90 327 86
342 223 84
83 447 23
339 410 80
97 313 6
427 154 22
398 312 22
361 24 48
261 417 98
393 364 59
78 176 63
33 122 47
386 421 58
156 386 17
485 42 92
191 287 54
30 1 52
180 47 68
235 251 34
437 467 30
125 244 89
442 227 57
240 389 75
351 340 44
335 315 49
499 308 89
162 327 19
314 212 74
120 412 46
61 122 84
28 210 45
416 420 65
333 500 5
213 366 3
396 304 32
210 91 29
332 296 22
193 93 25
94 310 21
423 319 22
169 293 7
182 492 54
202 386 93
211 2 65
478 517 56
191 495 54
506 194 31
396 342 55
204 151 85
203 422 72
500 224 65
506 434 76
202 393 51
441 182 47
336 513 70
379 520 2
241 351 56
263 154 30
98 483 22
300 227 78
508 229 22
371 333 98
85 179 96
69 90 55
475 372 76
353 264 59
311 434 83
375 103 27
39 233 13
325 82 71
79 6 67
100 416 77
222 262 6
192 388 80
50 163 15
135 43 24
49 361 30
237 423 72
310 113 49
236 511 59
388 410 90
227 288 57
358 528 76
368 218 56
20 502 52
25 93 78
450 434 37
375 529 27
349 388 38
97 205 72
422 169 32
220 509 78
443 418 100
214 480 13
164 371 98
522 527 93
71 408 19
480 90 38
518 397 98
289 84 51
492 472 7
146 321 86
302 72 9
368 59 71
308 420 20
410 163 15
378 335 52
401 412 61
5 24 24
60 446 29
415 123 6
20 398 90
101 32 36
99 26 34
155 65 99
311 39 63
472 353 48
463 97 62
42 185 75
425 342 91
282 13 63
123 525 92
323 241 80
206 309 77
294 71 19
209 57 6
9 328 89
198 127 16
479 69 13
112 220 27
222 347 61
376 4 43
282 125 66
50 37 38
127 74 87
365 468 81
504 171 2
109 87 91
423 426 81
21 13 16
28 190 18
278 341 69
490 476 10
218 100 64
456 339 47
245 93 74
529 7 40
507 316 82
369 438 34
502 387 40
437 96 43
258 220 43
366 454 39
272 110 51
93 508 59
428 372 28
502 175 39
47 131 92
101 282 71
391 91 28
29 75 67
191 519 46
519 40 6
430 55 79
313 373 32
276 330 32
47 232 69
17 143 25
76 478 36
51 90 40
333 311 100
30 121 54
416 19 75
260 196 86
485 65 54
415 17 31
445 421 18
369 57 92
412 185 82
377 101 96
155 164 76
323 299 4
436 285 53
27 103 67
158 228 59
137 412 26
433 113 92
2 131 67
524 220 32
191 87 9
510 230 87
281 460 50
65 296 86
474 257 31
332 446 39
286 242 94
520 130 43
445 334 92
453 0 46
50 387 54
190 368 53
116 43 28
331 20 92
195 38 87
24 59 20
505 194 67
424 514 58
509 461 33
208 276 9
332 70 71
225 13 25
446 207 64
464 152 62
241 42 24
449 146 5
142 98 15
253 23 63
149 326 67
518 520 2
525 524 21
211 526 25
497 375 85
301 353 16
162 475 84
77 445 16
443 388 35
53 187 3
151 311 50
259 154 51
212 100 4
58 273 63
420 469 13
101 276 86
156 365 99
296 449 80
262 266 60
280 169 46
40 381 38
15 370 98
363 526 45
440 164 74
5 161 50
271 268 74
22 42 77
448 156 69
25 394 95
20 485 3
18 373 74
405 241 80
82 440 45
82 375 55
117 163 32
234 264 26
463 65 71
24 204 47
98 211 30
400 360 34
30 420 29
117 224 32
208 500 31
228 304 87
145 509 19
253 279 66
410 222 8
488 352 15
337 158 60
142 435 41
289 179 69
135 481 45
526 495 100
27 44 23
210 145 92
199 8 30
486 238 57
32 459 17
339 407 10
277 243 17
5 366 78
334 75 80
255 315 93
522 271 42
47 144 97
68 434 86
426 145 40
5 520 84
142 220 17
220 241 21
107 102 93
75 502 93
215 390 45
496 4 48
263 392 45
335 285 16
2 252 64
138 78 1
78 506 64
56 199 34
203 216 5
388 70 20
315 476 45
494 297 51
205 17 95
296 239 11
314 282 43
237 425 27
465 489 57
302 201 90
283 522 6
322 79 78
211 223 55
63 352 53
16 387 93
432 463 9
396 235 85
116 229 43
419 110 49
520 528 35
524 293 86
416 414 24
230 374 80
77 162 55
415 3 81
461 436 75
51 419 23
328 249 95
362 429 28
9 337 74
258 107 66
454 192 73
377 114 21
184 185 5
278 147 82
33 378 41
453 461 37
106 36 67
503 375 56
382 334 54
449 6 71
224 452 68
194 59 38
100 259 73
54 108 73
445 498 13
68 72 92
445 495 72
361 189 60
91 65 82
277 270 6
18 212 68
447 435 33
362 133 15
264 183 12
457 59 65
1 400 3
363 350 48
131 170 47
357 487 21
384 131 38
83 158 74
78 449 65
246 23 86
355 162 19
466 312 61
249 252 12
448 172 39
497 269 49
401 167 91
22 516 60
242 520 77
354 92 26
455 15 100
99 349 72
474 206 70
489 502 61
212 409 70
251 30 67
101 369 63
473 519 92
383 358 58
133 48 47
111 42 4
448 513 92
507 32 64
84 206 21
94 519 69
440 295 22
231 462 61
489 393 65
428 194 93
22 9 93
40 299 92
112 251 62
114 81 87
302 380 95
352 287 39
190 216 33
92 408 70
257 158 73
507 340 14
30 226 52
373 409 74
242 192 38
25 43 16
46 119 75
186 202 66
498 130 84
235 126 28
197 333 32
363 523 72
430 392 25
87 488 59
397 470 37
435 42 32
51 287 60
195 205 44
428 284 85
297 160 53
139 282 9
266 167 31
399 346 3
54 474 62
309 111 96
351 104 70
275 512 44
241 117 37
55 372 2
159 351 77
249 74 83
15 479 42
8 71 79
291 430 69
26 42 75
169 12 21
439 209 6
400 346 75
319 285 86
102 412 40
245 32 92
497 158 73
248 359 57
90 190 90
187 400 43
70 133 36
168 30 91
220 295 95
397 152 40
471 66 96
370 406 38
354 276 52
484 66 82
510 494 29
505 228 76
126 104 90
364 43 90
325 220 39
508 31 80
108 471 42
346 251 32
164 57 34
335 127 30
480 157 62
227 381 79
257 125 45
317 248 53
514 146 62
53 478 99
454 351 29
73 171 13
140 112 20
333 180 1
353 151 32
232 210 99
191 434 29
242 344 10
65 179 72
163 318 18
247 157 22
241 25 42
172 524 57
218 210 9
82 147 33
98 145 15
95 496 32
68 59 92
444 33 59
132 380 86
354 183 53
247 395 15
123 360 48
209 447 18
478 366 63
489 324 42
407 322 54
284 364 51
450 173 45
438 145 96
436 285 79
117 149 50
288 11 68
291 2 93
14 493 78
236 388 5
252 391 29
50 157 85
32 47 93
328 285 46
109 3 23
165 500 81
231 103 66
183 89 30
284 432 79
164 141 49
29 524 81
404 280 15
39 445 70
374 139 70
342 159 82
481 51 8
75 143 48
132 465 86
217 242 10
61 240 87
254 105 40
182 308 83
529 496 18
88 45 70
295 523 33
269 128 50
81 448 100
190 416 32
497 417 73
511 116 68
385 476 76
468 234 20
462 453 81
484 65 94
53 77 51
271 189 95
129 458 74
292 263 60
421 279 1
392 159 86
128 175 11
278 113 27
502 236 12
218 237 35
189 521 84
428 454 11
436 433 91
340 464 40
0 124 16
101 71 85
7 327 83
278 472 2
146 7 26
328 61 93
217 381 60
77 372 38
415 136 9
484 127 28
83 265 48
197 97 21
476 332 33
380 492 55
21 11 45
260 141 64
102 474 71
402 155 56
501 481 33
450 29 67
348 344 31
204 283 92
170 374 8
366 353 12
92 136 93
53 343 6
398 430 72
17 115 23
515 51 40
438 277 65
90 149 34
383 258 93
525 381 84
404 202 79
520 24 62
303 477 63
65 21 82
436 205 15
40 450 5
256 95 33
332 437 68
294 104 32
422 442 83
296 390 67
288 176 7
62 391 67
170 383 46
206 331 7
152 12 83
234 515 85
418 190 34
489 152 61
505 28 5
420 68 64
130 443 54
514 198 98
519 2 10
207 436 38
418 173 55
351 76 21
252 440 2
125 116 5
259 260 83
525 131 93
131 278 61
223 229 31
346 324 83
58 313 45
374 481 53
162 117 24
260 105 90
487 335 92
322 305 91
136 430 14
518 313 53
135 523 88
331 392 46
332 366 3
142 263 72
390 152 85
485 363 91
252 34 94
257 394 90
132 519 32
440 492 53
403 269 83
264 425 75
323 156 89
435 428 15
273 522 58
143 211 69
362 453 14
44 154 95
411 148 92
328 481 93
165 249 74
290 462 88
336 486 73
314 327 15
107 54 1
177 219 60
360 231 83
269 319 55
194 143 16
421 47 88
196 261 94
198 455 67
496 124 79
212 11 19
138 459 84
355 402 16
353 505 73
483 255 98
439 456 73
426 419 87
364 466 93
348 147 14
338 190 75
57 308 69
1 238 82
286 45 29
122 183 35
125 466 78
451 78 34
502 454 69
164 89 41
412 30 43
403 522 91
165 523 36
130 478 73
223 505 23
41 255 60
380 186 75
504 499 49
249 222 57
96 197 44
120 467 34
150 450 28
163 281 46
38 242 70
427 64 92
284 366 40
391 197 64
65 78 19
260 202 23
483 80 2
389 141 16
172 377 89
496 314 81
485 51 44
73 430 62
230 334 33
407 57 80
235 16 100
85 331 24
406 242 60
144 345 4
311 280 39
86 460 76
288 447 38
135 439 55
292 316 5
349 30 60
464 395 20
119 240 80
77 275 89
125 526 41
12 201 72
443 105 54
270 476 59
308 39 34
120 202 57
220 288 77
282 500 36
297 60 36
166 152 97
236 159 4
133 323 90
370 302 6
316 473 85
70 223 14
27 97 31
369 415 38
455 87 20
304 248 6
203 261 59
213 520 55
372 434 38
103 378 66
323 193 23
450 375 77
275 110 13
461 297 52
186 131 40
360 336 73
129 46 61
134 306 76
487 304 17
273 312 36
151 45 87
490 332 90
127 499 53
306 29 39
151 207 57
413 373 90
63 158 2
458 399 88
117 262 67
455 115 66
359 134 73
198 155 71
18 24 91
65 220 29
82 128 68
132 250 59
149 299 57
238 70 34
195 64 62
190 88 40
410 272 57
6 499 90
251 71 76
196 488 50
256 19 37
386 249 85
282 178 90
395 447 13
201 146 99
252 456 69
371 516 89
402 461 66
432 129 51
98 131 27
4 433 49
271 510 50
338 474 68
362 73 68
223 369 94
46 386 33
391 186 51
188 200 6
465 298 46
222 469 31
54 424 40
245 174 37
89 55 98
336 208 53
47 207 95
247 411 93
359 344 3
362 386 78
396 76 64
