255 1275
130 225
124 215
115 200
143 247
113 196
72 124
3 5
17 26
114 198
139 239
64 110
4 6
36 55
138 237
135 235
136 236
50 82
50 83
14 19
143 248
91 155
21 30
144 251
83 142
23 33
25 38
44 71
42 67
35 53
99 169
13 16
62 105
117 206
91 156
119 209
108 184
23 34
67 115
55 91
110 190
141 242
101 174
46 72
112 192
75 131
139 238
102 177
43 69
18 27
145 252
144 250
69 120
83 141
111 191
37 56
59 100
55 92
41 65
113 195
31 44
44 70
81 137
109 187
123 211
102 176
1 3
75 130
24 35
124 213
27 41
68 117
15 21
134 232
47 76
40 62
39 59
140 241
101 175
66 113
84 143
79 135
60 102
131 227
39 60
5 7
100 172
67 116
46 73
93 158
86 145
64 109
51 84
33 50
96 163
38 58
115 202
107 183
126 219
52 88
142 245
123 212
142 243
48 78
133 229
128 222
132 228
80 136
128 221
24 37
17 24
56 93
68 119
28 42
53 89
146 255
47 75
98 168
129 223
146 253
100 173
59 99
125 218
32 47
106 182
129 224
103 178
33 51
51 85
72 125
119 208
94 161
93 159
69 121
5 9
32 48
110 189
31 45
49 81
28 43
48 79
88 149
40 63
139 240
125 216
59 98
5 8
118 207
34 52
9 11
36 54
65 112
85 144
46 74
14 18
133 230
62 106
77 132
89 150
120 210
134 233
96 165
114 199
104 181
112 194
60 101
62 104
97 166
16 22
57 94
146 254
58 95
143 246
144 249
135 234
124 214
127 220
114 197
11 13
73 126
58 96
33 49
87 146
68 118
83 140
131 226
64 111
13 17
116 204
125 217
90 153
104 180
142 244
81 138
24 36
58 97
73 127
89 152
74 129
52 87
60 103
16 23
71 122
78 133
109 186
109 188
48 80
66 114
91 154
72 123
47 77
13 15
39 61
54 90
23 32
74 128
42 68
38 57
10 12
19 29
63 107
78 134
116 203
100 171
27 39
11 14
82 139
133 231
89 151
1 2
112 193
92 157
27 40
116 205
87 147
108 185
15 20
52 86
98 167
9 10
88 148
22 31
32 46
41 66
94 160
99 170
115 201
103 179
3 4
18 28
95 162
17 25
40 64
96 164
63 108
150 53 16
185 123 0
235 191 14
40 73 14
19 189 4
225 254 6
7 112 5
169 142 9
16 170 11
36 242 5
158 179 15
200 11 14
226 33 12
126 196 0
231 37 3
55 186 1
190 142 10
99 223 11
84 159 6
15 215 6
143 80 10
224 83 2
190 248 2
205 125 16
177 18 10
89 83 14
236 28 14
241 236 7
109 136 14
92 246 2
12 43 2
74 198 7
181 9 14
85 132 15
187 31 1
153 253 7
122 79 4
30 158 4
66 164 14
96 12 10
134 77 9
109 238 6
29 17 7
233 230 14
90 117 2
209 165 15
154 81 12
166 162 9
122 48 6
132 170 5
242 186 7
77 169 2
20 183 5
243 171 6
58 86 16
234 231 14
205 217 3
209 154 0
132 144 5
155 44 15
177 127 7
105 17 16
3 148 12
134 187 0
133 40 5
96 223 2
180 198 0
237 163 14
44 4 10
174 47 11
230 99 0
104 74 10
116 43 3
191 64 6
60 239 10
155 109 13
123 10 5
174 186 0
73 41 11
126 101 8
158 90 2
66 118 4
249 98 16
180 25 9
217 134 8
153 25 3
134 124 10
14 152 14
1 71 0
91 156 14
74 68 10
68 65 14
215 96 5
23 172 13
148 186 11
246 185 10
225 155 10
29 237 3
14 101 6
224 49 14
117 247 14
95 145 11
24 101 15
61 97 7
232 150 3
154 223 11
219 101 16
173 29 7
169 76 13
176 80 12
181 103 2
159 67 0
145 84 14
221 27 6
49 198 10
138 157 0
21 46 3
227 141 9
205 170 14
45 32 12
29 191 9
211 11 4
151 210 11
13 23 3
31 3 9
64 62 15
93 27 14
165 5 16
1 225 4
206 207 15
138 141 7
53 14 6
54 158 1
128 96 8
186 161 14
25 155 15
196 229 14
230 83 0
145 93 13
80 29 2
40 235 8
189 140 13
216 140 0
114 219 2
164 237 3
42 17 16
179 204 13
157 142 4
64 81 9
76 194 0
75 101 7
160 70 2
70 205 9
231 249 15
79 151 7
207 189 11
1 14 9
47 4 14
170 120 8
215 78 1
158 22 14
136 111 12
48 185 7
169 5 3
241 89 5
184 173 2
165 130 8
160 50 7
134 19 1
111 173 1
223 118 1
193 17 16
146 38 16
80 161 14
112 179 1
75 112 7
182 54 5
219 13 1
102 219 10
202 48 6
195 149 0
179 225 7
184 180 16
102 230 2
250 227 1
133 68 4
202 99 4
236 226 12
62 253 8
255 234 2
22 234 10
198 158 15
239 225 1
207 48 15
19 12 8
11 111 5
90 114 8
230 242 4
116 56 9
88 49 15
138 65 3
36 40 5
30 202 10
183 33 5
200 194 13
166 111 12
241 76 7
55 186 11
219 138 11
218 117 8
122 71 12
25 59 7
83 130 0
135 60 10
182 152 9
250 171 0
109 154 12
17 115 15
217 175 16
112 7 13
46 235 16
48 231 14
195 52 12
14 243 4
228 250 0
30 178 10
112 18 2
80 221 10
104 205 12
34 241 6
215 148 8
241 120 16
11 72 6
9 4 5
9 231 12
217 131 2
222 23 13
180 182 2
5 74 11
192 214 13
50 141 1
86 99 10
235 83 12
226 142 2
133 170 14
59 92 4
116 209 9
80 141 2
198 102 2
158 234 4
127 168 16
27 139 14
22 224 16
15 21 1
105 82 11
18 64 13
195 167 10
110 86 12
247 170 12
207 171 14
40 35 4
119 114 12
187 242 3
126 106 12
77 168 0
220 73 3
232 37 0
205 194 6
70 118 8
122 51 13
221 171 13
181 70 9
78 160 16
234 54 4
254 176 14
249 110 16
127 181 13
240 83 10
80 73 15
224 209 10
239 218 10
71 145 4
184 204 14
94 129 10
115 119 4
106 216 6
12 14 6
83 87 3
13 165 11
96 182 1
15 65 15
127 102 12
254 104 11
30 208 7
44 102 13
216 249 1
4 247 1
126 159 8
227 174 13
54 252 10
114 135 11
16 3 5
232 98 1
115 138 6
138 25 6
225 75 2
85 56 12
148 139 5
101 113 3
122 254 8
187 28 5
126 188 8
110 234 10
194 152 1
180 61 0
42 135 15
34 164 6
55 121 6
230 221 13
82 91 10
238 217 7
80 67 9
148 81 11
226 104 9
86 78 12
31 56 12
17 177 12
137 127 14
54 28 10
132 168 5
107 8 9
189 158 1
117 209 0
177 201 2
178 231 3
139 230 4
170 66 14
209 193 8
164 16 8
27 253 5
72 134 8
107 29 3
38 28 0
218 157 3
19 15 1
122 118 12
16 27 16
96 115 16
223 235 13
87 14 8
89 218 16
103 125 15
22 81 10
20 90 9
241 145 3
30 221 2
79 63 11
107 142 2
133 216 11
107 207 9
105 10 0
83 140 1
56 145 14
219 41 4
101 134 2
7 205 12
73 80 3
22 78 4
17 57 4
174 143 9
208 185 8
229 188 8
36 47 14
64 85 9
169 20 8
16 49 7
248 148 5
218 41 15
147 191 5
139 85 0
190 50 5
135 79 2
67 227 16
121 213 9
93 101 3
157 116 14
134 87 7
251 66 4
72 59 2
223 190 15
97 234 5
140 100 15
241 101 2
92 77 10
10 242 9
97 123 6
154 2 6
26 232 0
204 87 11
88 13 11
115 222 0
6 93 16
29 181 15
227 242 0
33 8 10
33 78 5
218 88 4
240 152 1
97 72 11
79 121 8
53 171 14
144 188 5
127 140 16
212 90 14
210 143 12
107 58 2
30 37 14
17 117 0
212 131 11
211 244 0
233 245 16
117 235 6
152 251 7
176 166 8
169 214 13
50 212 9
44 255 8
114 173 7
53 38 5
7 139 2
108 73 2
187 56 15
199 77 0
247 109 6
246 40 2
181 132 13
187 73 13
239 252 2
58 36 7
27 231 2
102 210 4
244 175 2
36 48 10
126 165 7
145 28 0
95 54 16
43 213 4
44 254 3
177 168 0
112 249 5
42 245 11
204 218 16
199 98 9
254 246 4
136 23 15
223 244 7
243 44 3
75 87 7
241 226 12
59 190 5
173 55 14
49 19 1
63 152 13
17 93 4
200 45 15
124 219 5
17 58 5
105 153 7
99 243 4
141 125 16
180 195 15
158 83 7
167 181 9
221 54 14
184 98 15
72 248 1
109 218 15
23 33 14
165 105 2
226 239 12
90 29 7
114 1 8
146 94 12
116 241 4
3 209 4
214 167 0
176 16 16
93 84 0
231 156 1
250 199 8
85 192 12
67 197 16
99 89 6
131 248 14
39 34 13
226 224 14
251 132 6
200 172 1
167 109 13
253 114 15
22 207 10
210 135 6
32 45 14
128 214 5
174 111 5
196 236 10
36 204 2
2 57 5
232 8 13
183 73 5
195 139 0
196 168 7
105 183 1
156 183 16
235 37 0
206 221 5
50 35 11
109 20 0
127 186 0
196 236 0
102 152 10
58 62 7
167 122 0
90 234 12
8 150 6
208 233 8
57 232 4
218 99 5
174 126 0
56 92 11
201 171 13
212 104 13
163 159 2
29 131 1
66 146 8
138 164 13
66 238 7
146 245 3
117 136 7
149 112 1
191 208 13
108 219 14
135 65 16
126 221 3
246 165 13
220 239 10
110 13 2
199 71 1
24 146 4
173 227 2
210 91 9
49 76 7
148 142 0
194 173 12
63 139 7
208 166 7
207 45 8
31 243 11
97 114 5
126 42 2
72 7 4
52 182 12
208 26 3
167 220 16
57 209 4
107 206 5
68 145 8
181 67 5
128 56 7
251 61 5
142 49 9
118 218 13
251 169 13
245 149 13
175 219 6
154 118 0
21 181 4
15 251 5
1 189 12
18 99 8
34 95 15
68 203 15
13 82 14
115 105 4
152 247 13
186 19 10
216 37 2
234 225 14
75 171 3
100 92 4
178 221 14
91 201 11
119 219 11
75 219 8
175 193 1
173 38 3
8 96 7
125 21 2
199 242 6
233 103 0
216 35 10
63 46 6
90 231 4
152 241 16
98 175 10
209 53 6
197 126 9
127 175 2
177 128 10
75 138 5
244 68 14
14 167 12
230 197 13
251 105 13
114 164 5
139 181 0
88 89 8
174 123 15
203 48 7
89 230 8
45 232 15
95 89 12
177 138 3
5 133 9
212 59 10
209 123 10
226 218 2
193 181 12
192 218 4
134 149 1
215 220 12
25 9 5
222 185 0
154 241 8
115 167 10
69 179 10
94 95 0
239 88 13
89 87 4
186 163 2
156 83 9
140 21 6
132 107 14
38 196 10
77 15 12
225 108 12
158 82 6
250 153 14
90 251 12
36 4 12
97 61 15
248 10 9
84 47 9
165 158 7
153 54 0
61 149 12
61 14 7
230 226 12
26 207 1
41 239 8
130 89 13
103 107 6
232 176 0
67 220 9
35 184 7
25 123 2
118 237 10
213 124 14
53 161 4
109 5 13
201 79 5
63 177 16
96 16 10
252 245 0
42 254 0
221 160 12
42 33 12
168 16 10
14 76 14
163 245 5
119 113 8
235 155 4
18 146 6
160 241 3
47 246 11
1 99 5
62 144 5
31 143 5
85 88 9
142 187 6
155 108 5
53 118 14
43 234 8
71 237 7
158 182 8
38 240 6
250 40 13
236 179 14
38 65 10
205 185 2
119 252 11
76 185 2
92 36 0
54 196 5
130 236 8
88 175 4
168 83 7
91 214 15
154 5 11
248 196 16
93 87 4
193 175 11
214 89 8
177 249 5
123 38 10
48 113 9
195 246 7
170 51 2
100 221 14
181 26 13
60 145 2
231 57 10
44 11 2
35 121 16
51 106 0
99 243 7
6 208 3
237 139 13
173 126 16
196 125 10
128 71 1
20 62 6
163 35 7
176 2 4
243 86 9
203 59 14
112 199 10
21 126 7
151 88 2
195 127 16
235 95 9
242 47 14
159 35 5
140 180 0
84 74 13
118 206 14
201 11 14
72 75 16
57 147 11
22 108 0
212 242 6
251 225 10
254 189 5
243 204 6
101 225 5
82 177 9
214 114 15
21 67 3
227 167 13
31 182 13
236 83 13
94 126 5
138 8 13
164 252 14
111 96 0
195 63 1
201 185 15
152 210 7
130 17 15
225 176 6
75 212 14
163 111 1
135 21 7
129 61 3
105 24 6
176 42 10
163 226 9
156 59 3
219 242 16
49 48 5
223 188 16
247 87 5
105 254 16
132 66 15
180 68 5
83 99 7
207 118 3
181 99 5
241 177 8
31 25 15
223 180 0
118 204 3
5 54 0
224 8 13
178 198 7
230 213 5
148 155 3
51 237 8
126 101 6
245 139 7
46 249 13
153 11 14
191 252 7
5 126 9
34 47 1
96 241 0
198 162 12
82 155 5
70 234 14
192 125 15
168 178 13
124 135 8
123 202 5
6 239 16
47 99 4
117 14 8
190 80 9
240 27 12
151 187 16
118 119 9
112 98 9
161 250 11
246 25 0
89 82 5
3 135 14
141 150 0
148 194 1
88 32 11
158 151 10
49 58 11
5 69 12
46 3 15
240 19 2
126 68 3
75 145 14
176 194 16
102 179 0
221 204 13
212 109 9
148 73 4
6 160 0
138 253 9
215 38 2
201 194 1
149 119 10
242 17 7
236 197 8
117 110 11
93 58 0
139 33 3
168 167 1
187 141 15
187 177 13
39 190 8
71 89 12
140 188 11
166 69 3
61 171 7
46 237 9
250 93 2
200 46 10
131 126 16
62 99 3
198 1 10
211 119 0
40 253 8
98 100 15
97 72 4
227 191 2
22 114 0
75 10 7
69 38 10
102 57 13
81 138 10
88 233 0
141 75 7
2 39 16
92 6 11
92 204 9
95 116 12
180 125 5
108 153 7
64 204 0
176 75 7
197 168 2
140 165 9
227 32 3
145 31 12
88 199 12
140 237 1
206 207 3
157 34 9
195 27 9
86 198 7
103 21 0
105 40 1
43 150 0
169 162 12
212 235 0
184 120 0
170 188 5
162 160 5
74 33 1
90 189 9
164 3 15
225 252 2
168 203 15
87 34 11
208 30 8
198 230 12
115 189 10
201 237 8
107 192 12
122 208 16
106 101 12
21 28 5
180 68 7
65 81 2
4 224 6
130 31 3
188 209 5
11 17 0
195 123 0
121 203 8
88 120 4
7 166 11
92 249 2
217 200 7
105 100 16
23 154 9
116 206 9
190 195 11
168 204 5
48 72 13
252 90 0
82 165 9
155 98 9
62 154 11
245 57 12
88 113 14
113 196 0
239 106 5
145 255 13
166 33 11
103 201 0
239 131 14
37 50 9
32 139 5
40 198 1
226 170 0
11 92 12
31 81 16
18 247 5
24 218 5
234 65 14
210 148 15
26 23 9
192 136 6
38 76 0
71 41 11
123 78 7
196 22 14
14 79 7
126 47 11
236 68 0
11 97 7
95 28 2
178 227 8
242 183 8
232 201 3
223 173 10
150 16 10
149 144 7
1 106 10
133 200 8
176 56 2
167 130 1
160 127 2
228 170 1
88 56 14
239 240 0
135 160 11
112 96 13
77 186 0
121 255 8
93 202 1
227 31 13
98 29 11
20 105 9
207 210 6
129 160 11
108 7 16
27 32 15
133 126 9
129 202 8
224 196 6
194 140 7
216 73 16
206 244 10
223 77 16
157 128 13
4 114 8
124 122 8
183 162 14
150 250 14
91 156 10
186 110 11
234 27 16
113 123 13
158 120 10
235 101 8
86 188 8
116 104 0
66 204 11
71 43 13
149 206 13
119 189 15
199 21 16
81 108 0
178 242 3
38 193 2
79 83 10
14 190 5
146 83 2
38 99 7
200 109 3
43 141 8
35 232 11
237 224 2
177 197 3
26 135 2
42 119 1
131 24 10
178 217 1
92 154 9
156 118 12
52 26 8
111 170 10
189 86 3
178 72 14
28 171 12
182 209 2
65 244 13
125 215 0
248 164 11
214 11 6
121 7 0
105 69 1
200 110 0
231 32 4
124 72 15
210 227 11
222 234 10
169 221 9
146 23 5
176 183 4
172 205 8
58 48 14
24 122 0
192 245 0
68 217 12
41 68 2
180 12 2
75 174 16
214 136 15
128 12 8
191 163 4
219 184 0
110 12 6
84 155 15
217 164 16
63 94 6
221 219 8
184 159 15
76 27 3
16 157 4
246 69 10
223 179 7
191 50 1
85 137 3
212 27 7
7 9 5
27 189 14
50 19 11
255 184 5
177 57 16
58 35 14
169 168 15
102 83 13
99 63 3
211 254 6
58 19 4
135 166 16
22 30 5
56 14 10
218 97 8
25 186 10
38 31 5
152 197 2
38 46 4
75 193 11
157 190 4
85 22 0
150 108 8
74 216 8
47 127 13
82 54 1
156 167 1
251 165 16
30 25 12
148 41 12
6 107 13
53 28 16
235 147 16
65 134 5
153 178 7
235 119 9
17 148 10
111 202 1
250 175 1
54 107 5
201 53 0
136 37 16
128 58 3
233 167 1
20 55 9
199 134 4
110 122 1
228 109 6
61 30 6
31 228 5
238 99 0
3 228 4
154 115 14
45 180 4
61 23 12
202 112 16
189 86 7
16 41 1
254 240 1
95 89 11
34 117 1
71 4 13
117 187 14
136 215 13
135 49 14
114 211 15
136 50 14
254 23 16
22 2 0
26 86 7
234 178 5
89 86 9
103 2 4
137 60 15
59 255 12
126 232 10
74 51 5
52 203 15
113 191 2
196 225 1
34 105 10
178 106 8
153 33 13
198 141 15
92 36 2
255 116 0
214 79 13
237 144 3
255 4 11
168 28 2
112 169 16
220 117 4
239 74 1
244 100 15
152 84 12
225 91 0
132 74 1
221 224 7
94 231 9
243 166 3
147 95 15
121 178 6
194 23 1
79 250 15
226 98 7
55 77 1
149 112 12
8 199 13
186 66 2
193 47 14
98 117 15
112 64 2
209 69 16
106 229 2
129 177 4
80 84 8
102 73 3
239 246 15
115 150 14
114 252 10
253 27 0
238 250 4
122 38 3
23 124 4
50 46 6
205 98 8
198 194 1
10 101 3
2 149 11
44 241 5
134 159 5
130 167 13
232 220 0
133 92 12
59 124 4
134 55 13
190 55 15
110 17 7
109 198 7
89 7 9
156 197 5
84 93 16
5 185 14
193 112 6
131 98 14
65 189 10
222 213 16
162 78 14
65 239 4
163 61 5
39 190 13
137 41 11
160 236 3
197 221 11
195 233 3
144 53 2
159 140 14
68 129 12
231 84 0
102 129 15
4 24 12
177 46 13
137 88 12
168 181 10
184 102 1
32 122 12
217 4 6
88 1 11
90 162 2
235 255 13
144 184 13
15 222 1
54 117 5
78 117 10
87 146 6
78 229 4
16 54 16
31 250 16
25 178 1
94 118 15
137 2 15
200 19 2
47 68 10
161 110 15
92 118 3
6 44 12
247 147 6
84 233 13
142 139 0
48 180 9
220 151 4
225 78 0
27 100 1
65 246 12
