195 4716
32 156
22 95
14 62
32 158
3 12
2 5
19 88
14 63
26 115
33 167
8 31
30 142
33 169
18 81
24 107
31 144
6 25
10 42
33 163
14 58
29 138
28 135
27 119
31 150
22 101
36 174
19 89
28 130
6 26
22 98
6 24
13 50
30 143
10 34
27 123
31 148
22 96
35 171
27 120
40 194
14 64
39 191
1 3
7 28
6 23
33 165
16 66
5 17
27 121
27 125
20 93
32 159
39 185
3 14
3 8
18 82
1 4
10 37
29 137
27 127
28 134
31 152
14 56
24 106
39 190
38 184
10 43
11 44
6 22
13 48
26 118
24 102
13 47
16 71
33 168
26 113
36 178
18 87
10 36
16 70
14 60
18 86
38 183
28 131
32 154
8 30
39 193
29 140
17 78
27 122
17 75
18 80
8 32
1 2
16 69
28 129
19 90
18 83
33 164
28 132
13 49
19 92
32 155
5 20
28 128
36 175
18 84
14 59
33 170
17 74
3 9
39 186
17 72
14 61
31 149
36 180
24 105
24 108
30 141
33 161
39 192
8 33
27 126
5 19
40 195
39 187
3 15
14 65
31 151
17 77
39 188
33 166
27 124
36 176
24 104
29 139
3 6
36 177
11 45
24 110
17 73
8 29
6 27
31 147
14 57
13 54
10 40
10 35
3 7
16 67
20 94
38 181
22 99
13 53
26 114
3 11
26 116
10 38
13 55
28 133
26 117
36 179
24 103
3 13
22 97
17 79
26 112
31 145
5 21
10 41
39 189
26 111
13 46
4 16
13 52
24 109
5 18
36 173
38 182
31 146
16 68
17 76
10 39
29 136
33 162
32 157
22 100
18 85
32 160
31 153
13 51
19 91
3 10
36 172
137 126 0
81 20 8
53 55 1
187 80 5
137 126 2
149 153 7
57 79 4
36 79 9
66 188 1
185 190 4
57 89 1
139 29 2
7 119 1
128 127 2
115 14 8
195 84 1
99 18 2
162 118 2
56 34 5
151 147 1
120 180 7
149 102 7
117 72 7
27 94 7
117 87 1
139 140 2
185 100 5
11 185 2
44 14 8
31 99 5
121 60 4
112 62 8
46 1 4
176 87 9
150 35 0
158 66 1
99 45 8
78 42 9
144 13 3
125 3 7
148 88 6
118 59 1
50 67 6
98 63 6
6 108 0
180 139 1
154 123 5
112 192 7
55 186 2
189 52 2
62 95 0
125 128 4
17 117 4
40 93 5
30 175 8
105 138 3
64 17 4
3 72 3
91 127 3
17 21 2
50 137 2
109 180 0
40 70 7
135 23 6
52 78 0
157 113 5
7 62 6
102 51 5
29 152 6
165 115 7
50 133 1
118 153 4
82 149 7
113 129 1
34 165 9
77 175 5
173 164 8
170 49 0
3 104 2
104 12 9
28 45 0
193 66 5
168 109 5
92 90 3
58 138 2
145 40 1
167 74 2
12 173 0
189 70 0
170 49 6
31 48 1
67 52 2
142 71 9
116 189 2
190 58 9
80 124 1
101 172 4
105 97 5
66 126 8
105 165 7
79 166 5
58 90 1
191 193 7
41 102 3
137 8 6
19 15 5
151 90 7
175 15 7
17 39 9
101 23 0
69 146 9
80 102 7
64 18 6
94 112 8
24 123 1
155 21 5
152 106 3
179 80 0
3 14 9
160 37 4
105 135 1
87 136 0
149 94 3
23 153 4
98 119 7
76 114 9
13 98 7
157 140 7
30 37 7
153 81 6
141 40 3
63 81 3
26 13 0
137 172 5
53 132 4
136 130 9
169 25 0
4 30 4
191 115 6
63 109 0
23 179 0
130 191 2
91 170 1
174 4 7
31 62 3
77 14 0
4 23 3
169 110 7
33 67 5
95 79 0
195 121 2
29 183 7
183 119 1
123 142 1
152 51 6
55 38 6
161 147 0
155 146 2
69 104 9
42 75 5
92 149 0
57 78 7
122 119 4
35 86 3
126 2 9
96 120 8
175 69 6
61 137 3
158 22 5
167 157 2
34 84 1
36 8 3
148 144 6
81 25 5
13 38 6
30 190 1
41 104 9
32 10 2
180 63 9
3 1 1
81 45 0
3 49 1
151 3 1
117 171 2
194 148 4
154 11 5
127 55 0
152 163 7
162 69 1
5 159 5
140 167 2
24 140 5
3 11 2
190 169 9
124 136 5
89 170 3
66 163 2
136 156 0
28 137 7
132 183 3
86 156 6
124 171 9
2 39 8
31 21 2
148 32 2
8 67 5
43 139 6
102 184 5
9 183 0
189 151 7
116 44 8
193 151 0
5 175 7
102 67 6
108 94 4
15 123 9
58 146 2
73 49 7
188 19 9
92 136 5
101 56 2
84 4 2
133 192 0
5 177 0
120 43 1
76 142 6
154 1 2
77 189 4
150 57 0
149 14 4
190 38 1
141 160 1
139 33 3
52 91 6
74 17 4
74 73 5
53 40 6
28 127 7
32 34 5
183 147 8
27 38 6
54 152 4
69 128 8
100 64 9
114 184 6
137 64 8
4 144 7
134 121 0
121 176 9
124 149 8
105 72 7
131 31 6
142 90 2
161 57 2
32 170 1
100 108 5
131 17 9
109 6 2
48 189 5
190 123 8
195 93 3
157 116 1
131 174 5
40 122 8
23 40 8
138 153 1
16 66 9
57 75 4
180 39 2
73 135 0
190 142 5
22 155 6
78 108 4
90 61 9
178 126 8
81 14 4
164 27 4
84 106 4
189 66 6
80 67 8
30 164 3
122 45 3
36 84 6
102 164 8
180 121 5
81 129 1
114 180 6
119 23 3
69 169 2
18 118 5
62 95 3
139 138 9
195 113 9
10 179 0
89 63 0
22 134 5
55 121 0
155 86 3
121 33 5
182 42 3
26 48 3
148 102 6
194 180 9
185 6 7
44 113 8
176 191 5
31 128 6
185 87 2
44 47 0
95 29 7
3 154 8
80 105 0
195 87 5
5 154 9
169 72 0
72 45 6
89 76 3
167 116 1
12 163 2
77 170 1
46 89 9
11 185 4
131 164 9
67 105 5
129 112 3
7 185 5
167 189 3
25 75 7
165 144 2
188 129 3
118 98 7
65 20 4
107 40 1
136 50 0
142 181 3
91 183 3
163 178 7
4 13 7
186 127 2
15 158 9
118 72 5
18 156 6
52 4 1
2 158 5
30 7 8
172 99 6
81 99 0
41 38 9
72 154 8
139 98 9
62 156 6
54 105 7
165 38 0
27 125 8
164 110 7
53 176 2
163 104 5
183 193 4
170 8 6
32 117 5
149 107 6
10 53 0
178 57 0
9 23 6
54 2 5
121 152 5
27 138 8
137 132 6
150 31 1
122 145 7
135 51 2
61 191 2
61 92 8
162 184 5
47 172 2
148 105 8
101 3 7
101 17 4
34 159 0
53 87 1
39 106 1
74 13 1
60 158 0
26 170 5
134 149 4
134 49 2
34 47 8
136 161 6
187 72 3
133 103 0
194 97 8
159 195 0
189 104 2
179 164 8
66 160 2
29 149 3
147 121 5
172 49 8
75 60 1
154 153 2
104 45 8
38 106 5
96 134 5
21 115 6
51 137 0
150 61 7
44 56 2
30 76 3
109 125 3
32 172 9
53 144 7
72 40 0
129 169 8
43 3 2
133 129 5
39 139 0
44 158 0
10 94 6
178 150 9
128 130 8
24 108 9
114 91 3
47 55 3
52 105 6
80 151 9
133 96 8
138 19 9
99 171 9
139 93 4
38 92 4
166 53 3
143 46 3
176 188 7
108 177 6
101 10 9
168 106 9
42 2 8
21 98 9
3 110 8
17 50 7
188 105 5
143 64 4
132 2 7
171 147 2
52 38 0
73 177 7
117 18 9
168 181 3
134 13 5
175 45 5
4 32 5
125 130 5
12 42 5
120 35 5
19 193 4
117 93 7
37 188 2
47 63 4
158 164 7
14 144 8
18 128 3
167 100 0
140 70 0
5 52 7
3 190 9
95 137 9
28 146 7
37 161 9
33 105 4
165 86 5
188 105 3
188 193 1
50 38 7
92 5 3
43 1 6
139 15 0
175 135 3
126 166 3
139 44 5
171 159 4
32 131 3
147 183 1
86 178 8
48 165 3
85 183 4
112 61 3
58 161 4
143 44 2
79 17 5
157 87 8
150 67 7
177 62 2
117 195 7
124 121 4
138 84 5
105 74 6
167 71 6
81 157 6
16 3 0
61 147 0
159 49 2
77 16 3
190 12 7
49 153 9
183 172 1
12 53 1
145 117 8
26 29 1
152 173 6
57 19 4
95 178 2
104 67 3
30 151 5
5 46 4
145 44 4
34 191 0
164 135 8
2 76 0
6 170 9
26 74 9
43 102 6
179 39 6
28 113 7
107 114 4
81 106 0
35 125 5
155 105 4
96 59 0
65 52 2
44 34 5
178 154 5
137 150 0
170 111 4
49 182 1
186 6 3
24 44 8
24 12 9
96 150 6
136 16 8
58 4 9
22 3 0
167 93 1
79 92 6
105 108 1
36 176 6
114 124 6
173 88 2
50 47 0
121 111 1
140 83 4
60 111 4
40 77 7
52 45 8
151 29 1
194 95 9
111 119 3
108 115 5
184 101 0
46 1 1
122 63 7
111 141 8
6 101 3
142 36 9
8 106 0
41 52 7
106 167 1
57 35 5
137 189 1
39 190 8
63 114 8
135 73 3
8 142 6
112 174 8
85 63 2
19 38 8
135 166 0
52 90 4
182 36 7
13 56 7
138 154 8
25 177 0
43 137 6
18 128 9
130 127 1
116 10 1
189 179 5
104 35 7
170 30 2
109 163 6
121 103 4
18 141 2
120 98 1
166 76 5
1 150 3
1 72 1
137 143 5
161 123 8
38 127 0
5 89 8
19 24 4
57 44 6
89 130 0
38 189 2
166 163 3
136 178 6
10 111 2
55 155 9
156 120 4
54 89 1
49 143 0
161 106 0
48 95 9
125 72 2
62 188 5
138 186 5
149 191 6
164 115 2
111 189 7
106 108 8
170 187 8
102 49 4
184 89 5
36 183 6
48 161 9
49 39 2
83 146 6
18 27 1
69 123 8
49 24 6
113 32 5
165 97 2
168 101 2
22 56 7
22 141 3
36 165 9
178 58 4
90 85 8
183 24 2
72 105 4
10 92 4
61 130 2
124 158 3
106 31 9
158 111 3
184 165 9
96 8 6
103 186 5
27 28 1
184 18 5
184 119 6
99 175 7
176 145 3
15 98 1
45 195 1
71 151 2
82 191 4
184 3 3
44 32 2
124 156 3
134 132 5
194 170 2
195 181 8
10 93 9
84 19 7
146 127 2
57 178 6
39 68 7
47 31 9
96 188 0
85 100 3
138 181 4
45 16 5
85 82 2
14 11 6
53 129 9
118 91 0
136 118 0
152 49 6
191 7 8
45 84 2
84 118 1
118 78 1
93 20 5
51 190 9
2 90 5
111 39 4
128 139 9
13 133 9
182 112 9
104 108 5
82 43 6
80 135 0
28 86 1
12 114 2
67 45 6
1 156 1
107 80 7
6 84 5
44 91 5
169 131 9
72 2 5
135 112 9
92 24 0
30 109 3
189 168 2
87 22 0
190 159 7
19 153 8
113 86 2
62 122 3
42 36 1
100 168 3
163 91 9
177 127 4
27 28 0
66 63 6
86 75 1
134 102 5
113 51 4
6 142 2
195 173 0
83 94 1
73 151 7
108 26 6
95 42 3
130 53 8
181 103 7
116 133 8
129 173 9
20 159 9
59 13 8
123 10 0
60 133 0
186 48 3
88 32 6
47 77 3
149 100 7
15 41 9
67 73 4
148 66 4
123 107 6
160 48 0
147 48 0
55 6 6
61 145 1
76 135 5
153 63 3
6 59 9
119 110 8
102 46 9
186 3 8
92 172 2
59 9 2
190 160 2
51 53 1
97 106 6
156 117 3
98 106 0
43 18 8
170 88 1
85 7 0
133 27 3
156 159 9
181 139 5
31 19 9
84 166 3
64 82 8
162 14 5
85 186 4
122 102 1
60 102 1
3 4 9
73 189 0
107 55 0
124 169 8
44 124 7
28 102 4
92 156 9
158 141 6
43 69 1
29 117 2
36 74 2
100 70 8
136 178 2
102 170 8
138 107 3
36 9 8
44 194 9
55 141 0
104 101 4
41 53 0
66 162 9
49 120 8
95 52 7
41 187 7
156 58 0
11 19 6
87 165 1
170 91 6
113 147 8
6 85 7
161 135 7
138 34 9
56 79 7
126 50 5
55 171 4
109 126 5
17 19 7
119 160 2
77 131 9
75 83 4
171 70 3
51 184 6
124 166 8
188 157 9
86 48 7
151 27 2
31 193 8
40 32 1
130 84 5
122 191 2
163 19 6
102 157 6
160 75 5
135 118 6
27 15 6
57 73 9
89 51 6
155 50 5
160 1 5
185 133 2
157 2 4
72 113 4
6 69 0
108 7 3
192 78 6
103 106 6
51 6 0
132 133 9
60 113 4
138 165 6
156 132 1
25 75 4
145 106 2
128 142 0
156 182 6
81 154 3
39 174 1
190 177 8
136 8 5
175 171 3
171 142 9
97 134 4
114 167 5
176 36 0
69 9 7
11 113 8
8 150 7
52 86 8
21 27 9
136 155 2
54 186 0
148 107 1
132 108 7
176 68 8
78 130 1
12 68 8
71 49 7
159 13 1
74 181 9
143 87 5
190 18 9
61 59 2
74 103 4
158 194 9
116 66 2
59 20 9
85 123 7
155 118 4
106 181 3
133 129 4
113 88 8
15 145 3
122 114 7
68 173 5
129 161 8
23 95 7
136 6 7
156 9 7
74 40 9
35 187 8
116 14 0
46 157 5
46 170 8
192 76 6
34 186 1
163 51 0
73 125 1
135 77 6
153 76 5
181 173 0
182 176 7
80 37 7
15 124 7
97 121 6
87 6 3
147 191 0
57 148 0
15 54 9
68 147 8
99 186 3
67 180 5
129 30 0
58 193 6
154 18 1
43 187 7
7 32 1
98 80 3
44 23 6
50 22 2
159 23 2
104 150 3
183 130 0
137 52 3
98 38 8
71 184 4
83 130 2
143 27 2
159 100 6
59 192 5
178 191 2
48 160 5
66 48 4
110 134 8
137 146 3
135 144 6
21 13 8
13 180 7
138 134 2
38 168 2
5 148 0
103 159 1
70 96 0
68 36 4
146 45 8
19 92 5
9 142 3
24 76 9
76 71 5
102 91 5
139 156 0
132 42 4
168 60 1
59 192 3
129 84 9
147 6 9
64 44 8
67 179 0
132 113 1
154 16 1
7 187 7
82 128 6
168 15 3
156 79 5
116 167 2
58 120 5
29 133 6
13 40 6
4 108 6
144 29 3
28 42 9
87 151 2
101 191 9
157 14 4
17 4 9
137 146 8
125 87 3
54 92 2
6 123 8
69 97 9
193 139 0
192 152 2
71 146 6
132 22 3
132 145 5
167 80 1
23 43 5
27 194 4
144 174 0
161 43 3
171 101 8
41 97 9
142 47 9
182 157 9
75 85 4
12 166 8
190 188 2
69 177 3
94 141 3
111 163 3
176 68 4
104 39 4
129 66 7
191 82 9
59 165 7
13 66 1
71 1 1
70 66 9
42 19 7
91 169 3
90 92 0
79 128 0
98 55 4
39 111 7
35 31 4
84 101 9
151 163 2
95 30 5
71 36 8
48 88 4
32 46 5
55 54 5
129 130 0
180 101 6
118 154 2
12 131 9
49 60 3
95 120 4
163 167 9
175 78 9
27 193 9
177 170 1
181 85 9
176 124 9
146 124 2
149 119 2
171 39 8
64 65 1
188 182 3
85 119 0
49 94 8
98 34 6
173 121 0
18 91 2
9 183 8
11 103 4
184 179 6
77 85 7
144 185 1
81 50 2
65 68 4
110 65 6
97 106 1
43 73 3
170 180 2
121 145 1
104 195 7
135 36 2
75 80 5
2 104 5
159 27 3
101 47 9
102 74 5
73 176 0
137 17 6
41 31 6
189 171 1
76 170 1
53 54 3
173 193 0
164 10 0
170 100 5
14 10 7
91 41 8
40 161 1
86 125 8
62 172 4
37 107 6
183 143 9
175 79 1
140 164 6
57 166 2
26 1 8
126 179 4
6 168 4
9 87 7
192 74 8
51 87 2
117 118 1
59 39 3
65 119 8
30 178 2
105 77 2
91 172 4
66 34 4
75 182 6
21 40 5
7 107 7
35 184 7
78 169 4
17 19 6
36 115 9
19 94 9
91 145 2
77 94 2
189 30 7
150 75 8
2 192 9
64 14 5
21 169 1
144 64 5
33 58 6
120 78 8
164 40 9
23 68 8
167 4 6
15 36 5
69 73 1
57 116 3
176 138 1
190 185 3
17 147 4
99 127 5
41 111 8
62 45 1
44 34 1
181 85 6
153 81 0
23 191 7
181 63 8
94 83 5
91 156 8
187 101 7
99 51 7
81 114 5
146 129 8
191 105 6
130 176 1
65 187 4
173 177 4
21 9 3
84 149 3
172 98 7
188 5 2
10 151 2
103 146 5
47 10 3
193 131 9
136 86 6
129 142 5
39 47 4
58 20 1
191 111 0
125 11 0
1 102 1
116 45 3
190 102 0
87 173 9
19 144 1
124 168 9
98 175 4
135 138 4
56 92 0
104 111 0
102 85 5
153 189 7
73 118 1
110 31 5
137 10 0
92 186 6
46 22 9
188 72 1
175 12 2
175 166 8
85 76 9
18 74 5
105 112 2
168 154 5
156 190 4
34 84 2
174 77 0
78 120 7
183 20 0
141 133 1
128 131 4
169 99 7
130 5 8
83 33 1
14 180 5
60 10 9
73 142 5
22 51 3
96 160 5
191 34 9
62 101 5
182 101 9
10 180 6
111 16 9
113 160 5
72 195 5
182 162 1
16 113 1
155 8 0
105 17 4
94 31 5
70 20 3
110 131 2
125 43 2
82 12 0
110 82 0
31 78 7
114 66 4
163 172 4
191 13 1
121 159 4
117 84 8
61 59 4
110 5 6
108 150 1
172 178 7
130 29 4
194 185 0
70 27 1
38 82 3
66 43 0
88 105 0
105 29 8
46 156 5
109 60 4
65 168 3
170 84 5
40 88 0
192 166 0
43 164 1
179 95 4
23 1 6
66 12 5
150 183 4
101 26 6
163 61 4
163 119 0
63 156 9
105 39 0
56 41 4
73 49 8
150 133 6
61 119 8
47 84 6
58 179 3
184 96 1
14 6 3
36 146 2
48 139 1
93 17 7
135 128 6
10 16 2
3 82 7
185 39 0
30 102 7
49 46 2
59 148 9
45 138 2
5 82 3
28 17 1
135 44 3
87 99 1
32 56 3
190 192 1
193 41 2
69 30 5
104 168 6
80 188 0
2 193 1
156 110 0
165 150 6
84 39 3
74 183 4
129 63 9
13 50 3
81 191 9
70 165 0
48 37 0
51 77 0
72 4 6
109 6 3
161 172 4
3 37 9
70 133 1
191 79 2
150 63 8
139 146 4
47 68 0
184 4 5
96 85 1
181 121 6
171 18 8
136 153 3
60 22 8
30 82 0
143 178 2
172 116 5
42 100 2
70 190 3
135 99 3
156 158 7
14 191 7
8 64 5
7 105 2
91 84 0
18 95 7
191 13 0
85 70 2
117 56 2
52 174 0
153 127 6
184 93 5
15 168 7
92 20 8
70 88 7
158 141 9
46 181 8
173 139 7
125 130 5
96 147 8
103 111 8
141 129 8
135 106 3
93 113 4
173 55 6
21 83 5
142 16 4
53 14 2
61 125 6
57 12 3
125 169 2
184 45 9
163 12 8
12 175 7
40 131 9
161 60 4
14 56 6
126 141 5
77 170 7
56 101 7
21 166 8
133 50 7
193 114 9
48 51 3
110 79 2
36 164 0
108 5 1
3 112 9
108 42 5
171 135 5
69 118 8
149 126 8
102 86 4
9 121 1
163 47 0
69 63 8
7 54 3
152 137 0
117 189 4
150 18 0
78 91 6
98 104 1
69 47 2
178 26 9
20 80 0
18 182 7
175 17 2
14 31 3
107 36 5
184 159 5
39 191 7
17 89 2
20 67 0
6 82 5
170 188 3
99 96 5
175 142 9
153 53 9
52 50 3
97 107 3
68 25 0
191 184 5
130 31 8
46 95 6
25 47 3
108 75 4
40 6 8
69 103 4
163 10 6
118 48 0
152 41 7
155 164 1
100 24 9
56 127 1
38 192 7
89 99 3
68 73 1
167 77 8
50 35 9
127 97 1
96 64 0
136 14 8
176 85 5
46 78 8
163 75 6
24 15 3
194 80 7
104 90 6
148 78 4
99 94 8
37 29 4
76 149 2
5 11 4
118 73 4
182 10 7
35 14 0
29 59 9
145 88 2
71 175 8
2 22 0
182 31 0
115 180 7
158 54 5
50 61 2
1 14 0
6 26 4
102 31 6
165 44 1
167 85 4
67 138 8
115 87 7
37 89 5
43 24 5
161 33 6
143 95 5
188 154 4
98 74 1
180 122 9
21 13 7
5 151 7
162 45 0
108 56 9
104 92 0
60 75 7
17 24 0
150 168 0
194 69 2
52 185 6
167 175 9
167 5 7
55 186 8
45 59 5
93 24 5
85 61 6
150 195 4
174 131 8
47 138 3
164 145 6
132 168 0
43 15 7
74 55 8
114 178 4
52 80 6
115 130 5
36 7 0
124 86 0
120 95 9
170 185 8
172 145 4
138 62 2
131 126 0
139 103 6
100 32 6
63 77 2
57 21 7
126 103 4
97 30 9
190 146 2
195 178 4
168 109 6
64 143 3
168 115 6
120 157 6
187 73 2
179 2 6
100 113 9
33 129 0
3 118 5
132 177 9
182 50 9
103 85 2
171 167 3
1 193 3
158 24 5
171 80 0
148 175 6
29 65 8
169 34 0
96 167 9
77 39 0
182 51 6
158 52 6
35 15 5
149 59 6
195 8 2
115 144 3
103 82 9
116 94 6
187 25 2
138 129 1
61 15 6
1 10 3
34 184 3
92 1 8
117 180 6
50 13 8
116 23 7
141 105 9
145 173 6
155 18 2
71 158 9
68 168 7
190 184 4
101 188 6
88 131 9
143 94 7
62 180 5
151 58 5
103 34 7
50 161 8
145 180 7
191 122 7
40 151 1
152 104 0
178 40 0
106 145 8
73 107 2
193 112 3
60 89 2
43 101 4
19 144 9
173 10 2
82 101 6
75 65 7
107 32 3
194 125 2
119 186 1
22 192 7
121 2 6
147 49 5
130 14 8
33 14 7
160 147 7
75 193 8
105 182 5
169 79 8
131 165 1
64 127 1
195 127 2
161 94 0
137 153 4
105 94 7
171 90 1
132 50 5
27 106 8
42 41 5
110 162 0
88 178 4
78 55 2
60 149 2
71 59 7
133 145 2
187 52 3
169 86 4
56 66 5
182 118 9
157 159 5
46 193 1
138 163 3
135 142 3
153 177 1
5 145 1
126 96 8
43 163 0
76 152 8
63 118 0
185 33 5
132 96 8
90 62 6
139 185 4
98 78 9
126 83 8
178 109 7
2 38 9
48 72 8
114 100 7
131 128 1
169 179 2
12 107 2
38 57 1
136 123 9
15 195 8
125 55 4
11 163 3
39 111 1
180 38 3
104 168 6
147 128 2
138 181 1
106 143 1
89 183 0
140 5 7
18 133 4
141 28 2
49 53 6
116 182 4
106 49 4
67 139 8
15 122 0
131 107 3
89 132 3
84 130 1
157 132 8
133 88 5
7 106 8
177 190 5
15 175 8
52 39 0
153 141 0
145 75 4
22 109 6
117 6 4
67 156 9
104 10 9
69 29 1
195 20 4
74 102 0
83 175 4
195 18 8
192 152 8
122 168 4
67 13 0
60 139 2
131 44 2
100 175 1
2 181 9
167 117 5
51 184 0
145 157 0
168 77 5
137 36 8
52 38 2
171 6 7
195 110 1
51 65 7
106 138 8
99 185 1
64 125 7
152 81 9
33 150 2
85 145 0
178 52 4
136 25 4
149 193 1
118 105 5
50 86 8
35 4 2
182 60 4
120 183 9
91 67 5
76 70 3
189 162 9
178 110 6
191 84 6
193 90 9
137 145 3
34 69 9
155 22 7
143 1 5
60 18 7
19 26 8
69 107 1
146 70 7
17 26 0
170 144 5
75 171 5
42 100 1
171 32 6
58 56 5
46 166 7
83 55 7
63 49 2
113 90 4
67 98 9
192 51 6
188 58 0
43 180 3
182 44 7
172 170 4
19 190 0
159 184 1
12 164 4
48 132 3
179 64 5
175 186 3
132 117 1
137 146 5
66 171 6
132 174 8
89 115 4
136 114 9
75 189 8
59 13 7
156 82 8
67 24 0
156 106 4
98 69 6
31 99 5
175 87 4
194 153 5
23 92 0
29 110 5
186 138 4
24 162 8
88 37 6
129 85 7
142 189 5
75 107 5
167 117 1
96 156 6
38 56 0
77 105 6
144 125 0
148 149 7
47 193 9
20 66 2
14 136 5
195 185 2
28 178 8
48 119 6
127 6 8
103 65 0
187 106 7
160 96 1
128 36 2
164 131 5
5 49 2
89 106 0
108 158 4
89 31 0
76 115 5
142 187 0
150 112 2
142 160 7
44 21 0
46 185 8
112 110 2
72 193 7
41 7 5
91 116 5
13 68 1
169 149 0
147 162 6
53 128 5
173 79 4
24 115 3
30 154 0
184 8 4
126 96 2
152 52 8
102 132 7
144 14 8
101 4 9
137 50 7
173 120 8
5 100 3
99 124 4
180 164 2
87 117 3
191 51 4
84 47 0
142 68 6
129 136 6
169 57 5
94 22 9
74 84 1
109 186 4
57 10 3
50 63 9
103 151 1
116 82 3
126 96 0
39 69 8
136 15 3
152 181 2
54 178 2
171 180 7
178 102 7
12 50 8
77 1 3
47 57 3
69 152 4
123 187 6
68 115 6
50 153 4
136 174 4
79 94 0
159 59 0
20 64 6
153 43 6
89 92 2
151 158 9
167 46 7
23 174 8
78 71 5
195 118 0
18 128 5
54 117 1
136 173 2
91 128 5
132 124 0
129 82 3
22 160 8
5 181 2
64 188 8
31 70 4
134 120 3
153 32 0
91 169 6
40 190 8
131 126 4
146 57 5
74 18 8
190 147 1
7 108 3
84 102 6
168 3 2
84 117 7
17 149 9
172 161 8
69 97 5
140 80 6
154 171 0
120 132 2
21 176 3
123 107 5
93 14 8
172 125 6
25 131 7
62 168 7
2 114 1
32 139 6
155 10 4
106 71 5
67 179 3
24 159 3
36 22 6
70 190 0
107 124 9
80 25 8
69 86 6
6 53 7
98 94 6
146 94 7
33 70 6
19 148 5
52 155 5
99 34 5
123 117 9
4 31 0
151 124 8
115 18 7
180 134 9
35 111 5
134 194 8
20 183 2
126 34 8
170 24 7
149 161 1
164 71 2
144 163 8
153 26 5
170 192 4
119 23 4
81 123 9
150 101 9
31 132 2
135 190 5
95 108 6
188 187 4
18 54 2
77 31 3
125 109 7
160 35 2
110 118 9
152 176 0
50 51 7
187 139 6
82 31 2
103 130 7
36 32 1
104 184 9
130 30 7
96 110 2
2 47 2
10 39 4
139 26 5
160 87 9
155 161 3
126 19 4
129 189 8
57 16 3
106 6 3
75 117 6
34 99 4
30 123 8
24 100 8
32 151 4
167 84 7
32 181 3
124 55 0
126 187 0
88 132 1
162 175 4
16 51 3
33 101 3
16 25 6
53 67 9
130 22 3
111 154 1
44 126 2
44 8 5
15 80 7
20 181 8
74 36 9
109 103 3
86 24 4
95 78 0
40 140 7
52 23 4
51 103 1
92 74 3
125 148 9
86 52 9
120 55 9
88 106 4
164 122 9
19 26 2
42 105 7
154 194 7
92 140 0
77 93 1
61 95 3
25 100 3
62 190 3
4 124 1
130 2 7
79 122 4
111 151 1
121 87 2
156 126 1
79 43 7
181 195 1
28 156 5
178 104 0
94 157 6
105 7 2
191 29 5
111 169 0
175 49 3
35 61 4
4 69 7
69 65 8
129 64 8
6 33 1
61 183 2
15 98 8
47 139 2
88 17 4
70 134 7
157 134 3
137 37 3
7 31 2
36 102 1
164 178 7
176 74 3
12 125 2
31 142 4
16 53 4
14 145 6
193 94 6
72 75 1
135 109 1
154 99 8
70 163 1
190 20 4
61 97 1
22 59 4
96 144 4
81 17 5
153 34 1
22 151 1
195 109 6
37 89 0
138 16 1
149 23 7
91 137 8
185 62 6
115 163 4
157 61 1
68 17 2
182 107 3
109 189 2
66 115 4
167 120 9
16 143 2
149 67 7
144 177 2
41 135 9
151 167 5
6 125 7
109 74 3
184 22 4
94 156 3
94 130 2
50 16 8
43 69 8
141 33 9
177 31 4
175 75 6
178 86 8
1 162 4
67 122 4
139 161 4
177 185 4
13 37 7
131 29 1
146 155 7
24 40 9
146 100 9
175 102 4
194 80 0
76 109 7
47 107 3
163 111 2
63 181 8
52 60 2
187 78 1
80 52 6
155 107 9
31 130 0
47 31 2
9 76 5
74 178 6
78 95 7
145 54 2
64 192 8
39 68 5
14 115 3
136 54 7
172 147 2
163 103 7
153 54 6
137 3 7
56 162 1
153 107 4
11 122 4
21 157 3
12 8 3
17 96 6
121 86 9
45 18 9
135 112 9
140 157 0
116 73 0
41 107 1
182 115 7
92 27 7
41 79 1
126 68 4
62 164 5
131 61 1
164 118 0
176 28 3
50 100 6
97 46 9
123 48 0
171 170 5
88 110 7
145 127 4
53 3 2
122 97 7
85 111 6
55 58 9
123 41 1
43 172 1
37 183 6
79 164 0
16 126 7
94 107 9
24 46 8
65 129 6
41 123 8
86 71 2
119 67 3
69 77 2
108 85 9
112 168 2
155 102 5
123 3 2
28 133 9
146 123 8
62 178 9
170 168 4
13 119 2
69 38 2
15 63 6
82 120 3
180 147 8
183 132 6
177 28 3
152 58 9
90 179 0
11 183 2
125 65 5
150 67 2
32 118 6
99 186 0
50 168 5
18 68 8
185 193 6
87 5 2
1 32 8
91 188 6
178 170 3
48 134 0
64 36 1
25 3 3
78 149 5
126 92 3
163 34 7
34 55 0
144 76 2
189 102 5
105 34 8
45 142 9
120 3 0
2 42 2
89 133 3
179 141 4
72 155 2
24 110 0
163 100 4
16 135 3
128 77 4
159 190 3
122 22 9
40 182 0
28 37 3
2 14 5
136 154 7
23 112 3
169 98 7
12 9 0
152 180 9
17 37 5
59 180 6
37 114 3
111 116 1
118 30 6
118 51 1
133 111 3
186 163 7
51 125 2
55 86 9
104 52 7
85 185 5
195 173 3
184 61 1
158 62 1
43 143 4
50 139 9
161 188 8
94 141 6
7 115 2
31 151 9
163 39 6
31 67 8
20 147 1
64 81 4
10 178 7
17 133 4
190 163 6
91 115 9
40 105 4
27 177 3
45 114 4
111 120 6
4 36 3
63 123 2
163 160 9
157 55 9
137 52 8
110 149 3
143 195 0
47 189 5
193 28 4
91 195 2
50 14 7
61 127 1
57 193 3
192 184 0
71 151 2
148 62 2
165 20 4
61 38 6
90 3 1
38 57 8
105 44 6
42 57 4
162 36 8
48 129 3
72 132 2
121 90 5
99 33 3
101 167 9
101 80 1
22 21 5
4 94 5
120 109 1
70 84 5
180 70 9
24 175 6
13 174 6
19 115 9
23 113 5
14 101 2
46 122 2
156 69 6
89 137 9
158 99 8
134 121 8
149 148 7
187 106 4
19 103 1
148 16 1
154 189 7
141 132 1
17 102 3
45 151 6
104 12 4
147 156 4
111 165 5
132 160 5
57 26 6
1 147 5
190 155 8
102 103 1
136 70 7
71 78 7
46 193 3
124 83 0
163 121 1
63 28 8
11 66 8
32 3 8
176 19 3
55 154 5
127 112 2
80 40 0
138 107 5
183 84 0
31 184 0
12 167 1
138 127 2
148 83 9
120 192 8
56 130 1
160 115 6
160 152 2
63 155 2
27 67 6
4 58 7
122 63 0
101 100 8
12 99 6
27 176 9
117 175 4
66 23 3
7 13 5
159 106 0
64 169 2
79 94 5
127 121 4
24 171 6
179 92 9
61 123 9
179 70 2
47 142 9
147 24 8
20 181 0
194 148 9
189 96 2
81 172 0
109 174 4
23 114 5
85 39 7
186 158 4
92 110 4
145 177 2
163 105 2
147 146 2
2 6 8
43 157 9
131 84 6
186 173 2
84 88 9
115 61 9
162 57 5
179 101 8
167 169 6
146 122 9
143 29 1
167 58 0
92 3 8
51 105 1
25 24 7
7 177 9
53 24 4
62 171 9
160 93 7
63 184 2
125 112 9
56 104 5
52 156 8
113 102 8
131 29 6
114 149 3
108 10 9
119 68 1
12 112 5
183 36 5
147 23 2
92 117 7
195 182 2
36 54 3
95 54 0
139 94 0
160 70 0
31 58 0
92 96 4
180 162 1
181 66 0
111 15 5
42 128 7
182 62 1
89 178 6
73 179 7
85 26 3
157 37 6
141 40 9
96 103 6
74 94 0
138 184 9
176 157 3
3 178 9
14 162 3
143 1 2
170 110 6
16 193 9
130 118 8
97 165 7
183 19 7
109 26 3
99 25 4
75 11 4
49 191 5
60 79 8
8 5 9
172 159 8
122 6 8
190 100 3
172 150 3
54 9 8
60 76 1
144 84 0
157 101 5
98 51 1
27 63 2
92 36 5
15 195 4
63 20 8
188 142 5
67 79 9
174 43 3
23 70 3
2 67 0
96 47 9
78 36 0
40 47 0
98 152 2
13 130 9
137 109 9
138 4 8
36 66 1
49 138 8
163 56 8
81 130 4
41 35 0
22 82 4
36 45 8
26 39 6
111 72 7
52 193 8
55 5 4
10 170 6
192 176 5
170 11 3
25 148 5
16 116 8
178 30 9
2 36 3
70 34 9
103 62 7
8 195 3
28 26 4
132 99 9
35 34 8
73 54 5
171 181 2
103 139 2
50 129 4
137 58 6
138 55 9
32 80 3
31 163 5
71 32 4
83 95 5
86 23 8
127 81 6
68 159 3
155 91 0
107 91 0
157 38 9
54 1 9
38 20 5
130 91 8
6 60 0
57 128 9
119 2 0
63 150 0
105 104 5
42 124 3
107 188 3
71 38 1
176 69 1
77 189 3
192 134 2
131 167 3
105 181 1
92 65 0
147 4 2
5 9 8
151 115 8
31 22 0
83 21 2
153 172 8
95 125 2
129 100 2
120 125 4
141 173 2
30 128 6
20 189 1
176 161 2
37 106 3
61 5 8
69 4 8
138 176 4
53 119 3
87 176 2
171 191 7
186 36 0
181 139 1
50 18 7
160 170 4
41 137 6
5 143 4
141 26 2
84 146 1
97 19 9
148 170 6
58 191 2
52 96 5
63 169 1
144 133 9
94 182 8
94 161 4
96 163 9
111 95 8
134 38 4
101 103 4
8 134 3
142 61 9
79 40 3
121 24 3
84 12 0
155 107 4
93 180 3
131 128 9
91 56 3
104 32 1
56 79 9
54 124 9
126 98 8
29 83 4
162 170 4
4 141 9
59 120 6
89 42 4
168 176 8
193 163 4
30 161 0
13 138 8
171 124 5
53 77 3
30 83 1
1 27 8
46 113 6
55 164 6
191 36 0
174 95 5
109 98 8
186 164 9
132 131 9
176 41 3
152 28 1
23 154 2
186 180 7
1 83 8
82 2 3
98 120 2
7 118 2
178 76 4
123 23 5
1 183 6
89 117 7
160 136 4
8 159 8
72 10 5
10 190 3
87 20 5
65 170 7
94 19 0
192 49 1
19 145 3
31 25 9
131 98 5
118 50 1
138 36 0
97 150 9
61 73 6
182 164 1
105 90 4
48 49 5
66 102 3
156 181 0
103 122 0
56 25 0
25 170 5
195 45 2
185 96 4
194 68 5
159 61 2
119 10 1
87 25 4
73 85 0
14 121 1
193 87 4
135 107 5
76 124 3
132 11 2
177 183 6
111 147 7
185 155 6
6 87 5
195 122 9
22 15 9
135 126 8
42 5 1
116 191 6
48 41 3
172 146 3
112 148 5
23 24 7
169 170 1
124 24 5
61 6 6
127 16 9
53 50 7
153 63 5
22 89 7
6 141 5
84 51 5
179 187 0
31 56 6
195 14 2
194 25 0
176 117 0
44 15 6
183 98 9
59 26 4
146 7 5
77 99 7
158 141 7
164 7 8
62 92 1
132 46 8
129 183 7
54 59 0
95 6 5
112 122 4
99 148 8
104 132 6
84 63 8
156 2 9
50 184 4
100 160 0
112 75 0
167 181 0
170 181 4
37 27 2
113 106 2
9 44 1
104 3 1
63 193 9
3 82 1
151 109 3
107 163 1
50 152 9
184 62 5
150 81 6
103 45 4
127 77 4
188 161 2
189 101 1
29 72 2
162 44 7
94 74 5
71 155 5
131 164 8
7 146 5
90 146 8
137 76 2
192 35 4
78 165 7
180 108 0
160 177 4
173 42 8
6 179 5
124 193 8
23 107 9
94 171 7
147 8 2
40 119 9
111 105 8
43 182 4
93 107 0
183 127 2
102 40 3
172 158 9
47 170 1
174 79 6
173 158 1
19 89 0
173 13 9
46 111 0
71 148 6
101 174 7
178 99 4
145 121 5
150 41 4
70 55 9
44 171 2
4 135 6
128 188 8
90 98 7
44 148 5
172 180 1
186 65 2
169 60 0
71 32 4
86 91 9
6 178 4
16 111 0
153 107 9
84 99 2
152 131 4
185 14 1
31 90 5
183 152 5
73 192 0
92 61 0
78 26 9
128 47 7
53 81 3
169 84 3
171 47 1
123 179 8
18 190 3
158 34 0
181 189 0
124 164 0
49 38 2
165 16 2
81 137 2
63 152 3
135 145 9
159 105 5
45 80 1
54 17 2
98 25 0
158 163 4
105 56 3
192 82 7
125 6 4
50 44 0
11 21 2
90 125 5
109 40 8
138 70 2
107 30 6
67 95 8
45 174 2
128 53 0
69 36 4
3 60 1
104 168 5
58 64 3
185 74 9
176 88 9
50 156 7
138 33 5
119 124 1
101 184 3
25 115 8
111 41 5
176 58 2
102 185 5
151 121 1
69 99 1
88 156 3
174 79 8
28 45 7
27 87 9
87 45 6
24 117 5
190 103 6
129 89 5
159 23 6
149 158 8
11 120 0
111 186 2
17 193 4
51 63 2
20 76 1
88 87 7
25 125 7
191 135 3
44 3 8
186 167 4
86 80 9
25 46 3
193 24 1
118 28 3
156 192 7
117 69 5
76 166 7
14 142 2
151 75 5
7 102 9
21 85 2
46 111 4
15 22 6
121 6 1
12 41 5
134 95 8
124 53 1
86 116 4
67 72 7
157 119 0
24 44 2
114 122 5
25 35 4
63 87 9
170 180 9
101 60 7
65 29 2
21 137 1
188 92 9
22 149 8
185 68 1
151 171 9
143 155 4
60 139 5
131 143 4
127 35 5
114 52 1
11 21 0
62 135 9
33 37 4
160 28 8
123 7 1
28 111 3
95 159 7
99 97 0
128 114 6
137 33 3
159 5 1
176 82 7
60 142 3
149 104 0
64 100 7
97 170 7
90 115 2
21 8 4
26 31 1
144 120 0
1 114 6
75 118 3
45 180 8
75 71 2
83 23 1
126 93 8
144 130 8
38 85 3
108 104 8
143 168 8
103 194 8
24 150 7
171 31 2
147 89 9
22 130 9
9 32 5
130 3 3
180 98 7
132 168 3
49 9 2
125 140 7
69 167 1
188 28 9
103 141 6
86 164 6
25 111 7
44 100 9
146 61 6
21 147 7
173 96 2
79 4 6
6 189 7
161 127 7
1 92 6
67 103 3
46 130 7
69 76 8
118 185 2
54 57 7
172 23 5
92 76 5
88 163 9
43 157 7
22 158 7
76 167 1
182 132 4
109 182 7
58 76 9
35 64 5
146 25 3
54 163 2
146 74 4
84 112 1
165 108 1
68 108 7
186 142 6
176 152 8
144 60 5
126 1 0
87 136 1
28 167 0
7 3 4
38 6 1
78 177 7
68 174 1
70 36 1
139 117 9
191 177 0
178 46 2
23 117 3
195 105 5
70 149 4
188 77 3
186 114 5
136 96 9
80 108 1
98 58 4
146 165 0
79 182 7
61 124 2
59 33 3
71 174 1
98 28 3
148 189 4
189 105 0
185 69 4
152 111 5
28 65 1
161 12 4
135 147 0
92 72 6
28 33 4
83 165 3
185 101 3
162 54 6
172 132 2
92 162 0
51 123 8
159 72 7
86 92 8
104 181 6
106 49 5
88 38 6
72 1 0
150 67 8
155 93 0
165 127 2
91 3 2
144 194 9
44 163 9
85 133 7
194 53 6
90 129 8
178 134 7
102 166 9
25 10 5
192 164 5
14 138 9
5 183 3
67 66 4
156 42 0
49 43 4
167 75 0
16 142 8
172 25 8
152 103 1
78 13 2
92 45 1
9 187 2
167 43 1
155 168 4
109 11 4
66 100 1
150 143 8
157 109 7
37 69 4
191 169 9
40 126 7
109 4 0
185 105 3
122 31 6
47 145 5
115 184 5
24 79 8
22 99 3
68 107 1
96 63 3
92 79 1
168 58 9
118 5 0
127 138 9
160 127 7
183 121 2
76 32 6
77 141 6
4 46 9
177 24 0
154 128 6
148 138 0
12 182 5
99 143 8
190 113 6
76 46 0
137 65 7
29 164 3
149 101 8
160 13 8
150 106 5
117 63 1
192 147 7
173 96 1
153 119 0
141 154 0
135 33 7
61 40 0
77 176 6
3 25 6
17 162 7
178 172 8
127 78 9
114 42 4
175 188 0
13 64 1
15 123 0
116 63 6
55 166 2
76 28 7
34 136 0
184 8 5
164 50 3
91 137 9
95 72 3
119 144 3
93 11 2
74 125 5
59 143 0
126 113 3
73 140 2
149 102 2
32 13 2
49 186 5
107 84 1
136 98 6
84 190 4
13 146 4
124 87 4
194 107 5
98 78 1
179 20 7
130 6 7
177 127 5
192 50 2
94 10 4
165 92 3
76 108 7
113 115 8
175 157 2
29 97 3
55 149 5
20 106 5
172 90 5
20 193 2
139 183 3
46 104 8
168 17 8
42 111 7
188 193 1
51 160 5
145 43 5
52 149 0
184 18 6
77 67 3
31 127 3
73 77 9
126 42 7
47 78 8
14 39 4
86 63 4
189 121 1
37 192 6
132 135 4
77 180 7
135 33 2
20 84 8
67 122 7
159 24 1
143 97 5
61 108 3
3 64 1
64 27 1
87 74 5
42 108 1
74 44 8
165 13 2
64 34 3
83 108 0
91 102 5
112 174 8
117 145 0
154 195 5
14 186 8
60 182 0
56 15 4
2 170 0
194 83 2
76 60 6
140 53 2
75 64 7
145 128 5
15 155 7
127 101 7
157 149 8
151 91 7
192 36 1
102 187 3
113 191 4
186 183 6
141 155 2
67 108 6
10 61 0
82 42 7
93 80 8
179 115 7
18 110 0
195 156 2
146 169 5
86 38 5
7 134 0
90 78 1
44 192 9
21 131 4
74 125 2
153 155 5
7 35 8
88 38 3
129 141 2
21 92 0
127 181 6
44 47 2
29 116 6
166 37 7
78 21 3
31 184 1
65 148 9
75 24 1
18 32 4
195 178 6
13 32 2
191 188 1
185 74 2
160 10 0
149 103 9
124 191 8
42 23 1
32 191 8
154 194 7
9 178 7
35 89 0
18 173 7
61 34 3
192 39 4
84 129 6
9 99 9
153 45 8
117 167 7
65 88 5
194 84 0
18 35 8
28 132 4
91 17 8
96 37 1
91 87 3
11 54 0
159 109 2
137 165 1
47 50 5
144 127 6
143 190 4
194 156 9
1 163 2
78 101 4
111 117 9
7 190 8
121 106 5
168 141 9
170 140 2
84 173 4
105 114 1
49 97 6
169 178 6
23 30 7
37 124 0
148 193 3
159 73 5
40 99 6
192 32 0
161 39 6
45 3 0
89 194 6
4 123 6
100 92 6
150 156 5
131 64 0
78 166 2
19 74 9
134 73 6
39 30 6
130 153 3
163 135 0
184 89 2
110 67 8
134 69 1
144 129 2
149 156 3
48 38 2
4 33 2
194 87 2
189 169 1
176 107 8
162 97 4
77 58 4
136 53 5
14 185 3
189 59 2
95 151 6
58 124 1
61 76 2
192 183 3
74 21 3
139 180 2
77 26 6
175 176 1
83 187 3
181 184 5
95 40 9
43 45 3
114 17 0
193 102 1
51 191 5
167 102 7
23 70 4
78 194 4
33 23 6
16 123 8
149 79 4
173 34 5
153 82 5
138 65 8
149 96 5
137 85 3
67 37 0
72 163 1
54 90 2
114 56 2
152 6 8
134 32 0
177 120 9
2 183 8
164 139 5
19 15 0
6 106 0
73 40 6
149 146 0
142 68 5
18 74 5
83 136 3
89 16 9
193 78 0
172 27 8
90 98 5
20 141 3
180 67 3
192 34 1
91 120 4
27 125 2
52 102 6
164 27 5
158 114 8
123 36 6
2 150 3
21 61 8
46 73 3
151 18 0
27 166 0
106 107 4
70 123 7
80 135 9
54 180 0
100 91 4
77 82 1
137 195 7
4 86 0
43 56 4
86 35 8
134 45 0
139 122 5
92 37 0
131 184 7
131 142 8
186 179 8
189 152 0
188 3 3
58 16 3
186 33 5
125 87 3
181 5 0
165 111 3
53 50 9
181 187 8
63 162 5
28 113 6
106 110 9
170 68 0
85 69 8
80 125 6
28 129 1
165 171 5
107 146 9
20 180 8
70 5 8
135 124 0
135 58 5
23 98 0
134 183 0
189 101 1
161 169 2
178 47 1
77 22 7
186 182 2
32 50 8
13 92 9
144 184 1
168 112 7
113 143 5
108 47 6
47 191 6
59 123 9
112 109 9
160 195 4
25 150 9
179 107 0
44 23 3
3 7 3
115 2 0
41 64 9
185 147 3
67 22 6
21 192 5
138 180 6
138 182 6
87 21 6
152 158 5
193 97 6
151 96 7
75 23 7
88 119 0
166 161 6
92 161 0
7 53 1
23 137 3
173 69 4
77 89 9
104 30 4
171 164 3
48 104 2
98 4 0
115 29 2
168 40 2
164 177 7
78 48 9
106 85 1
161 176 0
195 57 1
85 90 4
107 178 5
55 186 8
182 47 0
117 102 8
151 122 3
91 160 8
130 5 8
75 99 5
157 81 0
12 23 9
170 1 5
191 12 1
68 78 6
32 61 4
93 5 9
132 194 1
148 39 5
187 61 0
31 30 2
169 42 0
147 173 3
191 180 2
193 186 0
88 87 7
183 101 9
15 17 5
14 7 8
131 17 9
7 193 9
34 27 6
44 152 3
85 144 5
145 132 2
72 5 3
188 134 9
92 55 1
21 127 8
119 86 3
15 179 8
125 59 9
6 78 5
90 115 2
30 173 9
89 19 3
139 43 2
62 3 3
178 144 8
140 151 0
45 110 4
118 154 2
129 179 0
29 172 2
183 18 8
143 77 5
107 19 5
191 5 8
168 43 8
88 158 4
107 114 9
162 108 6
173 89 0
133 146 4
192 77 3
183 91 0
68 155 6
123 23 3
90 191 0
21 171 3
90 143 6
119 148 5
25 146 2
57 110 1
52 46 0
43 191 1
117 42 4
111 6 3
107 156 3
193 145 1
59 191 8
66 25 7
75 60 1
115 30 7
47 62 7
94 101 6
129 165 1
53 90 3
76 74 4
92 68 7
151 163 6
59 12 6
145 122 6
181 191 3
118 90 0
5 68 9
190 27 9
123 87 6
188 49 0
79 149 1
107 145 3
104 168 8
47 37 1
112 52 9
171 146 1
162 48 6
178 6 8
21 104 3
167 80 7
150 96 5
65 120 8
162 58 2
154 116 4
115 9 9
31 150 6
48 158 9
76 24 6
29 39 4
75 150 8
149 162 9
24 57 7
25 179 6
108 160 8
122 137 6
183 164 6
101 96 6
110 167 1
146 185 9
149 145 7
90 162 4
76 88 3
92 190 2
3 180 0
30 83 1
48 150 8
161 149 1
58 192 8
104 174 4
108 16 8
21 73 2
38 54 5
101 54 1
142 91 2
6 133 0
141 34 8
181 9 8
121 41 3
36 144 1
166 122 1
87 68 1
115 28 1
7 33 4
129 180 9
172 11 0
39 128 2
61 167 3
182 102 6
81 33 4
42 39 0
3 154 6
192 138 4
157 50 5
24 176 1
94 12 3
77 118 8
192 6 9
61 31 4
94 20 0
87 10 2
188 113 1
108 69 0
159 66 1
8 74 5
182 123 0
94 180 6
108 170 7
108 71 4
13 140 0
131 162 4
93 78 0
36 117 4
44 38 0
4 122 7
154 15 7
50 134 9
45 144 2
44 108 3
102 108 2
187 8 4
9 47 0
106 19 6
120 11 2
98 73 2
29 110 7
37 17 1
166 142 0
127 76 0
119 154 8
144 136 2
106 70 2
7 78 5
124 42 0
11 48 1
155 63 5
106 17 2
29 61 1
67 126 7
192 37 5
104 96 0
188 184 1
53 51 4
25 161 1
139 15 3
99 177 6
66 90 8
169 96 6
93 88 3
154 77 3
172 174 0
46 134 6
28 181 8
1 99 7
36 77 2
183 35 1
36 107 3
13 99 7
64 67 5
38 172 2
3 79 2
13 31 4
142 94 7
85 195 6
19 75 9
103 157 2
61 5 8
74 140 7
132 25 7
119 114 0
134 151 0
13 144 6
116 123 4
48 22 5
179 22 4
189 107 5
8 155 6
191 114 6
107 61 8
138 132 8
40 46 9
86 106 1
74 115 5
190 153 4
181 17 3
16 132 3
188 121 2
151 7 3
32 111 1
155 114 6
55 1 7
138 77 8
113 9 4
7 111 6
184 45 2
159 156 3
151 27 9
177 135 6
111 37 6
130 185 0
63 174 4
120 155 4
28 180 6
87 100 2
132 112 5
87 151 9
26 75 2
51 116 0
19 23 0
35 178 6
95 52 0
17 192 0
134 104 3
120 34 2
48 162 9
172 116 5
84 17 2
15 185 1
178 168 7
94 106 5
85 57 8
42 57 1
36 164 8
85 122 5
103 42 8
104 26 6
24 16 4
111 23 1
84 62 1
134 143 4
171 105 2
56 67 1
63 158 1
59 173 8
45 82 3
133 82 3
12 125 9
49 33 7
47 179 2
132 83 6
108 191 0
26 31 1
77 68 6
19 124 8
45 101 9
178 135 4
125 134 6
185 32 8
175 155 3
27 126 1
157 136 6
10 176 2
108 15 1
150 62 8
118 7 8
16 162 8
107 54 7
31 156 0
117 140 7
20 122 6
186 82 9
146 126 4
18 142 2
76 85 8
30 174 3
155 167 4
189 57 3
120 148 1
87 148 1
130 75 3
24 80 4
157 191 4
28 59 7
57 144 2
84 146 9
184 131 7
194 95 3
30 169 6
125 188 6
111 31 4
185 43 5
138 151 6
36 47 2
22 131 5
148 133 4
177 10 6
34 21 4
83 186 2
106 158 4
161 49 6
96 79 7
155 15 7
45 155 9
119 157 8
47 170 7
61 149 7
46 87 4
124 82 9
67 151 8
69 68 9
39 13 5
53 1 5
70 38 2
136 2 0
134 193 4
18 26 0
187 74 1
76 13 4
23 15 0
65 64 8
23 117 8
77 140 1
175 189 9
3 96 7
87 172 9
128 126 0
173 11 4
188 191 1
181 41 1
157 67 8
104 3 2
13 18 4
175 181 7
192 18 7
81 80 0
170 37 3
58 161 9
151 89 2
110 40 6
58 68 7
58 68 1
92 26 0
2 119 7
56 126 4
30 186 6
119 182 5
140 110 0
66 180 3
102 129 7
101 111 0
107 30 9
182 38 1
138 184 6
105 15 9
5 124 2
51 152 1
162 97 2
147 145 8
142 69 0
13 105 8
10 118 4
39 112 9
5 114 0
44 190 3
43 22 2
189 181 7
71 59 8
68 44 6
117 159 7
96 114 3
64 79 8
140 144 3
110 157 2
33 83 8
122 15 0
80 121 2
94 140 9
18 82 3
148 165 4
126 57 5
10 110 6
116 144 7
103 132 7
101 138 9
83 148 1
9 46 4
55 71 6
27 87 0
120 173 0
141 106 9
30 139 7
182 171 7
14 52 4
13 56 5
183 160 6
36 158 3
9 78 0
179 74 3
192 106 7
149 32 8
109 88 5
175 136 4
138 179 4
191 182 3
91 154 4
146 6 4
105 180 7
163 194 6
131 42 4
79 43 9
86 175 3
66 119 1
113 76 6
190 25 9
15 77 1
33 189 2
69 154 7
83 158 4
194 11 0
105 145 0
105 95 1
4 187 3
102 79 5
51 83 7
25 20 3
107 50 5
86 79 0
30 107 6
125 69 4
91 176 9
172 75 5
68 18 6
37 62 4
156 60 0
61 103 9
19 151 5
87 177 4
194 159 1
117 47 7
55 92 2
195 178 9
148 181 9
185 15 5
16 115 2
16 7 7
35 67 3
39 77 2
189 193 8
12 143 0
167 135 2
159 48 2
173 160 6
76 66 4
7 180 3
63 115 9
194 151 5
77 112 0
61 15 9
113 76 1
7 47 7
15 80 8
101 114 8
53 115 8
20 44 6
87 166 5
136 55 8
19 133 7
85 51 5
98 136 1
34 146 4
59 113 8
97 54 3
95 93 2
57 82 5
122 41 8
129 194 4
104 189 7
90 83 5
63 172 1
43 28 3
140 193 3
119 41 7
168 121 9
186 139 8
187 122 0
67 154 2
105 184 0
121 192 3
179 99 2
98 162 1
73 14 8
24 35 0
136 34 8
41 178 3
162 68 9
183 90 5
193 115 9
36 134 2
39 172 8
44 102 0
52 37 3
54 63 4
70 1 7
166 45 1
135 174 6
100 70 8
68 137 4
28 53 5
147 127 4
90 104 3
128 53 1
76 44 0
90 57 3
36 153 5
59 117 7
25 17 6
180 34 1
173 40 0
98 107 7
89 118 7
137 162 6
78 124 3
112 142 9
11 6 8
47 113 9
95 142 4
24 17 1
167 117 1
20 107 0
36 136 6
21 155 6
71 154 2
36 149 7
115 63 7
182 110 7
90 79 7
116 23 6
52 79 8
81 179 1
104 22 3
117 99 6
17 65 5
71 109 7
190 84 9
32 61 1
116 101 4
51 59 4
120 2 8
155 133 1
184 68 9
31 2 0
122 142 5
91 123 0
169 16 6
159 171 4
140 125 4
169 118 8
26 177 9
23 101 8
130 29 4
118 52 3
10 55 6
13 62 9
180 107 4
31 41 2
186 125 7
73 69 5
149 194 8
27 12 5
147 183 9
141 108 0
81 46 1
55 135 9
56 108 5
41 189 1
50 98 2
22 54 2
16 47 5
3 74 3
82 193 8
188 82 7
129 192 7
98 9 8
195 23 7
51 10 6
94 193 7
178 146 3
17 5 8
7 88 2
169 111 4
81 68 5
165 48 7
49 143 4
122 78 4
111 9 0
26 22 7
8 153 9
54 115 7
175 42 6
149 109 9
170 114 8
70 129 0
39 7 3
176 130 3
138 161 9
194 156 1
185 26 3
141 112 6
9 127 8
129 165 3
135 15 7
68 93 2
42 22 6
67 138 6
166 25 1
134 63 7
148 60 9
82 123 5
176 147 0
191 99 7
3 78 8
150 22 2
88 53 4
4 179 4
33 125 6
114 59 8
107 138 9
127 95 9
186 6 2
46 102 7
189 124 1
148 25 7
2 7 7
170 40 6
174 83 1
81 57 0
137 115 1
74 73 1
121 35 8
124 195 0
47 55 1
181 140 2
82 182 6
3 94 5
161 65 4
117 172 5
67 1 2
42 44 2
133 23 9
64 26 7
105 100 2
4 157 4
128 192 8
84 160 5
130 176 4
29 184 2
179 12 2
42 54 6
40 190 8
24 58 8
172 110 4
38 35 5
37 166 3
193 171 5
6 171 5
4 18 1
83 160 3
80 52 5
105 72 2
10 9 2
20 136 1
54 132 1
13 194 7
106 142 3
147 51 4
59 181 8
134 113 7
37 143 5
141 97 0
79 3 5
29 118 9
44 134 9
27 144 5
143 138 9
191 7 1
41 140 8
142 147 0
159 31 3
57 157 7
189 75 0
176 157 4
42 24 1
44 149 4
68 154 8
43 83 9
107 12 7
1 75 5
137 7 9
106 147 8
24 140 3
6 95 4
149 112 0
71 132 6
138 155 7
78 132 9
157 146 2
57 75 1
171 168 1
125 75 3
93 74 1
84 129 1
120 93 4
21 170 6
31 123 9
23 138 9
9 173 6
146 162 2
14 112 6
148 124 1
91 161 3
123 7 8
145 106 8
44 95 4
189 93 0
45 139 3
70 100 0
17 154 6
1 32 1
127 44 3
166 6 0
47 190 0
108 75 3
16 82 5
184 158 5
149 3 6
23 34 2
117 108 2
155 82 6
53 45 8
30 79 8
113 4 4
100 170 9
183 121 7
42 98 8
191 194 9
160 174 8
80 11 0
67 97 5
101 14 6
191 34 3
11 194 4
70 1 9
103 73 3
95 128 9
48 100 6
144 161 6
22 102 8
43 38 6
124 7 4
78 48 6
2 21 0
92 3 2
138 19 6
125 83 6
22 165 7
193 112 3
94 139 0
122 168 4
13 107 3
79 61 0
130 16 9
36 12 4
37 70 8
194 121 5
1 87 0
56 156 9
93 70 7
26 28 5
103 66 9
180 172 4
185 128 5
181 25 2
146 178 0
95 55 4
92 164 4
122 151 0
49 182 7
38 14 3
165 179 6
90 78 4
160 84 0
130 54 4
52 166 1
72 84 3
56 78 8
138 189 2
173 37 2
164 54 2
168 66 8
128 138 2
188 170 6
85 74 4
43 49 3
119 55 8
141 40 9
30 82 0
88 85 5
20 8 5
146 2 9
169 93 6
53 115 4
43 175 6
44 149 4
168 167 5
182 67 1
193 123 6
14 105 2
55 50 5
163 90 2
36 186 5
171 132 2
120 129 7
152 42 1
135 28 2
46 161 6
182 3 1
146 64 8
82 148 3
51 47 4
192 73 8
183 31 7
127 99 9
123 105 8
171 29 2
85 160 0
71 116 3
60 13 8
67 8 8
47 102 5
168 56 4
117 32 5
104 193 4
10 5 3
121 114 9
115 187 8
158 101 1
117 163 2
4 41 8
26 22 7
32 49 1
84 141 7
66 2 3
114 132 7
118 46 0
48 53 8
191 162 0
64 163 3
56 17 5
72 140 2
130 12 4
36 165 6
106 10 1
45 23 5
172 51 2
82 152 7
189 192 8
121 174 5
1 185 6
77 159 0
70 192 4
105 112 0
3 129 9
53 9 3
47 181 2
39 79 8
47 178 0
114 193 8
170 27 1
15 84 8
193 70 6
77 135 2
95 9 8
107 120 7
123 70 2
155 31 0
189 183 1
193 181 9
145 124 7
2 49 5
177 93 1
60 136 5
121 157 5
152 122 5
182 126 8
82 145 7
192 64 1
152 42 3
84 69 7
180 91 2
31 154 0
28 24 3
186 11 8
105 179 7
18 24 9
119 66 6
14 127 6
160 168 3
30 108 7
150 5 4
91 172 1
182 86 6
123 23 5
133 81 3
18 156 9
175 76 4
153 182 4
18 59 3
79 8 4
84 179 9
7 24 8
2 155 3
139 20 6
79 57 1
170 70 7
175 34 8
104 77 9
84 44 2
194 110 3
187 119 5
154 139 6
161 88 0
149 138 3
109 123 5
9 81 1
16 156 2
37 187 9
90 164 7
131 179 8
111 137 9
35 111 2
160 131 6
190 34 0
50 37 0
190 49 9
95 189 2
182 149 1
2 103 3
163 126 7
61 78 9
180 184 9
151 40 0
134 155 4
122 123 3
29 114 7
14 146 9
21 37 9
15 92 3
141 114 6
155 65 8
28 158 2
73 80 0
51 149 7
156 45 5
31 140 2
25 54 0
128 89 5
136 47 1
101 93 3
149 145 6
86 68 5
169 193 3
191 186 6
126 78 6
129 128 9
191 190 0
137 179 2
46 92 5
125 183 3
6 141 5
27 143 4
8 125 0
31 157 7
127 61 4
121 20 2
44 167 1
138 155 3
112 175 5
143 70 3
132 76 7
9 140 5
45 171 5
64 24 1
152 106 6
20 190 7
7 32 3
62 66 9
99 166 8
25 163 4
57 146 0
42 107 6
188 157 2
167 34 2
119 131 2
107 50 4
108 168 0
167 39 7
99 119 7
119 131 5
114 86 5
11 10 4
11 69 0
7 61 0
127 16 8
77 86 2
116 169 8
54 124 0
38 36 2
14 141 3
139 166 2
33 84 5
134 157 4
154 1 5
104 161 4
133 181 7
19 129 1
2 176 2
133 87 7
143 186 4
104 159 4
12 94 8
113 14 7
39 84 4
81 195 6
134 88 3
171 16 5
13 113 3
36 22 4
96 191 0
177 172 9
173 165 4
65 100 0
76 162 2
22 155 0
75 58 6
45 11 0
174 28 5
1 193 3
98 159 5
162 92 4
56 157 9
9 95 7
23 96 5
191 83 1
63 98 8
183 1 0
102 128 3
88 12 8
18 127 4
106 91 5
170 148 2
114 171 4
72 90 0
60 144 7
159 21 1
55 38 5
176 34 0
75 141 4
194 98 9
78 55 8
131 60 6
122 10 7
49 148 0
16 17 3
105 22 1
49 140 5
162 112 6
36 8 0
46 74 6
192 191 7
57 20 0
182 75 9
181 123 2
52 80 1
54 32 5
153 31 0
32 135 5
107 19 0
86 93 5
73 25 6
7 141 6
181 10 8
131 127 4
31 134 5
46 82 2
75 20 0
169 65 8
54 30 6
124 14 1
46 174 9
127 6 5
139 87 5
18 100 2
19 193 3
172 37 1
42 33 5
182 192 8
106 189 3
108 9 1
7 94 2
108 163 8
167 32 2
44 29 7
3 139 6
20 12 8
159 86 1
31 147 5
85 43 1
140 144 3
63 122 6
18 23 8
106 156 2
61 72 7
11 54 9
65 150 9
99 26 4
159 173 1
175 25 9
190 6 5
29 50 2
190 166 4
45 46 1
56 189 3
20 187 3
124 86 9
166 136 8
141 117 0
6 4 0
73 60 5
137 57 5
163 20 6
71 28 5
25 87 1
195 46 2
157 116 8
71 152 3
100 194 4
52 104 4
39 50 6
19 150 4
150 22 1
43 109 0
22 31 7
104 7 5
86 121 9
115 116 0
8 141 1
139 37 2
135 85 8
10 126 0
122 183 3
168 2 0
101 173 1
190 148 1
157 102 2
78 147 1
17 5 4
33 105 4
186 20 5
120 39 5
1 72 4
13 164 0
23 72 6
69 100 2
25 159 5
154 19 5
122 164 1
187 77 1
31 166 9
138 56 1
60 148 4
115 168 4
37 164 6
93 73 1
62 20 0
121 103 5
193 112 4
18 137 2
29 34 3
27 71 0
176 71 2
127 80 5
96 143 1
104 116 1
42 174 5
120 94 6
170 5 6
81 156 9
117 11 8
43 142 9
180 94 5
56 174 9
18 5 9
132 94 7
41 37 2
38 85 0
167 186 5
25 92 6
169 96 1
40 175 9
31 63 8
96 16 5
128 152 3
124 6 1
137 107 8
143 96 0
53 176 4
171 146 6
2 183 1
186 90 4
159 50 8
107 127 7
110 156 7
161 163 4
69 40 2
67 129 4
53 39 5
70 4 8
138 5 1
177 145 9
34 33 4
15 91 3
68 183 1
30 1 7
50 103 2
185 29 5
110 121 8
70 176 7
4 47 1
120 19 9
25 5 6
149 172 8
178 180 4
3 176 9
145 131 2
186 58 2
30 4 2
69 48 0
25 144 5
172 119 3
85 195 7
188 49 3
86 149 1
6 29 1
48 177 4
52 26 1
6 117 2
151 54 3
23 41 0
168 160 5
154 173 8
192 180 4
9 146 3
8 123 4
156 174 1
103 95 2
166 119 9
42 67 6
171 113 8
41 18 4
4 116 5
111 103 5
175 159 0
168 82 5
115 162 6
55 188 8
79 108 3
107 36 1
177 62 9
46 102 2
127 91 7
67 84 7
71 178 5
92 72 2
129 142 9
129 125 6
156 101 9
77 174 3
64 188 8
106 156 2
106 171 7
128 103 0
154 105 9
80 14 2
164 20 6
29 20 4
