633 709
41 187
76 332
4 19
39 173
75 328
47 210
140 630
106 484
39 167
18 83
101 443
20 97
89 396
48 223
57 252
138 612
118 531
76 330
64 286
31 153
130 568
26 120
16 77
64 289
128 562
114 518
31 148
90 403
14 69
31 151
102 451
114 519
61 269
48 220
108 494
130 567
103 462
69 302
1 3
107 492
108 496
116 526
108 499
86 379
82 360
128 561
13 60
47 211
97 434
92 407
16 75
1 7
126 555
46 205
70 315
48 218
139 620
57 253
20 98
43 195
58 261
58 256
114 520
117 529
96 423
126 558
6 29
23 115
108 498
56 244
112 511
88 387
108 500
121 546
23 113
134 583
132 575
86 376
106 478
40 182
5 26
39 172
112 513
30 143
8 50
121 543
138 610
54 240
66 294
110 505
107 491
77 341
29 136
140 629
56 249
110 503
39 169
75 325
4 20
30 141
76 336
128 563
75 327
21 105
90 400
5 24
57 255
6 30
40 181
43 196
132 577
137 601
61 274
138 615
69 297
46 206
41 189
84 369
18 89
1 2
81 352
14 63
132 576
121 542
95 421
100 442
31 154
80 346
42 193
100 441
14 67
62 275
76 333
21 106
130 564
66 295
70 308
63 284
133 578
108 497
118 532
28 125
57 251
30 146
130 565
95 413
139 628
35 165
42 191
33 157
74 321
7 46
7 42
135 593
137 607
14 65
7 43
3 11
50 233
19 91
7 39
41 186
38 166
130 566
82 357
56 245
108 493
92 405
8 53
14 64
12 56
41 185
118 535
29 129
8 49
15 70
106 486
51 236
81 353
126 552
137 605
103 460
90 399
6 31
40 184
84 371
133 581
138 614
114 523
84 373
70 313
110 506
97 430
121 545
106 479
102 450
89 392
60 268
100 440
63 283
4 16
49 225
70 314
117 528
139 622
23 114
139 627
135 589
105 473
60 267
35 163
104 464
56 248
104 469
82 355
96 425
125 550
105 471
135 596
46 204
7 41
135 588
49 228
40 183
104 466
132 572
111 510
92 411
18 86
126 551
5 22
98 438
8 51
70 306
120 539
106 483
132 574
75 323
19 92
76 335
35 162
88 384
71 317
84 370
26 117
101 448
48 217
138 613
140 632
6 35
4 12
104 465
8 48
75 324
69 300
95 416
95 418
73 319
29 132
86 377
26 116
132 571
59 266
28 127
117 530
27 122
49 230
89 398
42 192
13 61
70 307
6 33
69 304
89 390
4 17
84 368
134 586
92 412
105 477
43 194
82 359
139 625
4 14
105 476
102 453
110 504
58 260
88 385
75 326
80 349
30 145
62 276
65 290
56 241
138 611
110 501
112 514
138 609
47 213
135 595
43 197
69 301
1 4
50 234
97 432
39 171
23 111
105 475
28 128
7 44
74 322
14 66
57 254
4 18
66 293
96 424
73 318
83 364
97 435
13 58
56 250
82 361
31 147
84 372
135 590
39 174
88 388
104 467
27 121
30 140
52 237
137 606
29 131
64 288
112 515
48 221
71 316
89 397
46 201
47 209
137 599
108 495
8 54
58 257
23 110
103 456
18 85
139 626
35 158
63 285
121 541
92 409
6 27
126 553
39 176
114 521
18 82
95 420
59 264
103 458
111 509
126 559
135 592
80 350
83 365
44 199
17 78
101 449
6 28
18 87
111 507
4 21
98 436
35 164
5 23
51 235
40 177
7 37
29 138
104 470
31 152
7 45
48 222
18 88
120 540
106 481
70 312
6 32
103 455
49 232
49 226
135 591
92 408
61 272
89 391
30 142
112 516
33 156
7 40
46 208
88 383
56 247
15 73
21 104
112 512
137 608
31 149
107 487
17 80
53 238
15 74
69 303
39 168
84 367
16 76
82 358
116 525
106 485
61 273
46 207
19 94
134 585
134 584
77 340
61 271
19 96
107 489
118 536
48 215
5 25
19 93
30 144
41 188
104 468
1 9
6 34
138 618
121 549
130 569
133 580
97 431
46 203
49 229
20 99
7 38
56 246
26 118
12 57
44 198
133 579
40 178
29 137
86 378
58 258
8 52
66 292
53 239
49 231
107 490
106 482
19 95
95 417
28 126
96 428
6 36
82 356
4 15
118 534
33 155
83 363
99 439
48 216
117 527
96 427
126 556
26 119
47 214
15 72
101 446
18 84
27 123
87 380
19 90
49 227
103 463
103 457
35 159
138 617
92 410
66 296
89 393
140 633
56 242
63 280
76 334
29 134
76 331
105 474
101 444
1 8
30 139
20 103
77 342
8 47
70 310
65 291
132 573
84 375
90 404
92 406
1 5
126 557
20 101
76 339
47 212
137 600
88 389
56 243
138 616
35 160
101 445
135 594
103 461
4 13
81 354
59 263
90 401
23 109
1 6
12 55
128 560
13 62
140 631
89 395
102 454
77 344
121 547
88 386
48 219
121 548
118 537
118 533
63 278
106 480
69 305
137 603
101 447
70 311
88 382
27 124
95 414
17 79
136 598
137 602
82 362
76 337
103 459
84 374
74 320
23 108
46 202
61 270
134 582
120 538
69 298
107 488
42 190
29 133
29 130
20 102
139 619
139 624
29 135
62 277
59 262
75 329
110 502
90 402
126 554
31 150
111 508
77 343
69 299
97 429
40 180
63 282
14 68
35 161
80 347
40 179
137 604
121 544
136 597
97 433
63 281
135 587
102 452
23 107
39 170
70 309
59 265
63 279
131 570
139 621
98 437
89 394
23 112
114 517
44 200
76 338
49 224
80 348
20 100
13 59
80 345
116 524
95 415
96 426
105 472
114 522
3 10
95 419
58 259
39 175
17 81
139 623
84 366
88 381
15 71
81 351
64 287
96 422
448 591 5
44 436 9
586 221 9
152 616 8
280 322 5
477 78 9
529 57 4
479 209 8
443 578 7
42 406 8
316 468 5
337 318 6
601 273 6
592 200 8
68 403 5
452 395 3
386 623 7
303 161 7
167 326 6
465 128 7
413 308 5
515 503 7
300 58 1
32 20 9
162 128 5
269 489 2
76 111 1
121 168 7
171 174 6
179 504 4
312 250 3
466 388 6
231 243 2
90 574 5
240 510 1
560 234 8
450 495 5
238 625 4
13 607 2
375 457 5
400 125 4
391 613 0
46 211 6
534 319 8
505 315 2
460 100 0
248 382 4
397 92 0
581 326 1
453 229 7
10 326 3
366 138 0
1 626 1
428 63 4
404 380 9
391 186 0
30 450 4
500 454 2
317 264 1
48 474 3
131 430 0
489 618 9
431 408 4
34 585 4
384 69 4
338 293 6
589 134 5
21 239 9
564 145 3
513 160 1
580 78 9
22 64 5
252 349 7
516 278 1
268 107 0
628 180 4
67 535 0
381 351 0
197 142 2
613 27 8
233 382 8
196 567 6
94 231 8
222 590 7
412 38 0
326 254 1
400 62 2
460 193 9
70 267 7
387 284 7
222 489 0
492 603 6
132 440 6
301 458 1
9 466 8
199 508 6
451 402 1
317 326 4
365 575 0
336 604 9
403 80 3
337 529 3
9 426 6
280 127 0
477 19 0
288 599 9
611 90 7
501 458 5
135 525 3
305 455 5
450 569 1
376 69 5
457 256 0
595 367 6
190 418 6
62 1 2
165 563 1
517 466 7
594 266 2
441 367 0
184 130 2
296 218 4
391 504 2
310 65 6
159 545 2
545 63 9
26 387 4
535 295 5
127 115 9
190 229 7
513 357 2
493 212 7
553 254 8
504 396 4
314 418 9
599 581 6
206 278 6
288 154 6
495 600 2
59 566 9
571 327 4
79 28 1
587 337 6
427 575 2
88 248 2
250 607 6
316 122 4
547 168 1
318 65 8
127 421 9
500 594 9
103 225 4
117 161 4
219 183 1
530 457 5
608 408 2
59 49 1
431 315 4
117 535 9
211 125 0
182 405 7
432 458 6
624 213 2
150 541 8
343 523 8
402 137 3
212 633 6
548 358 9
201 50 6
569 184 9
219 593 7
438 319 1
9 151 9
495 174 4
594 477 9
547 540 9
102 412 5
84 179 4
310 526 4
266 383 6
30 421 1
31 223 8
301 21 5
447 540 4
204 577 2
77 549 2
2 110 8
451 149 2
257 107 0
218 425 4
349 33 1
362 528 9
490 151 4
332 194 2
48 630 4
561 358 6
528 265 6
266 77 2
321 255 6
346 339 5
35 426 9
49 608 1
394 590 1
471 507 3
156 114 5
311 75 0
297 272 1
381 543 8
270 169 7
604 9 3
476 160 6
566 193 2
488 580 1
107 139 5
630 274 5
611 223 0
145 149 9
429 227 3
556 33 0
496 168 2
509 163 3
106 461 5
16 343 4
550 494 0
396 588 1
65 436 1
196 373 5
293 123 5
328 126 1
278 156 4
521 387 0
179 393 6
297 572 1
422 108 9
252 568 5
570 184 6
169 474 0
19 386 9
108 127 6
548 153 4
86 257 2
304 372 6
523 591 1
41 580 2
485 123 4
512 577 4
373 322 2
38 572 6
371 187 7
154 610 5
403 133 8
553 379 7
239 260 7
21 96 9
372 259 1
528 312 3
162 608 6
458 222 0
55 522 5
459 607 7
494 208 6
234 590 3
329 390 4
626 51 5
142 608 2
542 443 5
526 494 6
290 432 6
583 109 6
50 397 4
429 502 1
428 289 3
624 300 6
174 124 9
375 500 2
589 633 3
356 357 1
355 524 9
529 443 5
604 363 0
450 608 5
343 384 1
248 328 2
235 272 7
524 350 5
274 268 0
480 451 3
104 99 8
415 292 7
16 401 9
107 357 1
564 253 8
627 65 0
563 240 1
296 360 7
162 47 3
552 485 9
439 141 2
59 290 7
253 560 8
576 486 3
29 185 0
11 630 4
259 420 9
27 271 9
555 583 0
397 185 1
597 132 6
425 585 9
440 255 3
594 329 3
550 454 4
239 67 6
161 428 7
314 415 7
522 598 2
80 82 3
615 591 2
584 89 0
246 229 7
456 402 7
545 487 9
396 228 1
498 51 5
267 61 7
328 247 4
194 378 5
483 227 8
529 485 6
521 537 2
123 522 5
269 209 1
472 193 8
5 521 2
617 80 2
534 608 4
566 633 3
236 115 8
318 406 7
246 34 8
368 144 9
564 424 6
246 74 3
324 518 2
61 206 6
346 291 4
320 253 8
435 363 9
131 488 1
18 378 8
144 181 8
64 609 3
342 466 0
503 543 9
590 33 8
523 480 4
416 208 4
402 560 6
540 220 9
332 59 2
420 568 5
462 260 4
501 439 5
155 154 4
369 498 3
293 389 8
321 5 7
176 302 4
3 377 9
96 476 5
401 383 1
71 504 5
226 67 5
534 323 7
569 182 1
9 431 3
115 460 3
509 347 8
188 568 6
12 53 8
471 212 3
281 499 3
26 529 7
449 603 9
447 475 5
576 145 0
451 419 6
26 435 8
52 355 2
34 382 7
310 568 1
345 597 7
480 499 4
322 444 2
349 411 6
164 10 1
147 360 4
85 479 3
353 40 4
317 64 6
500 472 9
25 100 8
348 423 6
210 375 2
297 575 4
457 514 1
589 67 1
419 482 2
245 52 1
498 308 0
542 18 4
614 456 0
135 535 8
239 251 9
90 356 4
535 280 2
632 440 7
108 110 4
28 577 0
175 506 7
213 99 7
341 179 6
493 177 5
271 427 9
234 487 3
219 604 7
151 375 4
104 359 1
536 109 5
177 105 5
544 2 1
578 104 7
230 229 3
136 173 0
412 345 4
605 558 8
46 208 1
415 463 6
589 513 7
290 454 3
3 254 9
538 244 8
355 81 9
136 442 8
269 167 9
527 91 6
343 131 8
59 620 6
268 451 1
504 48 6
171 546 2
61 42 7
105 180 4
446 611 7
322 355 0
133 45 8
216 415 3
24 357 2
277 218 8
384 483 1
133 526 9
399 354 5
318 4 2
609 332 8
126 64 4
278 496 8
274 309 0
125 80 0
15 394 5
623 321 4
227 255 7
147 467 7
581 341 1
426 176 3
502 565 0
628 111 9
304 431 4
355 290 3
267 133 7
72 140 4
206 349 8
69 512 4
106 108 5
77 575 1
49 436 6
52 134 0
353 608 7
166 44 8
538 95 9
411 366 3
104 69 8
135 501 6
449 149 1
399 74 3
484 580 4
261 499 3
595 311 6
523 345 1
489 615 1
256 71 3
381 26 1
377 621 8
325 116 7
117 553 9
562 404 9
99 30 8
35 7 2
3 263 1
236 125 7
45 273 7
125 627 5
179 430 4
446 622 7
20 443 3
206 603 7
1 47 1
306 330 8
603 563 7
613 511 4
465 338 1
144 177 8
311 388 9
292 469 2
9 230 6
309 543 4
140 406 4
317 184 7
145 63 2
178 601 5
524 507 4
5 308 3
567 275 7
496 58 4
25 243 5
285 502 7
189 324 4
173 23 1
264 275 4
404 109 5
194 101 8
581 45 7
426 289 0
21 239 7
7 5 4
19 509 3
339 377 3
266 607 7
428 218 0
327 294 2
86 75 1
429 80 0
484 98 5
579 235 0
365 286 5
399 64 5
455 30 0
60 198 8
336 457 1
1 439 1
512 552 3
316 495 2
531 250 7
223 216 3
403 469 7
586 192 6
388 262 2
239 245 0
465 221 9
405 110 1
347 437 6
110 339 3
32 153 0
247 420 0
592 505 2
389 507 9
126 184 7
535 208 7
323 218 3
250 124 3
294 243 9
462 257 6
287 332 0
121 89 4
183 300 6
234 424 6
517 536 8
399 311 8
286 199 1
570 500 1
316 74 5
498 454 0
598 121 1
136 632 1
352 575 0
597 512 6
503 336 1
457 617 5
349 496 3
479 570 8
252 413 3
155 178 6
17 497 1
185 282 2
578 426 8
128 431 8
300 263 1
33 203 7
625 156 6
61 51 3
462 415 4
571 519 7
265 4 9
45 369 7
584 582 8
52 501 3
25 187 2
461 357 3
513 43 2
178 121 9
141 121 7
249 324 5
71 539 4
266 370 0
130 454 4
305 483 6
618 159 3
328 531 5
332 492 2
272 321 8
515 296 4
542 330 3
165 573 9
449 94 1
104 310 5
472 319 1
528 621 6
447 16 9
343 337 7
111 67 3
389 201 5
494 286 7
295 97 7
276 586 9
127 540 8
107 321 3
392 356 7
503 585 8
629 66 9
194 211 9
547 191 2
155 163 4
495 585 4
47 505 0
24 418 1
137 191 0
200 567 2
262 234 4
372 197 1
4 560 2
336 575 0
485 466 4
462 77 1
414 151 6
310 140 3
361 588 2
153 596 4
265 625 3
108 474 3
226 240 4
585 392 2
81 573 7
372 496 7
574 356 3
172 210 2
113 466 5
632 496 8
522 251 2
210 191 9
534 413 6
491 546 8
190 22 9
615 156 0
625 134 9
5 53 2
164 59 5
151 430 3
272 601 6
136 130 6
201 257 9
123 394 3
120 364 9
432 168 3
130 372 7
433 415 8
87 174 8
554 65 8
455 227 0
536 584 7
448 130 0
222 337 1
254 562 0
464 421 8
347 18 6
598 603 7
63 28 2
354 137 5
79 566 7
330 98 2
496 618 5
