1359 310
384 690
285 506
568 1024
406 733
128 222
723 1305
512 920
421 755
363 648
75 127
313 555
754 1358
379 678
540 974
21 41
395 715
714 1290
220 387
621 1125
244 425
348 615
666 1199
80 137
363 647
441 796
83 144
624 1128
644 1161
751 1350
339 599
540 975
180 313
116 204
658 1187
752 1352
66 111
712 1287
680 1227
561 1009
2 3
267 471
625 1130
136 235
190 332
579 1042
548 989
194 341
73 122
315 558
162 286
370 662
677 1222
702 1264
390 705
521 937
405 731
157 274
113 199
606 1100
273 484
416 746
380 681
700 1259
710 1281
694 1252
201 354
81 140
182 317
175 303
665 1198
12 23
708 1275
66 110
403 727
131 224
199 349
271 479
168 292
431 778
13 25
495 889
190 334
206 361
107 186
637 1150
633 1144
424 759
320 568
339 597
403 728
296 526
553 997
426 766
691 1248
301 534
339 598
289 513
356 633
360 641
295 524
410 739
690 1246
154 272
3 7
158 279
590 1063
387 696
347 614
181 315
208 367
688 1241
320 567
321 569
134 231
649 1169
85 148
300 532
428 770
443 799
389 702
231 408
464 835
523 942
365 653
322 570
91 160
491 884
39 67
661 1195
214 376
608 1105
42 73
16 32
13 27
573 1036
429 772
355 631
591 1065
259 453
480 866
454 819
430 775
654 1175
680 1226
370 663
742 1337
530 957
292 520
191 337
172 300
468 843
51 88
440 795
358 637
592 1068
569 1027
592 1067
291 518
498 895
153 270
269 474
524 943
311 550
394 712
419 751
19 37
485 871
723 1304
143 251
271 480
314 557
542 981
713 1289
726 1309
349 619
229 402
597 1078
108 187
466 837
170 296
434 784
18 34
522 938
88 152
191 336
10 18
73 123
62 107
686 1237
361 643
271 478
251 439
351 625
348 617
346 610
689 1244
115 202
397 718
608 1104
126 220
240 422
423 758
703 1265
316 561
562 1011
367 655
386 694
513 922
605 1097
640 1156
183 320
380 683
330 582
483 869
157 276
498 896
672 1210
522 939
732 1319
89 156
159 280
14 28
238 419
181 314
541 977
439 792
346 609
14 29
192 340
187 326
717 1295
87 151
582 1046
474 852
593 1070
124 217
427 768
479 863
714 1291
458 826
546 986
130 223
743 1339
601 1088
192 339
556 1005
224 395
198 347
93 162
628 1137
458 825
221 389
573 1035
750 1346
342 604
484 870
590 1061
509 912
471 849
436 787
555 1002
117 207
708 1277
65 109
153 269
315 559
176 307
235 414
657 1184
732 1320
183 319
584 1051
53 91
662 1196
296 525
707 1272
592 1066
306 543
24 44
205 358
508 909
642 1158
461 830
511 917
26 49
328 580
69 117
282 499
203 356
629 1138
318 565
438 789
677 1223
322 572
276 491
525 946
702 1263
556 1003
376 673
258 451
310 549
46 82
26 48
704 1268
16 31
638 1153
346 611
247 433
201 355
307 544
673 1212
332 588
717 1297
610 1109
252 440
491 883
300 533
525 947
688 1239
87 150
655 1177
715 1293
200 351
217 380
9 16
231 407
253 441
5 10
233 411
290 516
514 923
721 1302
162 285
690 1245
92 161
147 258
105 182
485 873
595 1075
344 606
97 167
70 118
602 1093
113 200
396 716
82 142
631 1141
5 12
145 252
571 1031
285 505
574 1037
6 13
425 761
347 612
139 244
577 1039
143 250
533 963
37 65
729 1312
40 68
540 973
379 680
427 767
628 1136
303 539
426 764
369 659
276 490
729 1313
158 277
116 205
545 985
377 675
551 993
68 115
292 519
323 573
282 500
429 773
422 756
43 77
56 96
45 80
586 1053
161 284
376 672
349 618
100 174
567 1021
677 1221
139 242
449 810
22 42
169 293
396 717
95 165
358 638
66 112
597 1080
437 788
179 311
342 605
616 1116
492 885
187 325
138 241
733 1322
270 477
380 682
179 310
257 449
432 780
726 1310
601 1090
254 444
47 84
293 521
266 467
392 708
132 227
54 94
459 827
479 864
359 639
238 420
196 344
35 59
563 1012
350 621
77 132
344 607
564 1015
589 1060
420 753
478 861
79 134
638 1152
284 502
383 686
253 442
705 1271
469 844
621 1124
683 1232
711 1284
219 383
488 876
712 1285
645 1163
59 99
502 901
5 11
468 842
277 494
435 785
486 875
600 1085
98 171
619 1121
137 237
474 854
583 1048
509 913
588 1057
494 888
431 777
245 426
274 487
672 1208
175 304
742 1336
473 851
146 255
112 196
123 215
524 945
471 848
638 1151
682 1229
20 39
94 163
309 547
201 353
270 476
261 454
477 859
529 955
520 933
731 1316
593 1071
587 1055
562 1010
486 874
415 743
571 1030
451 813
362 646
7 14
225 397
696 1254
291 517
599 1083
587 1056
152 267
646 1166
101 175
579 1041
84 146
490 881
707 1273
384 689
112 195
689 1242
171 297
467 840
723 1303
345 608
272 482
12 24
625 1129
381 684
394 711
160 281
604 1094
432 779
277 493
404 729
250 436
604 1096
132 226
704 1267
374 666
721 1301
375 669
387 695
307 546
506 907
58 98
48 86
694 1253
564 1017
595 1076
750 1348
407 735
81 139
568 1025
278 495
518 928
725 1308
741 1334
218 381
685 1235
234 413
736 1326
288 510
604 1095
660 1192
280 498
316 560
514 925
369 660
189 329
661 1194
11 21
60 101
692 1249
206 362
150 265
667 1201
481 867
246 431
744 1340
122 214
713 1288
676 1219
712 1286
148 260
46 81
331 587
75 126
368 658
232 409
167 291
226 399
528 951
56 95
451 814
657 1183
611 1110
420 754
425 762
154 271
429 771
395 714
559 1008
594 1074
471 850
452 816
519 930
497 893
707 1274
751 1349
358 636
610 1108
568 1023
497 894
673 1213
534 966
671 1207
184 323
639 1154
274 486
115 203
178 309
632 1143
33 57
504 902
328 579
521 935
720 1300
489 880
493 886
578 1040
423 757
364 649
191 335
672 1209
317 562
184 322
272 483
258 450
67 113
148 262
230 406
350 622
550 992
99 173
31 55
104 181
519 931
220 386
675 1217
619 1120
401 724
453 818
41 70
323 574
673 1211
602 1092
632 1142
738 1331
520 932
98 169
272 481
602 1091
746 1342
534 965
376 671
45 78
140 246
98 170
302 535
212 373
389 701
117 206
165 289
419 749
409 738
364 650
699 1255
447 802
749 1345
591 1064
531 959
420 752
61 105
457 824
570 1029
470 845
294 522
528 953
552 994
674 1214
533 962
447 804
332 590
375 668
441 797
18 35
189 330
633 1145
111 194
417 748
581 1044
84 147
545 984
685 1236
207 364
636 1148
752 1351
246 430
330 584
103 178
195 342
612 1112
547 987
139 243
357 635
594 1073
691 1247
374 665
748 1343
310 548
362 645
261 455
394 710
517 926
89 157
356 632
115 201
701 1262
317 563
266 468
569 1028
652 1174
753 1356
88 153
175 305
635 1147
676 1220
509 911
89 155
554 1000
117 208
605 1098
734 1324
189 331
456 821
743 1338
249 435
558 1007
264 463
600 1087
340 601
46 83
135 233
284 503
143 249
606 1101
75 128
736 1328
600 1086
728 1311
135 232
288 512
263 461
571 1032
150 263
413 740
216 379
605 1099
565 1019
71 120
99 172
12 22
508 910
267 470
474 853
415 745
299 530
448 806
190 333
48 85
521 936
303 537
670 1205
467 841
61 106
669 1204
254 445
274 488
307 545
753 1354
341 603
54 92
246 429
29 53
731 1315
373 664
225 398
60 103
497 892
137 238
162 287
530 956
567 1022
409 736
470 846
542 979
711 1282
341 602
659 1188
276 492
150 264
607 1102
620 1122
43 76
95 166
737 1329
616 1118
79 135
199 348
537 971
511 918
724 1306
735 1325
433 781
286 509
110 192
42 74
656 1181
626 1131
263 460
392 707
651 1173
318 564
36 63
364 651
18 36
586 1054
536 968
375 670
354 627
406 734
716 1294
598 1081
553 998
305 542
575 1038
732 1318
247 432
334 592
541 978
615 1115
405 732
258 452
59 100
240 423
494 887
33 56
314 556
556 1004
704 1266
41 71
41 72
192 338
656 1180
609 1107
280 497
699 1257
741 1333
305 541
543 983
10 17
134 230
4 8
609 1106
285 504
395 713
142 248
542 980
565 1020
752 1353
531 958
262 457
222 392
140 245
655 1178
461 829
651 1172
614 1114
207 363
379 679
169 295
393 709
708 1276
62 108
645 1165
505 904
171 298
584 1050
119 210
463 832
424 760
254 443
213 374
169 294
449 808
288 511
506 908
414 741
511 916
304 540
464 833
643 1159
405 730
11 20
76 129
679 1225
563 1013
19 38
151 266
213 375
426 765
739 1332
554 999
54 93
504 903
267 469
634 1146
211 371
753 1355
518 929
510 915
701 1261
446 801
103 177
501 898
15 30
465 836
724 1307
111 193
754 1357
419 750
200 352
360 640
684 1233
447 803
409 737
355 629
76 130
182 318
572 1034
705 1270
736 1327
520 934
621 1126
239 421
212 372
322 571
208 366
709 1279
531 960
91 159
198 346
425 763
357 634
210 370
26 47
505 905
236 417
126 221
178 308
667 1202
434 782
436 786
138 240
30 54
527 950
699 1256
105 184
351 623
329 581
681 1228
523 940
398 719
733 1323
718 1298
657 1182
180 312
105 183
148 261
68 116
11 19
229 403
460 828
203 357
744 1341
649 1170
428 769
27 51
360 642
145 253
326 578
589 1059
389 700
694 1251
390 704
48 87
125 219
120 213
737 1330
226 400
554 1001
709 1278
136 234
35 61
313 553
283 501
219 385
466 838
383 687
569 1026
658 1186
434 783
451 815
517 927
136 236
132 225
478 862
448 807
104 180
1 2
490 882
16 33
368 657
644 1162
124 218
349 620
124 216
354 628
248 434
674 1215
269 472
318 566
108 188
639 1155
216 378
415 744
687 1238
710 1280
161 282
495 890
219 384
392 706
172 301
388 699
97 168
257 447
742 1335
439 791
133 228
336 594
86 149
138 239
226 401
416 747
78 133
586 1052
220 388
535 967
499 897
717 1296
660 1191
265 465
598 1082
40 69
297 529
90 158
593 1069
279 496
730 1314
719 1299
84 145
438 790
330 583
455 820
659 1190
563 1014
645 1164
352 626
467 839
552 995
477 858
597 1079
166 290
483 868
449 809
297 527
620 1123
146 256
385 693
2 4
155 273
754 1359
705 1269
297 528
265 466
362 644
60 102
664 1197
257 448
649 1168
94 164
3 6
235 415
564 1016
270 475
8 15
218 382
382 685
251 438
20 40
400 721
29 52
79 136
536 969
477 860
594 1072
72 121
488 877
185 324
355 630
550 991
656 1179
229 404
337 596
748 1344
572 1033
264 462
629 1139
475 856
647 1167
70 119
324 576
626 1133
348 616
107 185
448 805
34 58
659 1189
334 591
596 1077
401 725
651 1171
523 941
457 822
630 1140
475 855
67 114
188 328
347 613
366 654
209 368
525 948
452 817
627 1134
109 190
440 794
660 1193
230 405
146 257
324 575
502 899
512 919
401 726
236 416
223 394
450 812
526 949
489 879
82 141
36 64
584 1049
613 1113
622 1127
607 1103
207 365
457 823
667 1200
245 427
524 944
332 589
57 97
289 515
637 1149
289 514
233 410
514 924
750 1347
262 456
215 377
668 1203
196 345
325 577
462 831
479 865
541 976
464 834
431 776
158 278
670 1206
641 1157
616 1117
711 1283
532 961
538 972
77 131
104 179
275 489
205 359
311 551
35 60
565 1018
300 531
365 652
529 954
24 43
262 458
533 964
590 1062
369 661
182 316
400 723
145 254
24 45
685 1234
52 89
73 124
683 1230
88 154
176 306
187 327
74 125
367 656
599 1084
496 891
683 1231
81 138
36 62
374 667
42 75
209 369
206 360
658 1185
628 1135
313 554
543 982
470 847
700 1260
528 952
611 1111
674 1216
351 624
385 691
399 720
588 1058
331 586
112 197
689 1243
233 412
53 90
163 288
174 302
61 104
450 811
273 485
581 1045
618 1119
200 350
582 1047
537 970
443 798
390 703
263 459
335 593
693 1250
237 418
439 793
256 446
506 906
331 585
265 464
109 191
251 437
731 1317
337 595
678 1224
2 5
312 552
430 774
488 878
475 857
601 1089
688 1240
295 523
626 1132
414 742
37 66
82 143
510 914
548 988
733 1321
242 424
714 1292
377 676
222 393
700 1258
27 50
245 428
118 209
4 9
286 507
378 677
134 229
183 321
102 176
303 538
581 1043
119 211
557 1006
485 872
644 1160
13 26
269 473
171 299
113 198
153 268
400 722
384 688
676 1218
224 396
385 692
25 46
388 697
553 996
108 189
286 508
444 800
221 390
195 343
377 674
550 990
147 259
502 900
141 247
119 212
157 275
161 283
513 921
388 698
302 536
45 79
221 391
655 1176
340 600
689 1094 0
662 268 1
1202 1057 21
208 416 2
1094 369 20
879 744 22
602 347 4
684 477 20
693 20 18
224 591 6
990 133 0
1079 569 10
1100 1013 6
1338 1090 9
1163 1204 2
364 1325 6
134 982 8
192 861 12
919 566 0
3 1128 12
812 1226 0
813 1211 0
329 194 21
1349 146 4
629 236 5
895 711 10
179 661 6
826 801 6
1308 122 19
105 33 14
816 1013 10
1273 1295 7
29 136 13
414 567 11
205 1067 3
653 864 2
304 532 21
772 823 14
513 71 9
242 926 12
363 370 9
233 503 22
174 255 7
793 721 18
572 1207 17
342 948 17
577 776 15
1059 1056 17
797 792 1
1235 833 20
1164 17 15
763 647 3
643 839 4
1249 1114 9
919 626 17
745 1000 5
341 385 12
622 639 14
895 1174 15
665 482 2
771 417 11
804 144 22
974 1125 8
128 967 8
48 907 11
1191 164 20
406 103 17
726 1132 2
1029 233 2
805 570 4
394 1024 10
1205 527 16
733 1151 7
910 1014 3
156 701 9
210 70 5
773 1103 2
1329 1226 8
1232 193 0
773 611 19
638 607 11
757 1348 19
671 546 11
758 172 6
1336 1025 16
1328 1174 9
1282 646 17
617 1040 6
831 518 18
553 66 3
1149 522 2
372 236 9
1306 1322 16
138 64 3
468 781 9
680 1157 21
660 935 6
499 127 0
1287 444 12
504 1126 6
934 158 21
366 1166 15
1056 389 20
1009 536 21
28 604 19
762 1009 10
216 64 7
121 551 6
548 320 15
1286 1347 14
174 1141 22
931 1002 14
811 202 10
636 1314 14
290 308 16
709 906 18
103 1274 12
374 367 14
900 1046 21
418 1166 18
1196 461 18
695 777 7
762 1194 8
851 547 13
307 223 4
81 1006 16
1097 1065 8
605 1276 4
1130 584 11
1101 79 11
6 315 18
466 425 15
663 990 5
659 629 1
1130 1197 2
719 101 14
1260 89 20
998 1035 13
59 624 14
534 170 4
1223 624 9
436 501 9
624 183 1
732 1159 18
1187 234 20
1330 1278 8
1102 1325 8
1015 369 1
284 568 21
688 1153 4
337 476 5
601 1216 17
557 822 16
1083 855 22
578 1195 0
1341 347 21
767 610 3
1320 883 4
829 1321 8
16 923 20
566 795 6
436 424 22
1037 1151 0
1196 1298 5
1143 305 5
432 7 21
845 460 20
1337 837 14
1264 1184 17
172 737 14
802 1172 17
347 204 2
736 833 4
1063 604 9
896 669 5
903 1233 20
315 572 18
1027 957 0
256 434 19
617 592 7
450 744 10
821 1224 9
267 819 14
577 1039 5
1074 1344 19
874 1269 13
1279 1109 5
213 752 3
520 636 15
541 1100 18
227 476 13
1208 619 9
1223 733 11
963 1228 8
185 249 13
1237 1243 17
312 1 11
834 1313 13
709 861 13
1178 203 22
433 660 5
1112 887 2
866 336 16
900 405 3
719 1251 13
566 1058 15
199 934 17
684 1075 6
1256 174 12
755 379 18
1108 500 13
437 317 15
788 139 16
423 644 2
28 218 15
472 913 4
558 1055 4
1145 634 2
902 585 14
1010 417 4
556 1202 18
1036 881 1
743 1097 4
1136 79 7
412 952 21
1202 506 11
607 887 8
169 1157 16
752 161 17
1262 718 22
768 641 20
1181 1122 18
724 926 15
1117 733 1
274 1287 8
952 1261 9
26 617 11
694 974 21
970 1302 6
906 442 3
39 586 6
73 770 16
523 1184 16
266 374 0
881 1141 7
1094 1274 22
1304 18 8
1141 109 3
1007 483 11
42 117 21
1000 501 9
225 760 11
647 87 12
336 63 18
153 207 18
308 517 10
1094 1175 17
938 344 14
881 1126 9
839 425 9
412 535 1
335 653 4
1150 693 2
219 699 10
139 584 22
749 1038 12
592 96 18
108 1190 6
975 480 2
263 621 5
409 979 15
281 894 4
990 636 14
1059 697 11
645 616 10
1313 1000 11
523 1044 2
336 939 13
1107 436 21
770 165 22
988 411 3
1134 1041 5
1329 130 13
825 1304 10
406 649 16
664 1260 6
210 916 12
553 935 18
856 746 19
274 758 10
484 867 15
1062 1198 12
793 134 5
1235 1033 14
231 497 18
439 832 4
1148 192 19
1057 750 1
1203 752 12
1330 307 1
61 1000 0
1058 610 12
1089 546 8
132 1199 13
783 809 0
701 251 14
1206 999 15
443 218 1
1060 1115 5
861 353 20
