348 1085
71 130
69 124
164 280
52 93
156 268
52 95
148 253
163 278
200 338
24 42
105 186
49 90
200 339
92 166
69 125
114 201
78 139
97 174
178 307
157 270
68 123
181 312
18 31
185 319
67 121
97 175
170 290
60 107
118 208
29 47
168 288
194 332
191 326
63 115
76 137
184 317
88 161
57 104
81 147
195 334
16 26
78 141
6 14
162 277
40 72
96 171
165 283
121 214
178 306
35 58
137 236
99 180
118 209
171 292
106 189
58 105
203 345
85 153
48 88
52 94
139 237
116 205
161 276
2 6
53 97
80 145
163 279
53 96
188 322
89 162
95 168
3 8
117 207
106 190
180 311
75 136
119 211
108 192
204 348
177 303
65 118
194 333
27 45
48 87
151 260
79 143
119 210
120 213
203 344
31 52
66 120
100 181
67 122
142 243
5 13
20 35
157 269
39 68
190 323
73 133
175 300
166 285
49 91
151 259
126 221
3 7
46 84
85 154
65 117
56 103
190 325
28 46
72 131
12 22
17 28
42 77
93 167
154 263
124 218
135 233
7 15
134 232
63 113
32 55
121 215
41 75
47 86
185 318
62 112
135 234
136 235
19 34
40 73
143 246
55 100
17 29
125 219
86 158
177 302
133 231
149 255
106 188
22 39
32 56
130 228
116 206
4 10
172 294
198 337
195 335
37 62
19 33
12 24
148 254
55 101
100 182
38 66
73 132
23 40
40 71
160 274
22 38
48 89
172 293
174 298
164 281
81 146
133 230
179 309
77 138
66 119
38 65
39 69
190 324
38 67
99 179
193 329
15 25
126 222
183 316
39 70
74 134
79 144
182 314
61 108
182 315
85 155
2 4
105 185
151 258
11 20
97 176
149 256
169 289
62 110
30 51
116 204
111 197
35 59
121 216
192 328
78 140
90 164
74 135
154 262
64 116
69 126
79 142
140 238
123 217
174 299
31 54
132 229
119 212
18 30
102 183
193 330
30 50
202 343
96 172
84 151
173 297
142 242
160 275
46 83
26 44
96 173
115 203
200 340
158 271
63 114
203 346
130 227
195 336
186 320
105 187
87 159
84 152
202 342
10 19
129 225
166 286
152 261
37 63
141 240
54 99
187 321
83 150
70 128
37 64
88 160
8 17
126 220
180 310
24 41
21 36
142 244
115 202
5 12
19 32
31 53
1 3
71 129
201 341
144 247
176 301
178 305
112 198
98 177
146 251
109 195
35 60
1 2
95 170
36 61
173 296
50 92
140 239
45 80
4 11
41 74
45 81
127 224
114 200
159 272
173 295
55 102
30 49
145 249
108 193
143 245
145 248
129 226
91 165
45 79
82 148
70 127
7 16
9 18
145 250
154 264
47 85
61 109
21 37
46 82
12 23
43 78
90 163
59 106
62 111
111 196
25 43
156 267
112 199
3 9
148 252
179 308
86 157
141 241
82 149
167 287
33 57
160 273
98 178
166 284
86 156
103 184
16 27
192 327
164 282
2 5
155 266
11 21
41 76
194 331
127 223
53 98
177 304
109 194
107 191
95 169
29 48
155 265
204 347
171 291
149 257
182 313
49 74 1
328 252 11
305 330 12
123 70 9
122 145 5
208 109 5
25 152 18
33 177 17
348 256 18
255 323 0
147 276 2
242 297 14
286 73 4
347 136 9
206 214 9
69 311 15
332 198 19
13 61 1
295 49 2
340 289 7
5 61 5
183 197 13
255 184 19
276 279 0
29 241 17
68 191 16
7 323 12
146 9 4
22 227 7
154 185 0
326 280 15
109 44 1
95 262 5
34 195 8
176 215 15
160 15 3
60 253 10
215 209 18
272 342 8
242 314 19
45 303 7
194 165 9
333 49 12
232 290 0
157 39 16
162 183 12
55 258 4
240 24 13
25 65 7
182 198 13
337 51 5
90 58 2
333 188 9
271 318 16
44 300 2
337 148 4
236 348 14
38 281 2
156 117 16
53 215 19
257 242 19
28 324 9
103 12 10
88 182 8
4 280 15
126 124 0
219 239 10
303 235 13
213 153 13
136 70 19
74 64 3
345 90 3
211 154 15
159 238 18
71 158 5
9 189 17
145 223 19
164 155 10
49 151 10
190 250 18
78 110 2
181 146 10
39 33 15
196 103 18
19 254 11
49 264 8
247 315 14
133 171 18
174 79 13
328 314 14
72 339 4
331 62 0
211 256 18
140 244 10
86 4 9
267 290 11
50 127 12
117 101 15
327 64 13
169 221 2
218 261 18
167 301 1
199 13 0
119 120 6
185 254 4
255 176 7
319 276 12
308 223 0
186 291 17
193 101 1
112 168 7
173 308 15
4 100 7
122 189 15
345 332 6
139 268 14
173 134 5
53 170 14
93 116 4
248 184 2
106 162 14
54 208 13
348 97 8
249 83 17
68 285 3
127 175 15
81 197 0
300 278 6
266 334 4
248 311 12
30 272 3
323 310 1
307 272 14
68 92 12
208 43 16
139 113 0
206 190 8
98 339 4
5 175 8
167 255 18
31 47 4
249 91 10
113 256 9
283 258 5
191 307 16
104 134 12
92 7 5
292 144 1
288 16 2
310 321 19
113 93 19
26 129 0
296 58 0
42 268 11
301 300 7
3 160 2
130 279 4
8 130 15
93 319 1
216 106 14
42 340 4
12 32 5
198 79 11
87 209 0
181 313 12
160 148 4
137 161 19
167 41 1
56 313 11
223 68 11
74 171 17
322 213 13
57 24 2
323 51 3
45 75 18
38 14 10
55 74 17
292 232 4
314 116 11
141 165 0
126 104 11
311 339 14
247 108 18
214 164 5
140 266 4
151 332 18
306 129 16
46 153 3
122 204 0
332 325 0
4 222 9
271 329 12
250 261 18
321 269 13
202 14 15
188 195 12
43 212 15
32 269 15
188 10 16
177 174 1
134 194 8
338 140 5
6 32 2
287 143 12
186 83 1
322 240 19
296 53 6
161 82 9
138 127 18
326 236 14
15 9 8
1 291 8
19 341 8
66 95 15
10 256 9
127 291 9
195 257 2
245 149 14
77 169 1
63 162 15
172 77 2
262 177 0
102 246 17
320 70 14
117 18 5
192 317 10
90 167 17
119 326 7
127 277 16
212 160 4
62 276 8
323 125 19
28 23 10
116 201 0
342 255 3
8 146 4
111 55 14
202 336 13
8 215 15
163 212 6
123 247 15
2 129 6
117 328 8
97 234 12
328 221 16
123 30 15
287 222 6
53 166 4
180 4 5
5 26 2
104 99 12
275 310 16
80 209 10
156 66 4
161 95 2
168 171 4
234 57 4
202 179 13
158 152 5
323 80 10
89 338 7
244 157 12
236 102 1
161 107 19
282 36 11
198 286 14
256 9 10
30 310 0
126 308 2
246 136 17
234 154 0
133 9 13
319 118 9
49 326 14
208 239 0
176 163 11
119 252 11
21 66 12
151 329 0
203 142 2
145 200 15
81 302 8
200 183 19
266 112 14
208 257 17
59 329 17
15 23 13
169 309 15
88 37 2
178 348 17
274 323 8
93 147 4
77 218 3
199 31 16
141 216 3
270 210 17
256 52 3
172 44 1
80 205 11
341 27 19
162 99 19
170 67 17
231 203 3
328 16 8
129 47 19
342 119 4
191 184 19
220 333 4
343 289 15
82 61 11
125 305 10
296 324 2
33 82 17
65 284 1
277 141 13
192 125 17
275 329 0
276 209 1
198 6 19
13 165 16
253 3 8
271 339 13
144 294 12
111 23 12
258 80 17
129 317 13
55 3 15
321 280 2
193 341 16
194 191 18
132 57 16
31 51 19
234 315 15
2 109 9
324 5 3
221 79 15
7 245 14
96 46 8
317 201 15
222 341 16
297 88 14
123 160 11
340 180 8
51 18 19
91 320 12
225 112 0
268 240 7
127 192 9
186 115 13
23 246 5
230 69 6
41 185 19
140 202 11
140 277 2
292 340 5
207 147 0
79 53 14
341 198 13
141 86 11
320 298 17
345 69 2
303 33 15
223 8 10
165 53 4
299 59 3
147 119 0
273 252 7
334 176 0
324 244 0
26 182 5
177 322 1
302 5 4
256 116 12
274 320 19
186 218 10
280 154 16
179 94 9
303 9 12
124 142 14
283 235 18
291 117 16
316 197 19
91 30 9
275 202 8
156 105 2
36 204 17
134 116 7
167 94 14
166 318 5
29 22 9
26 278 19
299 122 10
68 28 15
294 347 10
87 339 11
290 328 11
71 127 11
336 10 10
339 80 0
34 106 7
343 225 2
314 172 2
336 226 18
173 64 10
131 146 8
222 70 12
240 145 7
90 85 17
92 68 0
222 68 6
154 195 9
338 114 13
24 27 3
112 193 1
214 38 14
201 114 14
151 249 1
287 54 2
224 338 6
127 18 19
81 13 7
142 208 11
166 231 15
262 310 3
216 189 17
190 84 18
332 75 13
20 124 2
293 252 3
178 314 7
73 13 2
290 174 16
139 146 5
310 142 12
219 102 16
324 173 4
327 274 4
318 6 5
199 28 15
88 344 8
140 21 3
338 46 8
198 128 13
137 106 1
31 129 2
106 318 15
159 76 15
290 251 14
20 145 0
43 129 18
277 74 15
332 104 4
196 193 17
290 165 5
58 83 10
147 306 1
130 86 8
206 176 14
77 17 7
183 129 7
290 346 6
12 125 3
181 345 16
47 275 18
65 300 15
111 64 13
281 150 17
175 311 8
50 7 9
77 266 2
256 16 5
81 134 10
229 50 8
290 344 6
152 122 3
127 153 16
160 77 13
278 348 12
57 138 11
291 111 19
280 49 1
115 343 2
133 182 2
199 111 2
236 240 13
33 167 0
274 52 12
338 178 13
99 125 17
330 2 19
183 61 15
205 198 9
33 40 12
138 316 9
125 266 15
56 239 5
275 118 15
330 60 13
72 154 13
159 214 16
313 18 4
262 13 11
12 152 11
254 276 15
11 147 13
284 68 0
277 191 19
36 16 5
146 14 0
99 309 0
152 284 14
169 64 9
337 259 8
200 71 13
259 206 17
326 72 14
247 348 10
215 339 19
306 85 8
78 140 1
296 93 17
13 108 16
47 156 8
7 67 8
6 343 17
33 136 15
214 102 6
159 346 15
233 163 18
212 19 4
28 147 14
83 57 5
336 16 12
211 234 7
343 318 5
85 336 10
217 63 0
48 310 12
288 324 5
87 328 6
156 94 5
176 83 7
297 80 3
125 213 10
11 295 7
246 135 7
301 290 11
252 248 17
246 256 14
70 286 11
155 11 3
307 280 18
32 10 3
246 27 6
27 153 11
40 23 7
330 325 12
135 222 17
34 46 1
280 269 13
195 325 14
269 83 10
234 274 14
279 132 5
123 84 15
180 80 3
53 225 18
346 150 8
289 184 9
46 339 17
104 169 19
13 172 19
53 68 15
230 19 9
170 25 2
51 9 2
279 276 10
148 251 8
325 286 5
290 242 10
73 237 6
115 78 2
103 42 18
89 290 7
162 297 4
244 99 12
249 205 14
26 212 2
64 285 19
59 156 19
54 65 9
59 273 18
204 222 3
7 17 4
192 287 5
58 51 15
6 181 17
298 254 19
158 278 1
55 298 15
55 270 10
223 200 4
159 302 3
103 181 10
270 182 3
48 207 17
143 299 17
169 16 13
248 46 15
78 20 2
175 43 3
232 97 4
34 1 2
258 18 7
318 152 10
97 290 0
54 173 5
272 9 0
53 206 2
215 148 8
333 131 18
76 121 14
292 174 12
296 33 8
244 51 14
199 124 1
133 12 11
28 261 9
188 189 19
221 284 17
117 304 9
276 118 12
149 103 17
67 10 6
14 5 16
145 313 2
66 79 16
28 293 8
185 257 14
256 175 2
81 244 16
343 286 13
7 70 10
205 138 18
36 175 19
143 265 11
340 201 0
250 295 18
135 129 10
191 21 4
49 157 9
59 151 1
337 39 4
203 164 9
159 166 14
17 313 8
58 250 9
313 314 15
249 86 13
254 230 7
49 98 19
248 72 0
132 220 1
340 76 10
20 94 6
199 90 13
204 109 14
271 96 17
287 299 2
87 11 12
295 57 0
323 275 1
144 137 13
166 348 15
35 232 13
65 34 16
211 293 10
336 232 8
54 257 14
11 137 2
167 282 9
25 285 7
83 114 6
308 320 1
255 195 0
240 310 4
97 348 14
94 184 15
137 83 3
150 96 7
174 209 9
73 268 3
342 301 15
198 128 17
160 6 12
295 19 3
185 109 12
24 259 15
282 255 18
337 347 14
310 209 8
332 184 12
2 316 16
50 20 4
118 185 7
287 277 0
214 72 2
161 135 8
133 115 17
58 168 15
104 12 1
265 45 7
118 46 13
202 57 1
187 206 15
292 97 17
334 21 14
156 133 15
90 73 9
174 205 5
6 289 13
62 198 17
85 304 16
163 232 7
141 248 11
156 141 18
230 124 14
18 268 7
126 152 10
3 233 11
202 35 17
48 96 17
83 5 9
184 142 10
142 21 11
150 190 1
69 28 19
336 211 15
330 304 15
6 130 17
102 329 12
125 232 9
75 264 14
36 340 10
190 118 9
271 222 11
118 128 17
337 140 16
12 121 12
20 17 18
72 258 0
56 88 11
303 282 12
304 192 18
297 1 2
40 34 10
151 142 10
220 219 13
55 213 7
109 294 14
16 332 13
144 225 12
97 231 12
49 323 17
96 217 12
302 42 16
279 140 10
289 174 18
318 250 9
286 200 17
121 264 11
72 63 10
5 4 0
265 103 19
140 123 5
125 55 7
248 25 15
206 37 10
45 52 15
212 142 13
269 23 2
191 200 6
344 169 2
116 300 8
171 81 7
94 225 6
107 218 14
33 94 0
56 312 2
201 212 4
181 308 13
83 144 11
242 122 13
62 261 0
55 49 4
5 174 3
187 149 3
286 120 12
69 270 3
279 167 8
149 286 5
145 254 0
38 172 1
40 347 18
71 341 16
254 152 9
293 236 2
290 188 0
72 268 14
261 304 7
159 343 15
312 83 8
20 26 16
347 63 10
107 263 13
304 58 8
97 340 8
221 345 10
345 127 17
322 278 8
224 319 0
236 324 6
119 164 14
112 95 4
76 138 7
258 338 6
84 276 7
76 156 9
54 308 18
145 31 0
337 258 2
305 81 15
159 85 6
10 191 14
115 264 7
341 101 1
312 147 3
56 165 1
245 330 7
43 187 11
277 158 13
144 50 16
213 113 16
261 242 9
174 143 0
266 203 17
269 220 15
259 183 19
229 191 3
13 164 7
266 331 11
16 261 13
70 316 9
323 246 4
310 35 12
126 28 5
5 187 8
98 212 0
135 58 6
337 67 4
347 225 15
102 255 16
130 329 11
245 336 10
112 39 13
273 217 5
72 304 16
250 343 7
337 83 8
42 119 10
22 148 19
263 127 11
183 248 3
149 65 1
87 56 6
209 157 10
124 166 7
47 192 6
219 224 10
72 240 6
98 331 1
221 166 5
344 295 6
261 1 17
16 326 10
213 40 2
118 51 8
3 127 10
300 86 13
339 165 15
60 249 14
86 93 19
56 80 0
274 311 4
248 348 12
200 138 10
340 143 8
150 174 8
204 89 3
88 41 1
302 233 19
18 147 12
84 305 1
58 210 0
196 2 19
345 266 16
105 141 19
181 275 19
199 78 16
267 210 10
9 279 19
173 50 9
123 132 14
193 228 17
77 322 17
178 209 6
16 176 11
205 307 2
192 217 10
24 249 2
322 48 9
165 301 5
310 261 6
300 344 19
173 95 19
59 29 5
22 106 10
337 31 6
196 191 17
326 287 14
228 17 9
64 265 7
339 22 7
151 214 6
346 329 6
86 93 19
52 210 13
87 250 7
42 142 11
89 218 2
4 223 10
101 47 19
102 175 5
190 187 16
5 129 4
182 36 10
213 130 2
273 318 15
45 23 17
308 93 12
345 328 3
50 84 2
102 344 16
258 323 8
317 198 16
149 105 3
142 99 19
45 149 5
151 287 7
180 228 19
312 70 14
230 93 2
258 85 14
323 8 5
323 142 12
157 348 18
39 184 12
102 95 12
137 134 5
175 234 6
209 146 7
203 202 1
89 157 0
184 281 11
46 151 7
31 154 7
76 257 18
59 276 18
148 292 0
89 179 15
64 94 16
153 201 19
55 290 17
191 57 5
72 342 14
227 69 18
122 178 1
83 184 6
54 124 10
260 74 8
116 106 8
269 313 5
51 262 8
237 139 0
91 40 7
298 302 3
58 313 9
38 2 11
308 211 16
52 283 2
175 14 5
194 123 8
70 243 5
225 232 1
281 202 11
47 136 17
43 95 1
168 49 5
179 73 16
129 51 18
340 12 12
184 88 8
109 223 8
237 92 9
332 118 17
39 163 18
162 159 2
189 199 10
186 109 18
284 97 18
205 176 0
85 36 12
340 89 16
27 273 13
36 58 0
332 220 16
312 334 8
37 73 12
47 69 7
218 178 9
243 34 13
295 301 1
123 177 4
222 106 5
57 116 5
81 90 2
125 287 5
112 225 1
223 219 7
212 211 9
52 61 10
264 230 14
239 287 5
5 20 7
18 317 12
241 134 0
64 93 11
219 44 19
334 324 5
116 347 9
126 188 1
203 299 11
111 67 15
124 126 10
171 144 10
322 16 10
48 124 4
159 233 9
143 79 18
239 17 8
342 234 17
221 198 2
21 308 12
235 155 13
277 252 7
228 146 10
314 262 10
178 280 1
231 3 18
204 315 12
157 6 4
247 327 17
316 143 14
171 328 16
317 181 4
223 205 15
33 47 0
341 18 15
231 194 3
143 110 5
339 86 13
80 53 7
122 150 8
91 199 8
137 78 18
