1775 531
102 316
137 465
389 1408
442 1618
351 1258
287 1005
316 1135
182 648
379 1370
439 1609
173 625
22 54
116 365
2 9
241 819
225 783
283 983
481 1760
277 955
355 1274
183 656
257 881
309 1102
269 933
374 1352
32 103
186 666
370 1338
43 132
302 1054
198 713
172 615
351 1254
300 1048
379 1369
348 1237
35 110
222 766
186 670
350 1251
119 390
389 1412
436 1605
352 1260
25 72
22 53
279 969
37 114
407 1493
193 696
139 473
160 563
175 630
109 343
401 1471
444 1629
60 184
155 544
94 293
449 1642
450 1651
456 1671
59 174
86 263
116 357
127 410
189 674
370 1337
144 503
234 803
272 938
225 781
276 951
98 313
401 1473
417 1524
219 754
137 466
94 291
137 464
31 97
356 1278
158 553
273 946
291 1023
140 477
342 1221
71 228
173 624
442 1617
192 695
312 1121
304 1071
32 98
400 1467
64 200
142 493
448 1638
355 1273
399 1460
314 1132
151 525
166 590
283 987
196 697
305 1083
268 921
313 1125
258 892
32 106
275 949
376 1359
287 1002
242 833
15 45
228 786
419 1531
458 1677
2 12
239 817
230 800
303 1060
190 685
284 995
95 298
29 85
23 62
66 209
7 29
311 1116
196 703
399 1458
449 1643
473 1722
71 231
465 1708
428 1563
351 1257
119 383
140 485
299 1039
415 1510
43 126
213 739
124 407
66 212
124 405
392 1429
284 989
123 394
253 866
415 1518
473 1727
124 404
167 600
456 1669
314 1133
431 1576
405 1484
427 1550
316 1136
56 165
478 1746
385 1400
123 399
319 1148
1 5
417 1525
254 871
428 1561
119 382
306 1089
37 113
429 1568
131 429
299 1042
23 58
426 1545
244 842
473 1724
456 1673
282 978
407 1487
430 1570
116 363
265 913
381 1377
399 1459
413 1508
170 611
378 1365
59 171
383 1384
385 1402
305 1077
304 1075
251 857
64 203
116 358
463 1703
385 1396
354 1268
267 915
150 521
203 727
66 214
348 1236
460 1692
258 889
59 172
161 568
474 1732
147 513
401 1468
108 334
390 1420
347 1235
349 1247
458 1676
242 835
303 1064
288 1014
31 94
436 1604
455 1659
365 1315
284 994
131 432
383 1386
109 335
118 374
175 629
262 905
279 970
258 890
175 628
423 1537
59 175
129 423
110 348
467 1713
66 207
287 999
306 1091
260 897
241 823
405 1481
350 1249
129 421
55 154
209 736
353 1266
242 837
412 1502
386 1405
269 934
166 595
323 1165
310 1106
137 459
95 301
299 1044
431 1579
197 709
481 1759
358 1283
22 48
455 1662
476 1738
461 1696
433 1591
368 1330
310 1108
421 1536
373 1345
91 274
367 1329
308 1097
213 745
118 377
104 321
366 1319
175 632
230 802
105 325
291 1022
314 1128
339 1212
473 1726
119 381
311 1110
201 721
444 1632
373 1347
429 1566
332 1189
131 427
186 665
131 431
425 1542
173 621
169 607
147 519
129 422
23 63
196 699
392 1435
358 1285
88 266
312 1119
55 155
178 639
443 1623
303 1058
385 1403
483 1771
346 1228
283 982
311 1111
182 650
142 492
347 1229
291 1024
68 223
136 451
405 1482
279 964
152 529
239 814
201 723
201 726
25 65
166 589
182 645
1 6
32 102
31 92
349 1245
360 1302
278 961
59 173
350 1248
70 226
183 653
137 460
296 1036
267 919
119 387
134 448
348 1239
221 763
56 166
441 1615
302 1056
142 491
354 1270
401 1470
134 442
356 1275
61 192
392 1434
391 1424
335 1197
448 1639
252 860
254 872
339 1210
136 450
476 1741
142 494
434 1596
428 1558
367 1324
110 346
90 272
303 1062
123 395
257 884
159 554
109 342
323 1161
448 1641
255 879
258 893
10 34
161 569
483 1774
26 81
118 372
136 455
71 227
471 1717
184 659
392 1430
296 1034
302 1057
22 51
190 687
229 791
410 1497
94 289
98 311
229 793
215 748
366 1316
433 1584
134 443
354 1267
448 1637
392 1428
127 417
219 757
304 1074
268 924
25 71
291 1021
323 1164
421 1535
299 1037
285 998
335 1202
306 1085
284 990
209 735
269 930
66 211
237 810
392 1433
323 1166
52 145
336 1206
182 651
5 19
358 1281
436 1603
34 109
132 437
458 1682
483 1772
119 385
417 1523
376 1358
296 1031
168 606
347 1232
427 1553
140 480
241 828
125 408
455 1664
196 702
342 1218
2 11
95 305
105 326
159 555
142 495
41 121
96 306
90 268
332 1180
90 267
105 327
165 581
30 87
63 195
76 242
25 66
228 789
303 1065
413 1509
141 488
113 356
136 449
460 1688
43 125
254 870
481 1761
444 1630
339 1208
358 1287
363 1308
258 887
173 623
336 1203
222 769
279 971
230 799
131 435
382 1380
355 1272
359 1293
111 350
41 122
474 1734
483 1769
318 1146
415 1513
370 1342
91 280
383 1385
109 339
49 137
378 1368
392 1431
322 1155
29 84
43 133
220 760
102 317
477 1743
176 637
366 1322
23 57
166 593
241 827
241 824
463 1705
222 772
288 1017
280 973
160 565
436 1607
276 952
376 1360
327 1174
241 821
118 378
287 1004
68 222
431 1578
415 1514
279 965
352 1264
67 215
223 775
390 1416
41 123
399 1462
431 1583
269 936
367 1328
471 1714
225 779
356 1279
91 278
348 1238
160 560
460 1684
351 1253
268 927
25 70
137 462
305 1080
167 603
165 577
373 1348
8 32
178 638
339 1214
385 1395
483 1766
366 1317
105 324
200 717
474 1728
277 957
482 1765
119 388
318 1143
480 1754
119 384
430 1573
15 39
154 537
431 1575
379 1374
407 1492
449 1645
444 1628
146 505
481 1757
153 536
165 582
131 430
255 878
172 614
449 1644
421 1533
176 636
24 64
463 1700
252 859
267 917
84 261
303 1059
205 730
175 626
364 1312
26 77
462 1698
246 847
105 330
291 1018
456 1674
363 1306
299 1045
430 1572
76 241
481 1756
154 541
421 1532
332 1183
151 526
246 849
225 778
90 270
300 1047
335 1195
236 807
404 1476
30 88
415 1511
63 197
189 675
300 1050
201 725
335 1200
119 386
398 1448
118 376
147 511
152 535
150 523
283 985
146 508
83 260
288 1009
359 1296
434 1594
384 1391
347 1233
76 249
136 454
79 258
349 1240
275 948
425 1541
197 708
219 753
111 351
76 245
345 1226
166 594
239 816
228 788
201 719
444 1633
170 609
284 991
197 711
322 1158
435 1601
379 1373
147 514
68 221
272 939
345 1227
140 482
482 1763
465 1707
397 1442
244 841
61 190
427 1548
230 794
407 1491
54 153
352 1263
379 1375
188 672
439 1611
117 369
157 551
321 1150
225 780
124 403
382 1381
127 415
332 1188
433 1589
104 323
4 15
305 1078
423 1540
160 561
360 1300
312 1117
279 968
140 484
26 73
427 1555
439 1612
273 942
52 148
280 977
302 1055
273 944
413 1507
463 1704
143 499
186 662
434 1598
359 1292
143 497
429 1569
167 605
312 1120
379 1372
415 1517
368 1332
7 28
198 712
146 506
452 1653
147 516
352 1262
474 1731
345 1225
389 1411
184 660
300 1049
484 1775
116 360
192 693
269 935
234 804
152 531
370 1339
109 341
155 543
81 259
186 668
392 1436
109 337
25 68
26 74
258 888
416 1521
229 792
306 1092
43 128
299 1040
155 547
370 1335
95 300
279 967
74 238
7 25
383 1387
172 616
63 198
139 476
334 1191
417 1527
456 1672
370 1341
359 1289
215 749
458 1683
15 44
197 710
327 1176
318 1142
366 1318
190 686
351 1255
476 1740
76 246
284 993
79 254
449 1650
273 943
436 1602
146 510
283 981
443 1626
312 1122
129 419
64 201
67 220
400 1463
165 578
376 1361
460 1687
93 281
260 898
268 926
165 583
322 1154
140 481
370 1340
63 194
332 1181
222 767
431 1582
347 1231
400 1465
71 229
242 834
68 224
186 669
421 1534
443 1621
60 181
463 1702
94 296
109 338
253 864
66 210
336 1207
309 1100
474 1729
443 1624
433 1592
56 162
192 694
465 1709
433 1590
165 585
268 920
400 1466
465 1710
166 592
287 1001
41 124
182 646
460 1685
407 1490
239 815
401 1474
458 1679
94 292
349 1246
155 550
448 1636
93 282
20 47
265 914
142 496
196 705
250 852
335 1194
90 273
131 428
52 144
228 787
163 574
254 873
404 1478
184 661
155 542
262 904
49 134
335 1193
134 446
163 575
71 234
159 559
321 1151
188 673
473 1721
452 1655
368 1333
389 1407
201 722
244 839
230 795
310 1107
439 1610
78 250
382 1383
272 940
196 701
131 434
381 1378
142 489
7 24
431 1577
460 1690
192 692
31 91
378 1367
452 1654
64 204
434 1597
242 838
304 1066
105 328
309 1104
283 988
71 232
332 1182
467 1712
273 945
137 461
433 1593
332 1184
412 1500
246 844
311 1114
116 364
90 269
436 1608
385 1404
205 731
436 1606
165 580
182 652
110 347
246 851
241 822
413 1505
291 1019
183 655
35 111
263 908
314 1126
327 1175
302 1052
25 69
427 1547
15 40
458 1678
76 244
4 16
458 1681
373 1346
258 894
143 498
2 10
479 1749
397 1444
269 931
200 716
22 52
473 1723
306 1093
365 1313
242 836
296 1035
311 1112
160 564
433 1586
78 251
347 1230
173 619
67 217
428 1560
41 120
251 858
84 262
190 679
74 240
349 1243
59 169
56 167
54 152
278 959
241 826
250 856
66 206
129 424
291 1025
334 1190
391 1423
182 647
140 479
354 1269
190 680
246 848
413 1504
66 205
278 960
276 954
72 236
313 1124
116 359
398 1451
57 168
76 248
381 1379
405 1483
10 37
253 868
209 734
61 185
370 1334
158 552
40 117
155 548
250 855
165 584
54 149
352 1259
79 256
267 916
300 1051
257 882
15 38
264 911
139 472
433 1587
349 1241
23 60
370 1343
95 297
416 1520
219 750
413 1503
427 1551
10 35
305 1076
91 275
221 764
397 1446
390 1417
166 596
336 1204
296 1033
113 355
189 677
138 467
339 1209
374 1354
32 99
471 1720
127 413
342 1223
483 1773
241 820
137 463
159 556
134 447
196 698
134 444
213 741
449 1647
150 522
359 1295
138 470
306 1090
481 1758
244 843
292 1027
398 1449
134 440
132 436
213 738
37 115
91 276
428 1564
433 1588
401 1469
287 1007
299 1043
402 1475
223 777
186 667
196 700
152 532
102 319
22 49
449 1648
139 474
444 1634
288 1013
49 138
52 146
152 530
291 1020
308 1098
304 1067
22 55
136 453
479 1748
242 832
358 1284
147 512
374 1350
25 67
471 1715
52 143
351 1252
118 373
351 1256
23 59
105 333
127 414
220 758
304 1068
455 1660
456 1670
360 1298
91 279
142 490
309 1101
431 1581
359 1297
61 191
397 1440
258 895
213 742
238 811
222 765
137 458
311 1115
411 1498
390 1418
355 1271
191 691
269 932
287 1000
258 891
303 1063
86 264
399 1456
449 1646
276 953
372 1344
284 996
382 1382
474 1735
91 277
205 728
219 752
318 1145
356 1276
407 1489
483 1767
200 715
413 1506
209 737
455 1661
314 1127
118 380
376 1363
198 714
246 846
363 1307
404 1477
175 627
367 1325
476 1737
26 79
173 620
161 567
356 1277
399 1454
175 631
60 178
408 1496
480 1750
94 295
96 307
465 1711
367 1326
144 504
268 923
117 370
76 247
154 539
160 566
308 1095
461 1693
322 1157
52 147
26 76
391 1425
152 527
31 96
318 1144
262 901
292 1028
95 302
272 937
32 104
71 233
323 1162
167 599
430 1571
443 1627
222 768
140 486
144 501
15 43
280 975
452 1652
417 1530
230 798
33 107
288 1010
262 907
1 8
61 186
304 1069
461 1695
250 853
30 86
397 1441
323 1160
327 1172
345 1224
287 1003
389 1410
391 1426
70 225
207 732
358 1288
1 3
141 487
314 1130
417 1529
483 1768
391 1422
183 657
122 392
56 163
253 869
342 1222
264 910
155 545
397 1439
283 984
416 1522
66 208
170 610
134 445
405 1480
252 861
93 287
474 1736
67 218
154 538
460 1686
407 1488
324 1168
167 597
31 93
27 83
460 1689
79 257
132 438
415 1515
332 1186
167 601
292 1029
191 690
288 1011
458 1680
332 1185
383 1389
154 540
322 1153
398 1450
139 475
63 196
385 1397
399 1461
384 1392
262 899
213 744
442 1620
426 1544
146 507
442 1616
191 688
49 136
329 1178
311 1109
306 1087
239 813
320 1149
366 1321
400 1464
257 883
389 1414
376 1357
307 1094
296 1032
318 1141
161 572
280 974
102 318
325 1171
335 1199
223 776
118 375
67 219
327 1173
60 179
288 1016
396 1437
322 1152
32 100
311 1113
201 718
415 1516
304 1070
257 886
453 1656
112 352
408 1495
138 469
397 1443
105 331
275 950
253 867
78 252
64 199
95 303
359 1291
368 1331
305 1082
109 336
255 877
360 1299
186 671
316 1134
94 294
173 617
155 549
359 1290
244 840
385 1401
253 862
228 785
349 1244
306 1086
7 31
63 193
342 1216
111 349
138 468
219 755
428 1556
405 1485
41 119
435 1600
376 1356
429 1567
112 353
342 1215
26 80
76 243
147 517
136 456
426 1546
27 82
134 441
323 1163
197 706
264 912
79 253
93 284
363 1305
167 602
384 1394
242 830
236 809
222 773
152 534
71 230
10 33
41 118
123 397
363 1309
412 1501
428 1562
117 371
230 796
56 161
105 332
74 239
191 689
471 1718
328 1177
123 393
391 1427
220 759
213 746
183 654
136 452
433 1585
184 658
444 1635
55 157
352 1261
483 1770
1 4
359 1294
34 108
482 1764
434 1595
35 112
147 518
477 1744
462 1697
426 1543
376 1364
390 1419
152 533
323 1167
119 389
43 131
370 1336
117 368
55 160
116 362
61 189
350 1250
246 850
155 546
441 1614
364 1310
10 36
61 187
161 570
360 1303
151 524
23 61
318 1147
272 941
124 402
4 17
93 283
443 1625
396 1438
349 1242
60 183
280 976
124 406
457 1675
110 345
181 644
262 900
262 902
332 1187
322 1156
167 604
5 20
228 784
127 412
1 7
374 1353
166 591
405 1479
173 618
124 400
314 1129
207 733
220 762
127 416
165 586
169 608
285 997
32 105
335 1201
225 782
389 1406
95 304
144 500
254 875
317 1137
288 1012
52 141
318 1140
397 1445
292 1030
15 41
312 1118
378 1366
43 127
389 1413
123 398
66 213
79 255
339 1213
279 966
304 1073
31 89
374 1355
246 845
112 354
147 520
50 139
455 1666
268 928
138 471
166 587
366 1320
283 980
1 2
417 1526
431 1580
160 562
429 1565
335 1198
179 642
454 1658
300 1046
205 729
449 1649
173 622
455 1667
67 216
170 613
482 1762
306 1088
161 571
32 101
201 724
64 202
308 1096
98 309
250 854
59 170
117 367
219 751
189 676
23 56
4 18
463 1699
335 1196
7 30
175 634
360 1301
253 865
427 1549
460 1691
196 704
392 1432
105 329
60 177
230 797
428 1559
262 903
213 740
390 1421
352 1265
20 46
95 299
43 130
367 1323
118 379
197 707
186 664
239 818
398 1447
159 558
324 1169
55 159
60 180
230 801
131 433
260 896
306 1084
255 876
52 142
365 1314
268 922
213 743
310 1105
401 1472
242 831
477 1745
399 1453
201 720
367 1327
376 1362
93 288
123 396
329 1179
98 312
93 286
283 986
379 1376
288 1015
302 1053
358 1280
238 812
291 1026
399 1455
152 528
313 1123
71 235
56 164
175 635
287 1006
407 1494
480 1751
384 1393
262 906
7 26
303 1061
443 1622
39 116
318 1139
54 150
479 1747
358 1282
7 27
415 1512
358 1286
473 1725
54 151
336 1205
60 176
379 1371
385 1399
277 956
161 573
253 863
94 290
481 1755
104 322
122 391
165 579
110 344
129 425
374 1349
190 684
412 1499
43 129
220 761
190 681
93 285
186 663
278 962
441 1613
299 1038
96 308
90 271
280 972
3 14
448 1640
60 182
442 1619
98 314
234 805
275 947
98 315
399 1457
455 1663
342 1219
474 1730
116 361
256 880
88 265
283 979
434 1599
474 1733
264 909
50 140
167 598
31 95
471 1719
109 340
127 411
342 1220
317 1138
463 1706
116 366
364 1311
314 1131
480 1753
159 557
463 1701
31 90
389 1415
170 612
178 641
175 633
242 829
339 1211
236 808
166 588
2 13
268 925
299 1041
324 1170
190 678
407 1486
129 420
22 50
26 75
26 78
476 1739
267 918
305 1079
134 439
288 1008
389 1409
461 1694
146 509
305 1081
229 790
190 682
124 401
334 1192
323 1159
309 1103
374 1351
140 478
480 1752
284 992
61 188
140 483
308 1099
5 21
423 1539
179 643
444 1631
416 1519
241 825
222 771
219 756
383 1388
453 1657
417 1528
471 1716
342 1217
427 1552
347 1234
55 156
385 1398
98 310
147 515
104 320
455 1668
55 158
427 1554
278 963
222 770
125 409
455 1665
7 22
278 958
254 874
398 1452
178 640
362 1304
269 929
190 683
383 1390
163 576
182 649
131 426
257 885
304 1072
476 1742
129 418
136 457
49 135
430 1574
428 1557
236 806
15 42
214 747
74 237
144 502
423 1538
223 774
7 23
1425 479 13
469 1099 12
537 1613 8
1102 1322 1
375 452 12
1008 937 11
654 1335 3
507 1351 0
179 86 10
30 196 7
52 1739 4
1185 76 8
1215 847 13
1413 1482 10
408 876 1
655 1463 4
353 824 3
200 1285 9
509 190 4
270 1215 9
1021 680 2
1173 1139 13
368 1266 0
677 430 10
679 1588 0
1259 328 12
853 1233 8
1161 345 13
1254 687 12
913 675 3
1247 880 4
66 671 10
281 1481 5
1716 607 3
9 1426 8
230 394 7
428 1061 6
324 582 7
659 147 12
45 856 2
1560 7 6
1054 910 7
557 428 11
833 277 10
227 353 5
284 1439 10
351 1275 7
1702 1114 2
246 1308 13
818 522 9
1587 692 11
1601 873 2
854 1027 2
1560 267 10
1362 1646 2
228 516 10
1149 865 7
1055 1431 3
1254 1571 7
1730 1329 13
1708 874 0
540 1490 7
868 501 1
586 651 11
840 1158 9
78 1249 5
1664 653 13
1431 717 10
546 612 4
1726 57 6
1035 1742 8
1624 624 10
493 425 8
486 126 5
598 1180 10
1690 1129 13
1622 1706 12
1558 421 6
67 1093 9
1662 28 13
631 1316 4
1037 1521 13
1501 1136 0
1268 587 13
769 1276 1
332 1712 8
535 548 8
1461 371 11
1767 1007 10
19 503 8
1118 1775 5
634 1112 3
646 888 13
1630 1104 12
1130 338 10
199 98 13
1350 745 0
921 459 4
1616 220 5
497 152 12
108 449 5
616 20 10
1745 365 10
755 240 13
1382 508 3
520 1211 0
34 1766 4
1061 1408 10
1002 518 9
631 1136 1
892 125 5
1211 430 4
99 1401 0
354 88 2
1589 1418 2
682 95 3
871 1530 10
1085 129 11
1683 775 13
1423 14 5
937 185 8
955 1644 9
1059 1164 0
981 639 13
1739 416 2
1174 285 6
1486 1128 6
1504 1731 6
728 1203 4
737 1132 12
119 470 0
843 987 13
1516 1162 3
377 1550 0
63 185 6
230 1005 4
71 1380 12
248 187 0
1049 724 5
723 397 11
1046 69 10
309 308 0
1420 1003 2
530 1105 9
150 7 7
339 494 6
1233 210 12
1214 968 5
1409 1586 0
1620 1222 12
1646 1271 11
291 676 10
897 410 2
1686 1724 12
1199 791 7
861 1263 9
804 1278 12
1196 1156 4
156 303 10
1590 1286 13
1377 309 4
1244 1303 6
816 187 6
767 1336 5
1354 1026 11
1210 1654 2
229 388 6
485 1504 10
1026 436 8
912 119 0
662 1127 4
584 137 10
521 933 9
1527 176 9
1135 285 5
988 560 6
1730 1112 2
263 606 10
627 1301 12
1154 1208 5
709 733 12
1001 1239 4
1744 1021 9
1235 1345 0
1566 723 11
1696 1568 7
778 1748 6
630 127 4
721 515 11
524 861 1
1048 1399 1
1307 1364 6
561 1682 13
459 242 1
1385 5 0
819 1172 10
1477 571 13
1572 281 8
163 622 5
1067 4 11
1591 999 1
634 1691 11
1437 1754 6
112 783 1
1631 135 8
896 131 4
1269 1356 9
292 1362 4
1734 1033 3
750 1387 3
1680 1000 1
983 1134 3
14 491 9
502 1700 3
1265 1521 9
684 131 10
273 818 11
689 1558 2
660 1008 8
693 961 8
277 744 4
1632 1109 12
556 1005 2
1750 718 0
359 759 5
812 640 7
764 1413 11
255 1334 7
359 108 2
1186 526 3
270 1285 8
1300 558 12
331 972 6
66 1481 4
278 794 8
103 1102 0
727 1099 6
856 161 6
742 1252 0
493 1391 10
1511 1323 1
1242 1486 2
1408 907 13
418 250 0
964 1673 9
1468 1333 2
210 653 10
232 1393 4
1411 428 13
100 1509 13
1739 1144 11
1397 50 6
1291 745 10
557 1457 12
610 46 7
1750 1251 13
1533 890 7
528 1102 4
1536 100 0
81 1437 6
70 753 5
558 286 6
142 1694 8
1636 928 7
1734 938 11
1629 1247 13
1450 392 10
1375 1048 7
1556 1145 4
1214 504 0
263 1765 9
950 1232 2
153 312 3
1063 1643 1
302 712 5
1130 1018 2
963 894 4
491 824 11
1432 1600 4
867 1260 5
1005 199 5
796 208 0
651 350 10
1677 531 12
1300 190 12
1112 873 7
851 505 11
865 1612 9
1088 715 9
1522 70 5
602 25 12
1415 486 5
115 334 12
312 289 4
284 1413 12
1441 236 5
1337 767 3
1157 1388 1
1617 1402 3
469 1690 0
1521 1206 7
1476 1172 10
848 467 12
473 1028 2
43 594 5
614 132 13
758 1562 7
137 369 12
377 1768 9
1491 444 0
1595 147 3
1238 225 13
1306 1218 10
1067 669 0
1147 1650 9
48 409 2
1491 576 6
1564 1677 7
1094 1211 13
1731 1416 13
1642 1760 3
797 239 6
220 1730 4
358 1096 0
891 1465 12
450 952 4
443 1452 10
1078 452 5
753 734 5
210 643 5
1589 397 6
1751 687 9
639 1539 5
360 1732 0
367 1144 13
698 1076 6
1045 110 0
1698 13 3
106 1255 6
1162 1168 10
1311 1066 1
405 57 0
1667 1543 5
790 740 6
535 790 11
1737 527 11
1223 1252 11
491 1153 11
1529 1553 4
1033 745 1
495 403 5
458 733 13
1173 360 11
69 1108 13
772 1172 9
608 1760 1
648 5 9
81 1278 5
533 508 12
1168 1717 10
1276 1264 7
1770 1666 0
637 724 4
1622 1514 12
197 1698 11
469 849 1
54 1513 0
1265 1586 9
901 1243 10
788 626 9
1206 63 2
1652 67 12
1146 1691 10
1064 6 12
1111 1277 12
369 1354 4
190 1390 8
506 387 7
624 89 10
1590 507 10
654 1060 13
276 458 11
1459 574 7
723 1731 7
32 825 3
857 288 8
1206 782 12
1358 1486 5
1619 373 9
613 1667 12
747 893 12
37 509 10
946 1614 10
8 1686 1
1256 1166 8
211 3 12
144 1721 9
1313 448 1
845 1264 10
166 1329 0
1476 379 3
1213 1727 11
609 1535 9
286 1715 6
1205 1459 10
60 376 1
1653 279 1
1683 543 4
1351 368 12
1197 1132 5
1020 1701 3
895 628 2
790 261 4
1645 301 12
863 1477 13
578 715 9
131 1003 5
1228 1065 6
958 637 6
1595 839 3
521 1551 2
1199 497 3
580 22 1
1687 961 13
18 1527 9
784 884 9
92 1557 2
553 1680 10
1134 1290 4
716 811 7
1121 564 5
1718 1249 6
1517 503 7
1465 932 4
921 924 13
649 1690 0
1096 1724 8
234 495 13
930 1105 2
1099 1226 4
123 263 4
557 392 4
1345 1490 2
161 924 0
1706 518 1
497 511 6
315 459 2
735 997 12
983 1497 13
1623 81 6
1000 257 9
1725 586 8
860 1643 1
874 1521 11
235 1657 8
1188 870 11
910 1557 7
1416 503 8
750 1186 2
1215 700 13
306 1204 7
1151 975 2
828 1414 5
56 1274 6
600 332 9
1051 1242 8
97 693 0
826 1758 2
40 1733 11
328 1101 3
1346 864 4
1531 861 6
158 796 13
707 1250 12
188 848 7
446 1080 3
1078 1322 0
774 1603 4
1757 1678 6
632 43 9
982 390 10
1441 530 5
1581 754 9
918 385 4
401 1076 7
987 544 12
241 185 13
1047 718 1
971 1661 10
518 1181 1
1702 1537 0
400 1309 7
20 1413 6
1625 207 9
752 1114 3
711 839 2
568 1528 6
294 1136 0
300 631 9
147 10 10
679 1210 5
1103 183 7
543 806 10
327 1304 12
1054 392 0
1633 476 1
918 633 3
44 561 7
971 1272 4
1169 1280 8
1030 1140 4
1738 727 5
593 635 1
1153 883 10
639 1284 3
1706 438 13
697 557 3
757 972 10
1477 460 3
1302 190 13
1263 457 0
793 913 3
637 1661 12
1639 455 7
1766 839 4
418 1526 6
498 540 6
1662 1039 1
598 1688 3
1757 389 6
417 365 8
