902 548
118 434
258 897
203 745
22 109
25 119
14 64
64 228
190 700
67 248
49 182
191 701
58 211
219 783
138 528
125 472
131 494
135 512
240 818
88 323
241 827
157 596
6 32
158 599
45 175
66 243
207 754
30 134
5 27
218 777
141 542
243 840
3 20
242 834
64 227
242 832
230 800
39 147
94 328
80 286
102 372
65 234
17 87
141 540
131 493
129 487
104 386
169 639
66 241
31 142
136 515
211 775
166 625
13 59
94 331
106 392
156 590
15 77
1 9
219 787
45 171
76 267
250 881
218 778
78 275
206 752
197 726
207 758
159 601
102 368
102 375
243 838
71 258
37 145
128 482
82 291
123 461
71 253
149 566
1 6
44 164
245 859
102 371
101 360
10 51
101 366
218 779
16 80
192 709
3 18
239 811
244 850
112 402
61 223
56 205
52 189
198 732
101 365
6 29
87 316
153 579
190 693
250 875
169 632
17 86
197 725
45 170
104 384
80 285
19 90
102 374
249 871
219 784
46 176
76 264
249 869
138 525
169 635
104 380
191 705
249 870
143 544
109 393
197 727
88 322
203 747
157 594
192 710
155 586
182 668
45 172
25 121
138 522
162 613
13 60
10 52
127 475
143 547
71 256
186 679
7 38
173 643
187 686
115 421
121 450
203 746
1 4
115 415
207 756
10 50
160 610
138 526
6 34
87 319
197 731
138 524
50 183
19 98
243 839
92 325
11 55
240 815
186 681
54 201
207 759
160 608
41 152
210 763
17 83
178 661
7 40
153 575
201 738
14 67
58 214
250 878
244 847
252 882
66 246
250 879
240 820
25 115
162 619
1 5
100 351
193 713
178 660
46 177
131 492
201 736
98 341
260 900
182 672
238 809
160 611
191 703
197 728
99 348
192 711
225 795
115 419
124 466
153 581
87 317
182 667
242 833
190 699
153 584
101 359
17 89
66 244
10 46
254 890
245 856
64 230
193 714
141 535
129 484
115 420
162 615
39 148
141 534
207 755
6 31
127 476
121 447
104 381
13 61
211 771
247 862
58 215
241 828
141 537
159 605
44 159
183 675
143 543
89 324
138 527
103 376
27 122
241 824
201 735
80 287
76 266
101 363
53 196
54 202
162 618
223 792
15 75
252 885
114 407
210 762
116 424
191 706
100 357
211 772
21 104
100 353
109 394
131 499
182 671
180 665
186 683
166 628
246 861
16 79
255 894
14 69
145 557
83 294
109 396
87 318
240 813
177 657
165 622
114 411
191 702
191 704
14 65
86 307
97 336
104 383
162 614
11 54
210 766
40 151
124 464
119 439
153 576
169 633
244 853
210 767
86 312
25 118
136 518
173 646
133 504
206 748
240 819
124 468
244 852
76 268
14 68
149 567
215 776
78 277
197 729
23 112
185 676
145 555
121 448
119 437
88 321
169 637
28 129
10 53
158 598
96 334
121 454
25 117
169 636
230 803
195 719
64 231
149 570
241 822
238 807
220 788
83 296
136 520
156 591
15 70
255 893
61 222
148 564
223 791
120 443
245 857
210 765
114 405
219 786
58 213
83 293
138 523
71 252
245 855
104 379
79 283
65 236
250 874
101 358
136 521
8 42
21 108
87 315
21 106
27 126
106 387
123 460
30 139
203 742
145 560
78 279
78 278
99 347
71 259
17 84
151 573
155 585
54 203
121 451
75 262
225 794
230 801
83 292
65 235
186 678
21 107
124 467
169 634
2 15
61 217
15 72
30 135
248 864
120 445
103 378
193 712
145 559
83 297
148 563
254 891
186 684
52 188
22 110
159 600
84 301
114 408
17 88
250 876
211 773
58 216
86 311
118 433
241 830
30 136
187 690
141 541
207 760
157 592
134 506
86 306
145 554
190 698
76 265
6 28
254 888
10 48
182 674
100 356
114 404
124 469
94 332
3 23
121 449
244 848
27 128
53 192
182 673
44 160
127 477
244 846
52 187
211 774
203 744
78 276
156 588
229 799
218 780
119 442
121 452
42 153
97 335
50 184
133 505
127 479
116 422
103 377
129 485
1 8
114 410
37 146
7 41
34 143
53 195
244 851
127 474
203 743
52 191
175 652
45 169
58 212
42 155
1 3
2 16
61 220
76 263
19 96
101 362
13 56
86 310
210 764
143 546
120 444
112 401
54 200
122 455
115 416
21 102
52 186
118 432
66 247
76 269
153 578
42 154
134 507
101 361
85 305
242 835
158 597
218 781
30 132
40 149
19 92
85 304
187 688
15 74
64 229
145 553
127 478
100 354
84 302
201 734
174 649
44 166
150 572
40 150
182 669
131 498
63 225
162 617
157 595
44 161
238 808
187 687
115 413
115 418
241 826
64 226
84 300
143 550
129 490
244 849
244 845
193 715
206 750
71 254
241 823
98 338
258 896
231 806
10 45
231 805
180 666
99 345
66 242
129 483
149 569
110 398
34 144
106 388
160 607
160 609
6 33
23 114
166 626
8 43
178 662
56 207
100 350
27 124
169 640
195 718
78 271
7 35
78 272
176 654
121 453
252 886
119 440
119 436
27 125
19 97
131 491
53 197
5 26
190 696
110 397
15 73
99 346
247 863
250 877
19 99
45 173
27 123
78 273
56 204
42 157
1 2
249 866
61 221
125 470
8 44
173 641
243 843
17 85
116 427
175 651
98 339
196 722
7 39
138 529
255 895
241 829
19 94
195 717
21 100
4 24
116 423
225 793
14 63
86 308
65 232
260 902
177 655
23 111
127 480
54 198
245 860
80 288
101 364
118 428
125 471
65 238
17 82
23 113
252 883
143 552
112 399
210 768
85 303
25 116
190 695
116 425
190 694
141 536
147 561
206 753
166 627
131 497
240 816
100 352
129 486
150 571
31 140
219 782
106 390
129 489
53 194
135 508
143 548
1 7
79 282
153 577
98 340
221 789
177 656
192 707
160 612
135 510
201 733
83 299
21 103
98 343
46 179
190 697
166 624
61 219
13 58
173 644
56 206
136 516
116 426
149 568
78 270
10 47
244 854
203 741
250 880
135 509
139 532
201 737
15 76
143 551
242 837
133 502
240 814
190 691
71 255
3 19
230 804
135 513
3 22
225 796
196 721
165 621
242 836
99 349
187 689
219 785
7 37
243 844
71 260
138 530
135 511
66 245
65 237
15 71
119 435
139 531
65 233
114 409
1 11
174 650
196 724
13 57
133 503
45 168
225 797
260 898
226 798
211 770
182 670
80 289
241 825
136 517
44 162
129 488
122 456
148 562
245 858
66 239
87 314
25 120
197 730
98 342
127 473
42 156
166 629
79 280
102 373
87 313
16 81
196 720
173 642
50 185
19 95
136 514
31 141
160 606
120 446
176 653
83 295
186 680
122 457
162 616
254 892
240 817
119 441
94 330
106 389
29 130
153 580
29 131
196 723
94 327
3 17
106 391
118 429
153 583
249 865
114 412
104 385
109 395
112 403
52 190
80 284
177 659
252 887
30 133
118 430
14 66
45 167
252 884
166 623
131 495
82 290
166 630
202 739
102 367
185 677
153 582
45 174
136 519
206 749
162 620
86 309
70 250
2 12
78 274
102 369
3 21
157 593
83 298
123 459
30 137
190 692
79 281
239 812
149 565
159 603
27 127
16 78
127 481
94 329
143 549
6 30
195 716
145 556
145 558
123 462
19 91
186 682
241 831
156 589
203 740
133 501
10 49
230 802
44 165
192 708
14 62
71 251
21 105
30 138
53 193
115 417
56 209
102 370
260 899
49 180
2 14
58 210
141 539
44 163
151 574
249 868
178 663
104 382
97 337
174 648
131 496
93 326
100 355
115 414
207 761
96 333
249 867
159 604
5 25
156 587
87 320
133 500
42 158
211 769
99 344
112 400
54 199
66 240
119 438
61 218
243 842
177 658
260 901
75 261
21 101
222 790
169 638
254 889
114 406
187 685
56 208
118 431
49 181
180 664
238 810
159 602
143 545
123 463
124 465
19 93
207 757
249 872
166 631
63 224
1 10
141 538
139 533
122 458
250 873
206 751
46 178
71 257
2 13
173 645
67 249
7 36
243 841
240 821
174 647
371 205 5
901 358 4
483 8 10
564 890 10
403 344 8
758 115 4
329 582 5
569 208 4
317 276 9
6 123 4
747 707 8
893 674 2
129 521 1
798 683 6
309 898 4
489 290 9
630 178 8
883 747 9
485 363 6
463 73 6
650 706 2
666 624 6
857 847 0
549 468 8
112 892 6
581 860 0
190 578 2
67 285 0
664 47 10
225 888 6
46 693 8
210 771 0
564 630 7
853 737 3
891 80 0
774 704 8
272 702 5
735 706 1
277 831 3
586 350 3
119 423 10
398 653 5
229 2 5
189 647 10
518 146 4
500 846 1
281 773 4
221 333 4
815 493 9
39 809 9
10 884 7
428 268 1
523 89 0
766 322 10
79 778 10
310 226 4
549 886 7
6 355 5
552 529 0
296 159 2
159 803 8
705 254 0
143 333 6
858 664 8
65 534 4
507 241 7
133 283 3
212 495 1
790 239 5
88 663 3
190 419 2
811 570 10
554 677 9
341 227 2
171 202 3
111 113 9
114 205 10
220 720 0
452 710 2
37 301 7
563 757 6
832 285 5
737 480 0
175 101 10
871 389 9
79 709 3
136 4 10
765 518 1
836 65 9
178 214 6
399 448 2
606 591 5
647 229 2
261 682 8
487 484 10
725 747 10
546 567 10
554 350 10
835 815 6
244 480 4
706 704 1
538 607 0
10 794 10
297 100 0
683 432 6
179 315 9
357 714 1
583 840 8
250 841 3
294 282 0
137 123 0
802 779 8
295 694 6
828 764 5
788 171 5
731 334 5
305 175 1
876 704 4
809 389 7
146 117 3
281 872 8
332 299 3
644 58 10
326 83 3
374 686 0
447 849 4
33 265 3
665 716 8
89 442 6
564 696 1
59 360 3
860 505 3
374 304 4
26 311 4
229 242 1
29 301 8
104 127 5
209 384 3
2 640 0
534 896 2
113 777 7
738 551 1
900 715 10
462 683 9
445 210 8
168 528 5
53 49 6
571 381 7
229 850 6
845 410 1
408 586 0
307 75 9
493 253 2
442 816 1
400 465 0
826 767 2
71 231 6
38 20 7
455 502 6
30 645 9
33 439 10
688 614 6
630 576 9
267 538 4
703 41 6
301 506 8
473 687 2
31 801 8
261 669 4
28 78 9
77 399 2
197 644 7
307 609 0
578 831 3
629 101 10
807 878 0
727 858 5
416 630 6
518 807 0
225 698 2
717 429 4
345 680 0
375 223 5
145 97 9
496 116 9
665 521 10
858 754 8
195 83 1
579 629 6
43 432 0
788 581 9
94 532 0
700 793 10
551 678 5
619 11 8
310 584 7
659 677 10
98 753 1
519 849 5
554 249 4
780 297 9
804 631 0
345 542 3
525 785 8
652 533 5
698 343 7
37 402 1
753 255 0
247 19 9
725 390 10
15 110 6
333 554 0
403 860 0
664 396 10
508 22 4
629 701 2
171 319 1
558 99 5
342 151 3
215 502 8
575 261 6
677 452 6
106 817 2
411 57 6
751 175 3
829 521 0
334 754 1
535 653 9
482 25 6
5 130 10
221 455 6
501 24 5
396 639 8
28 168 9
699 865 8
160 450 4
500 126 9
848 230 9
6 156 3
680 118 0
145 420 6
511 403 5
645 183 5
646 355 6
564 275 9
351 85 3
664 18 0
11 787 9
525 162 4
532 478 10
841 108 4
3 617 10
473 241 3
141 765 7
557 298 1
440 429 9
338 55 0
576 549 3
587 883 10
85 91 2
293 450 8
240 347 10
456 794 8
723 409 2
334 755 2
121 293 2
291 388 6
388 700 0
839 456 5
635 745 4
631 893 6
675 708 4
761 541 2
375 334 4
883 522 5
227 188 4
91 216 6
51 655 5
378 51 5
785 3 0
55 888 0
776 416 0
220 776 6
872 342 0
432 551 1
172 807 1
297 173 2
814 733 1
470 811 4
630 771 2
109 60 2
488 837 4
352 497 3
306 134 0
724 377 8
887 847 4
428 854 4
641 842 3
691 399 10
703 760 3
131 537 4
356 276 5
290 709 7
140 432 1
165 579 0
817 585 0
65 305 4
46 866 5
678 222 4
850 709 0
834 555 2
809 330 10
485 456 0
136 295 4
851 739 3
427 20 7
547 862 1
75 189 5
715 746 5
563 291 10
237 309 10
288 175 7
282 764 10
565 33 9
788 121 8
827 427 1
468 688 3
175 284 5
342 356 9
470 24 10
578 33 6
592 577 8
459 114 9
155 582 10
517 551 3
41 77 8
267 229 8
245 185 2
204 620 1
482 261 9
721 296 7
731 82 4
806 805 9
633 448 1
492 34 3
608 873 3
727 625 8
806 414 9
564 64 9
102 91 4
164 622 1
392 39 6
177 628 5
158 637 7
262 548 2
50 303 8
716 29 5
97 60 6
327 228 2
240 850 7
484 320 5
456 660 6
135 295 8
126 180 1
584 639 2
667 392 1
483 418 4
624 677 1
831 290 0
342 532 3
827 640 9
525 206 6
162 2 0
290 490 7
636 761 5
226 863 8
24 323 4
348 441 4
666 475 3
604 869 3
341 27 5
557 337 3
332 91 0
120 725 8
80 892 7
4 170 4
755 735 5
486 765 8
524 870 7
110 206 6
876 800 8
661 436 1
751 295 0
118 268 5
89 183 10
211 136 4
841 335 5
696 422 6
54 259 7
595 661 2
211 516 8
481 766 7
597 619 6
844 514 5
606 676 1
27 836 9
818 55 7
29 52 2
56 342 9
596 284 1
510 196 10
754 115 7
264 74 0
845 828 2
299 186 10
235 275 4
281 285 1
87 367 8
149 516 5
604 802 3
556 330 8
718 676 8
723 204 5
761 142 10
295 103 9
869 364 6
374 274 0
863 443 10
618 426 5
538 292 9
594 246 10
288 897 0
331 208 0
539 547 9
414 419 1
727 29 3
78 797 2
257 461 9
369 326 6
359 84 3
243 499 10
264 119 6
839 60 6
834 120 9
158 527 5
695 706 9
751 134 7
114 437 7
402 361 7
123 20 9
703 73 1
7 688 8
399 559 4
394 692 7
317 261 10
480 233 9
33 836 10
722 634 6
895 440 3
863 42 8
883 632 8
290 300 9
141 717 4
60 855 3
492 122 6
12 459 7
432 465 9
826 493 4
10 250 6
674 295 3
174 406 5
685 223 4
143 401 4
410 673 5
795 750 0
251 421 8
550 71 10
11 190 7
96 640 9
253 502 8
305 829 4
712 484 7
422 814 4
582 175 9
168 21 10
271 457 4
480 250 1
594 454 9
307 531 3
285 336 4
335 261 9
523 496 7
32 896 4
527 544 2
327 581 3
422 669 2
384 255 8
675 80 4
224 246 0
690 176 9
883 681 3
511 273 9
653 396 2
742 205 3
593 766 9
719 487 10
487 571 7
535 60 8
664 183 5
613 807 10
404 285 9
556 427 3
327 510 2
89 199 6
541 306 1
824 673 6
249 457 8
21 810 7
779 735 0
733 583 3
609 125 7
519 258 2
377 345 5
185 283 7
499 416 0
550 714 6
19 833 6
257 170 2
300 393 7
537 870 6
493 168 4
836 734 1
145 830 10
441 436 4
53 140 10
832 730 8
60 411 0
731 185 7
628 897 8
144 71 3
722 358 2
448 392 10
125 872 4
250 902 8
353 527 8
160 278 3
571 532 10
531 559 9
