9450
0
0
1 385246 839919
2 381127
2 2638
2 85
2 1356
0
1 597268 892653
1 445131 921208
1 213838 505182
1 747072 233347
2 580822
1 211424 725544
1 213608 738206
1 352171 907921
2 580111
2 10979
0
0
1 516144 790175
0
0
1 908289 539647
0
0
2 950434
2 963757
2 449423
2 543071
1 152290 858795
1 190785 394371
2 41484
1 963969 392890
0
1 320670 316411
0
1 970372 492433
1 199256 793240
2 425808
1 87377 548541
0
0
0
1 325059 612159
1 130636 567999
1 784396 215722
1 583643 777784
2 619876
2 451778
0
1 191435 785645
1 394685 168002
1 518947 567397
0
2 649345
0
1 852192 300759
0
0
0
1 615 735803
1 874614 9660
2 833974
0
2 921952
0
2 228186
2 26365
0
1 548383 994088
0
2 405083
2 952966
2 72009
2 174006
0
1 110812 33080
1 579708 665791
2 118871
1 112229 299693
2 144979
2 249094
1 132414 534038
0
0
2 665840
2 699277
0
2 351133
0
2 825894
0
2 190769
2 12932
1 324782 252497
0
2 406929
0
0
0
1 246944 270155
0
1 473816 852198
2 205987
1 113631 715216
0
2 281974
2 97573
2 221419
2 399
1 210375 729357
2 163340
1 372145 705263
1 676472 607684
2 858210
1 1248 22569
0
1 123083 406252
1 41808 11516
1 510840 301749
1 440243 983613
0
1 848239 508594
1 466893 110488
2 39469
0
0
1 299381 323058
2 548296
0
0
2 598870
2 216632
2 339535
0
1 554406 57837
2 605093
2 397871
0
2 542764
0
2 228133
0
0
2 12631
1 5452 150968
0
2 30905
2 2164
2 211
1 869580 504497
0
2 426760
2 217447
1 933182 41424
0
1 479308 264289
2 257522
0
1 236535 221412
2 936451
1 857084 63545
2 284522
2 674930
0
0
1 439060 897223
1 672136 165797
0
2 998000
1 713335 169406
0
1 75393 74
2 92727
1 391536 261392
1 433365 630987
1 198468 455594
1 282767 828604
1 472555 506316
1 229220 181701
1 249129 875091
2 164630
2 184859
1 672232 680458
0
2 886917
2 976417
0
1 505200 772134
2 160219
2 787915
0
1 970539 634980
0
1 571220 19552
1 667993 524840
0
2 332772
0
0
1 278779 284644
0
0
1 626890 230090
2 243090
0
2 464131
1 982142 332618
0
1 881289 503369
2 360214
2 981516
0
2 705271
0
2 296844
0
2 381902
0
2 622280
1 911009 48539
0
1 335943 677161
2 480560
1 801528 744197
2 386386
1 151953 659324
1 69316 782805
2 874451
0
1 654093 10144
1 465320 256560
1 254711 799776
2 367188
2 67578
0
1 119060 484920
2 507751
0
0
2 235292
1 403379 551643
2 24671
2 128515
0
0
1 678117 820795
1 795677 234085
1 907169 286696
1 359542 133053
1 247514 524701
0
1 495207 46862
1 117650 853248
1 11802 555738
0
2 621
2 497989
1 864129 36408
2 216133
0
2 900278
1 660044 327197
1 128579 671327
0
1 440987 776763
1 466580 654068
2 326894
0
0
0
2 603363
2 862357
1 897191 286300
2 807144
0
0
0
1 949789 833260
0
1 296661 246472
0
0
2 835413
1 355106 852520
0
1 985041 453339
2 776542
2 900036
0
1 816848 437965
1 224971 887946
2 872510
0
1 878310 231685
2 478438
1 588044 853335
2 350771
1 980666 879037
0
2 850638
1 759912 232897
2 321972
2 232588
0
2 263724
0
1 511403 592627
1 162466 7471
1 758057 383692
1 115776 564626
0
1 166779 197653
0
2 236827
1 528574 410977
2 492228
1 336704 555664
1 440006 156791
1 635655 664301
1 332574 114883
2 920226
0
0
2 945958
2 406185
1 155117 866969
2 399855
0
0
2 350661
0
0
1 502729 467500
2 675602
0
1 314691 360386
0
1 392567 180468
0
2 685978
0
1 367255 271805
1 869709 761272
2 916816
2 499111
1 191970 174248
0
0
2 637793
1 585558 291403
0
1 350043 244286
0
2 582001
0
1 752786 421288
1 39974 780312
0
1 956144 151957
1 514361 398257
2 846254
2 689708
2 526311
2 724790
0
0
2 288313
1 562174 385980
2 467880
1 526265 897028
0
0
0
2 261612
2 832776
1 454074 70426
1 812172 226566
0
1 473730 324448
0
0
1 137027 439565
1 615754 397442
0
0
0
1 125448 281547
0
2 400979
2 124097
0
0
2 472512
1 188713 569903
0
0
2 274703
2 927459
1 12632 837473
0
0
1 827447 923255
0
0
0
0
1 130822 953710
1 128390 410923
2 562639
1 828339 993692
2 748330
2 494156
0
0
0
2 312372
2 809185
2 220370
1 591367 733734
2 307916
2 971366
1 506343 133148
0
1 373521 251029
2 9584
1 557571 356867
2 679571
2 167139
2 723465
1 582128 334607
0
0
2 711193
1 838152 477507
2 172743
2 144609
0
0
0
2 768048
0
1 133679 518015
0
1 172203 724518
2 203991
1 925408 509243
0
0
2 693127
0
2 626387
1 551225 819429
2 509036
0
1 170337 452266
2 597735
1 361799 833088
0
1 220041 595030
2 318981
0
2 954394
1 406686 367008
1 203792 314867
0
1 336171 469701
1 182979 55836
2 675672
0
0
1 804367 578052
0
1 834004 731604
1 389303 10961
2 870903
2 464907
1 765359 108671
1 319746 949264
1 355665 637368
2 209822
1 224826 918545
0
2 347123
1 761495 203471
1 884531 396685
0
0
2 283071
1 419641 865379
2 5291
2 893590
1 712711 785625
0
0
2 216518
1 218933 581776
1 245157 97516
0
2 943894
0
0
2 192615
2 681798
2 277708
2 492647
1 545610 488932
1 819497 87608
1 636596 585726
0
1 234895 460550
1 534171 85115
1 473336 6503
0
0
2 230081
2 312305
0
2 797939
0
0
1 283361 364919
0
2 702785
1 816109 14531
1 399731 684433
2 112107
2 291040
2 324967
1 246348 91856
0
0
0
2 72394
0
2 910150
2 507604
0
0
2 579843
0
1 402538 383627
0
2 591563
2 212297
1 199034 235761
0
2 493324
0
0
0
2 717399
0
2 965409
1 96426 258236
2 19425
0
1 246705 473821
2 959916
0
2 358359
1 184950 597568
2 555868
2 184472
0
0
0
1 877602 552061
1 493485 104139
2 293818
1 96721 175679
0
0
0
0
0
2 680
0
2 789765
0
2 591343
1 367387 99074
0
0
2 405810
2 81268
0
2 29977
2 20657
0
1 35110 832348
0
2 8194
2 26359
2 194
1 912411 16739
2 638905
1 26533 864948
1 470791 837859
2 462828
2 159219
0
1 265664 883145
0
2 49081
0
0
0
0
2 191059
2 116775
0
1 426296 733919
1 71710 910817
2 162180
1 570267 931121
0
2 959619
1 139159 858374
0
1 550593 170526
0
2 585955
1 749191 759123
0
1 97841 465355
1 81701 803338
2 360850
2 423124
2 108623
1 481748 473313
2 144944
2 336160
2 27833
1 209926 394425
1 929488 918198
0
2 839749
0
2 120535
0
0
1 278324 127254
0
2 325182
2 164655
2 53643
2 10742
2 8377
1 301491 267433
0
2 254654
0
2 58660
2 261
2 321
2 190
2 41
0
1 301749 723852
2 43818
1 465248 473715
1 269505 596765
2 743669
1 277786 923183
1 770391 922086
0
0
2 809293
0
2 86969
0
1 347420 603158
2 553472
0
2 84793
1 193579 780512
0
0
1 524713 965677
0
1 452964 390193
1 555330 82819
1 871631 318481
0
1 302962 709278
0
0
1 603395 764598
1 497785 143515
2 760504
1 153250 311123
2 149796
0
0
1 521804 910390
2 480745
1 215071 28817
2 103827
0
1 234926 338966
0
2 628385
1 331814 420108
1 602393 101970
1 195295 782996
0
0
1 806143 571899
1 560940 353813
1 758096 754304
2 358771
0
0
1 877106 221813
1 98471 727586
2 214324
2 685445
2 449753
2 794294
2 311084
0
0
0
2 759074
2 178493
0
0
2 628564
0
2 207389
0
1 213564 220616
1 483871 648494
0
1 518139 247834
1 878881 46673
1 659610 331744
2 676705
1 899589 983846
0
0
1 803174 87601
1 850861 598178
1 983293 92930
0
1 599691 603145
0
0
1 423377 567816
0
1 404904 959881
2 908985
0
0
0
2 252650
2 438098
0
1 27419 659016
2 473475
0
2 778394
0
0
1 606922 796037
1 989318 537690
1 165558 296322
0
0
1 497946 129873
2 832290
2 945521
2 724105
0
0
0
0
1 772713 739999
2 557163
1 678673 378388
2 547094
0
0
2 651184
0
2 500460
2 150059
1 877219 561362
2 215191
0
2 258880
0
2 743006
1 433030 190226
0
1 691505 324540
2 839606
2 253173
1 69279 785755
0
2 337712
1 169652 15094
1 794499 34960
2 736751
2 848483
2 275176
1 619670 681025
0
0
2 386081
2 974196
1 917310 984991
2 196672
2 858635
1 210313 489830
2 476869
1 344953 108223
2 844962
2 415525
0
2 318689
1 622652 959119
0
0
1 111974 622772
2 726690
2 786316
2 275586
1 988276 827089
0
1 319582 263466
2 57985
0
0
0
1 725412 921437
1 406851 618164
0
0
2 714326
1 745480 20797
1 251184 629355
2 90667
2 756682
2 209824
0
1 560371 285612
2 171555
2 402892
1 891513 551482
2 363904
1 345525 237537
0
0
2 633945
0
2 402646
0
0
1 92409 618338
0
0
0
1 701343 350801
2 44957
2 455989
0
1 120427 708461
2 2175
1 395728 263802
1 792250 58332
0
2 665333
1 182796 816950
1 751806 750021
0
0
1 348107 796589
0
0
2 590973
1 666045 469299
1 761916 570142
0
2 705507
2 857908
1 524745 53406
0
2 140253
0
1 780893 802789
0
0
1 152624 190509
1 67956 834335
1 892246 818648
2 184963
1 196253 659326
1 118874 278969
0
2 945159
0
1 17341 272609
1 772252 264188
0
2 259120
1 326182 723903
2 77422
1 182349 229126
1 859692 78687
2 822498
1 735394 898123
2 591589
0
0
1 465802 819202
0
0
0
2 827806
2 777515
2 213326
1 873382 222630
1 117135 425227
0
1 752156 655410
2 719564
2 249926
2 716334
1 190710 37320
2 42488
1 49953 301269
0
0
1 5752 895443
1 201457 948682
1 637566 459620
1 847236 570025
2 581734
0
1 582101 532855
1 584986 959577
0
0
2 694628
2 215756
0
0
2 991268
0
1 709784 226677
1 619730 970779
0
1 851239 927269
0
0
2 466775
0
0
0
1 334321 634808
0
0
1 94260 711067
2 463483
0
2 915891
0
1 409164 661252
2 519276
2 281911
0
0
2 274469
0
2 558851
2 859593
2 412548
1 686900 888074
0
1 721740 864579
0
0
2 686890
1 830615 712289
2 587248
2 134420
1 841630 722367
1 787519 109346
2 490081
2 876123
2 822405
0
2 16536
2 230155
0
2 967970
1 606430 681787
0
0
0
1 8612 230678
0
2 654221
0
2 983966
2 477419
2 853778
0
2 247774
1 125088 224299
0
1 400454 928664
2 563892
0
1 707154 909730
1 756151 884039
0
2 931171
0
2 502190
0
2 149651
1 7462 158225
1 44340 702963
1 473993 461704
0
1 358975 792777
1 833034 975846
1 597095 310871
2 262237
2 493359
0
1 404446 642336
0
2 287309
0
2 883077
2 639357
0
0
2 57731
1 622182 179119
2 563056
2 270083
0
2 68984
1 999826 588357
2 23644
1 225780 799688
1 952115 129543
1 892528 683821
0
0
1 906239 181826
1 929194 759500
1 550095 380005
1 607855 360516
1 882506 346470
2 360825
2 32193
0
1 912412 463445
0
2 307857
0
2 347924
0
2 747482
1 611776 401505
0
1 109444 736760
1 665869 555351
2 215338
1 991419 520509
2 466153
0
0
0
0
0
0
2 452363
0
0
1 548812 669644
0
1 919634 698096
2 873543
0
2 365244
0
0
2 610929
0
2 59887
0
1 728342 957439
0
0
1 846416 242724
1 685556 146017
1 807693 600943
1 47864 82850
1 696473 812343
1 483457 46508
2 381284
0
1 635351 432367
1 245476 827048
2 245080
1 414548 489841
1 955911 162229
0
1 410348 666937
1 633321 431935
0
1 560770 350500
2 714670
0
2 472516
0
0
0
2 147977
2 670319
0
1 898756 630940
1 718414 632087
1 645874 234760
2 806295
2 708030
0
1 211911 761701
2 6486
0
2 418475
1 646968 815361
2 639102
2 767158
1 104839 906652
1 955917 79282
0
1 523170 814640
2 588455
1 323809 780055
1 517047 572305
2 724438
1 547224 760610
0
0
0
2 615423
0
1 213298 262813
2 490525
1 489364 937230
2 948591
1 759998 434106
0
2 181068
0
1 323042 130262
0
1 16659 232371
1 564908 248015
1 895319 903363
2 944281
0
1 443272 494333
0
0
1 32863 294544
0
1 68534 182230
0
2 166876
2 540848
0
0
1 717094 609846
1 637049 279860
0
2 10636
0
0
2 830029
0
2 728899
0
2 139409
2 846175
2 200796
1 247597 971908
0
0
1 735315 357590
2 273960
1 37660 572788
2 786485
0
0
0
2 51512
0
0
2 96853
1 419497 306585
1 155805 445341
2 967838
2 211554
0
0
1 488473 226856
1 10734 358071
1 357187 652770
1 596663 525712
2 395264
2 833539
1 627386 495227
0
2 52688
1 695549 265838
1 373616 125811
0
2 607311
2 322843
2 508970
0
1 988449 966900
2 11258
2 525739
1 389257 693423
1 597903 111392
0
2 12216
0
0
2 164438
0
1 967559 527264
1 757841 114788
0
0
0
2 373997
2 476737
0
1 178452 986572
2 444371
0
1 107419 325169
2 122092
2 707478
0
1 583809 478713
1 899744 833719
1 710324 975565
2 219260
2 187258
0
1 143422 536142
1 201935 276859
0
2 893644
1 881896 343985
1 101222 932475
1 654759 539984
1 964271 754605
2 328827
1 257566 293485
2 873859
1 952140 912920
0
2 289318
1 182545 436935
0
1 671822 688835
2 610215
2 814801
0
0
2 542405
1 689864 954524
1 207068 465405
2 58740
0
0
0
1 966467 409764
1 406025 24987
0
1 96864 6028
1 539502 695120
1 936409 551803
1 10463 966960
1 241350 321368
0
1 172695 490664
2 363752
0
2 471522
2 612111
0
0
1 694641 680104
2 881786
2 442685
0
1 505142 392170
1 546377 251226
1 106512 279968
0
1 988294 877564
2 771241
0
1 402288 646257
1 943084 582619
1 890358 839840
1 853550 242267
2 915242
0
2 213680
1 368898 181947
2 768303
0
1 215320 227369
1 477889 889169
1 373434 80196
0
1 886818 327514
0
0
1 293251 479588
1 698799 660527
1 769858 910037
2 415233
2 520204
0
2 832643
1 822185 977247
2 159933
1 735030 399068
2 585019
2 785729
1 103162 30526
2 194592
0
1 129292 585907
0
1 216644 536973
0
2 548743
1 508662 966950
2 315273
0
0
1 812576 693169
1 798621 45367
0
2 704821
1 261411 275198
0
2 955712
2 670323
1 296838 726661
0
1 174215 835277
1 612919 825659
1 813488 580353
2 723829
2 355123
2 245889
2 477805
0
1 467293 830251
0
0
0
1 332073 633484
1 566985 95588
2 822726
0
1 558432 788874
1 471793 739746
1 792065 578666
2 650956
1 652582 479593
2 820444
2 415778
2 180840
1 461925 439450
1 367191 352066
0
1 798427 129970
1 133369 1674
2 548202
2 378447
1 96087 621849
1 422707 619096
1 298219 839108
2 283332
1 280755 807502
2 862916
1 208184 693200
1 990334 752886
1 515265 850652
1 49304 622948
0
1 947089 315493
0
0
1 604784 711475
2 509152
0
2 939204
1 116048 974298
1 502845 107534
2 178510
0
1 175653 259086
2 275216
1 671306 491971
0
2 297212
1 753512 692787
1 340554 907769
2 751714
1 460508 955128
1 896232 919284
2 552110
2 326084
0
2 318117
2 593882
1 507179 915135
0
1 74584 564872
1 558684 316687
1 719503 333605
2 21808
2 685302
1 99098 492767
1 855924 863203
1 518380 749925
1 533977 992038
1 337012 603496
0
2 116735
1 352392 87728
1 559191 607650
1 337315 260437
0
2 684005
2 828983
0
2 484315
0
1 144712 845872
1 412169 753489
0
2 779417
0
1 317536 628003
1 100931 808778
1 436226 939753
0
0
0
1 669288 852189
2 987171
1 386965 472028
2 380757
1 680494 319306
2 312290
1 753587 709869
0
2 253670
2 120177
0
0
2 23550
0
0
1 971886 83996
1 257133 846018
0
0
1 480356 357150
0
2 388476
2 64406
2 203964
0
0
2 774388
0
2 231676
1 981483 44040
1 866678 140805
1 617326 349760
0
0
1 95758 335282
2 386415
1 676102 918805
2 420783
1 482421 104985
0
0
0
2 633979
1 118377 502
1 462645 355368
2 966907
1 999447 893940
1 263723 925140
2 206633
2 683176
1 784269 186567
2 126641
2 681883
1 121797 888600
1 244136 743449
2 312613
1 571109 226724
2 312586
0
1 307667 277179
0
0
2 868006
0
1 581029 706145
0
0
0
1 353579 960358
1 56785 604209
2 570166
1 528916 41644
1 566484 647608
2 465393
2 13466
1 167883 486164
1 603229 100980
2 119792
1 173223 975801
2 715657
2 74949
1 208901 834888
1 992457 973899
1 22307 148047
2 477291
2 332826
0
1 387071 792470
2 274785
0
1 248148 30427
1 312582 48632
0
1 246813 766562
2 706273
2 159482
2 169043
1 65536 799201
0
2 180724
1 694917 447153
2 477117
1 711173 442218
2 198749
0
1 769996 262473
0
0
0
2 508660
2 750872
1 34350 331862
1 23479 194687
1 443828 642480
0
1 543251 73223
0
1 632108 47387
2 824322
0
0
2 475671
1 363044 591542
1 164406 729630
0
1 213125 422403
1 355319 216550
1 334272 816398
1 261311 833000
2 702459
1 512642 29216
0
1 137643 116786
2 299609
2 483134
2 155732
0
0
1 557450 629169
2 75053
0
0
1 111605 53702
2 212409
1 391581 296052
2 714438
1 801834 899830
2 244619
2 115104
2 520059
2 464532
1 92332 162073
0
1 309222 774137
0
1 788448 44405
1 38280 531582
2 650449
2 220716
0
1 564940 16699
0
1 839484 708406
1 421003 199333
2 354786
2 790922
1 308384 442528
2 979350
1 500431 856028
0
0
1 944835 379385
2 583103
1 278489 111268
0
2 635084
0
2 642876
0
0
0
1 846244 924979
1 195683 54543
1 321689 142383
1 749845 510495
0
1 499868 227227
0
2 303657
0
0
0
0
2 104010
0
0
0
2 789584
0
0
1 156341 899788
1 998149 28589
1 595579 891897
1 272115 800613
0
0
2 730470
2 269580
0
2 424130
0
2 461980
2 110135
1 110488 979905
2 495061
2 653555
1 342772 626943
1 284185 819931
1 850090 694878
2 895547
1 135842 447498
1 392983 891706
2 304939
0
0
2 164190
1 837350 774090
1 296791 38442
2 162317
1 828466 631652
1 547658 393008
1 846622 606824
1 417321 556290
1 127728 22076
1 23159 72134
2 873726
1 46492 347224
2 442882
2 712100
2 798081
0
2 594548
0
0
1 194434 144738
1 483748 988860
1 138955 328841
0
0
1 584928 123026
0
1 409723 110998
0
1 410672 11467
0
0
1 933592 784097
1 393791 399277
2 838340
1 739821 984444
2 831421
1 604330 507572
0
2 831106
0
0
2 768417
1 39545 228624
2 133104
0
2 432803
1 222116 964655
2 474274
2 475010
0
2 25357
2 603076
2 356132
2 459707
2 458087
1 34184 140257
0
0
1 276147 860900
0
1 302432 695246
0
2 19804
1 776697 606734
1 683429 692516
0
1 231754 260818
1 414177 907456
1 560753 1040
2 272838
2 384415
2 161580
2 858017
1 518708 304711
1 335293 533459
1 95814 94647
1 604132 742110
2 994916
2 44796
1 429875 439994
2 525215
2 840391
2 925203
0
2 694561
0
1 284355 924875
2 287149
1 484945 96534
0
1 263658 724439
1 363407 904540
0
2 499242
0
2 43161
1 688415 893269
0
0
2 112667
2 626216
2 721603
0
2 554619
1 684467 444924
0
1 569639 971165
2 874803
1 431103 662274
2 597067
2 144923
0
1 452166 290390
1 340520 828024
2 911879
0
0
0
2 43742
1 862868 10707
0
2 398897
2 112361
1 112916 371444
1 837805 56160
1 74605 577735
2 738984
2 990835
1 966489 514203
0
1 783833 242499
1 10114 469386
1 737954 369546
2 583656
1 298355 686501
2 601987
1 936009 52855
0
1 651822 910372
1 107053 578981
0
2 825909
2 195153
1 10716 292697
1 370030 749016
1 383724 670704
1 362577 583434
0
1 670887 206444
0
2 581916
0
1 386954 164169
0
1 895785 361192
1 927053 657835
2 592168
2 223276
1 371093 755118
1 503404 398390
2 566707
2 10044
2 204074
0
0
2 183673
2 356451
0
1 53708 402738
1 965763 135484
2 44402
1 272941 190010
0
0
2 462352
1 428115 153372
0
1 713755 126552
2 629834
0
2 627879
0
1 869215 492919
0
2 457126
1 589781 971001
2 635799
1 404071 157543
0
1 242439 69439
2 175562
2 954170
1 84121 569937
0
2 877675
2 607751
0
2 67501
1 167145 148677
0
0
0
2 113886
2 35555
1 854408 891892
2 296073
2 255442
0
2 466609
1 285850 281018
1 923144 673317
0
1 267710 352769
0
2 273587
0
1 239602 331864
2 847704
1 22656 798487
2 802640
0
0
2 274965
1 677019 319638
1 119498 61108
2 551932
0
1 57976 527951
2 857164
0
2 283507
1 548313 115148
0
1 821437 897343
0
1 50999 982167
1 621512 25387
0
1 922105 378591
0
0
1 381515 703221
1 149451 995657
2 887028
2 469165
2 992111
0
0
0
0
2 9419
2 855845
2 732358
1 401601 769940
2 336752
2 96579
2 269435
1 380541 781124
1 129277 384818
2 240411
2 579035
0
0
0
0
2 153645
0
1 8427 246636
2 294400
0
1 596123 339626
2 737380
0
2 633395
0
0
2 15839
0
1 489744 116429
0
1 760542 798652
2 527505
0
2 399034
2 441701
0
2 137338
1 864709 582698
2 586605
0
0
1 331336 745577
0
1 730433 53820
1 596553 482855
1 674042 318044
0
2 145408
0
0
1 110177 590735
0
0
2 574178
1 425557 977946
1 52967 429081
2 66109
0
1 321873 274375
1 38722 92378
0
1 601949 286646
1 869023 55213
2 584561
1 151816 991387
1 24488 911429
1 184986 211906
0
1 149492 805303
1 689219 111189
2 761890
0
1 228328 487728
2 341107
2 125012
0
0
2 299348
1 912006 259329
0
0
2 63083
2 18920
0
1 252045 273786
2 340094
2 284344
0
0
1 957802 885452
0
2 475246
0
2 445049
1 288141 956117
2 336331
0
1 57084 610585
1 670781 888489
0
1 26895 842539
1 917296 263606
1 410780 669731
0
0
0
0
2 221986
2 976658
1 151443 426719
1 540182 652067
0
2 291409
0
2 820187
2 176440
1 262711 831115
0
1 658304 386692
2 947740
1 7992 66800
1 768332 948335
0
1 932139 501959
2 655475
1 6899 666948
1 564601 18312
2 125742
0
2 653209
2 628461
1 930606 689314
1 604856 478120
0
0
0
2 701739
0
0
2 536738
0
0
0
1 617809 385999
0
1 204117 437364
1 959395 906543
1 940535 67492
0
0
2 351550
0
2 687244
1 640668 976560
1 807262 632565
1 406483 839801
2 624158
0
2 288546
2 964868
0
0
0
0
2 768306
1 682100 138779
1 852296 842359
1 915047 449542
2 823362
1 576074 689763
1 517849 116749
0
2 957177
2 247076
1 570101 615824
0
0
0
1 474054 819234
1 471311 489087
0
2 399109
2 548982
2 403815
2 781170
1 113023 701661
2 251938
2 253309
0
1 658983 657093
2 20535
0
1 67105 34267
1 752153 583269
2 930341
0
0
2 460417
0
0
0
0
1 903840 160545
1 842537 870328
0
1 666461 781453
2 120598
0
0
1 247136 686671
2 201851
0
2 17953
1 630956 63020
2 118597
2 478518
0
0
2 669818
1 152189 233716
2 521150
0
0
2 257288
2 538004
2 94094
0
2 580498
0
2 874460
1 178412 666170
0
0
0
1 77746 360554
1 409488 375168
0
0
0
0
1 625799 18456
0
0
0
2 795397
1 875754 375243
0
2 734889
0
2 88326
2 130960
2 554849
0
1 734118 301809
0
0
1 536878 670486
1 543349 445826
2 825483
0
2 326982
0
1 685096 136445
2 110236
1 803658 71572
0
2 251581
0
2 72155
0
2 445113
2 520663
1 776780 439323
0
2 482115
2 986531
1 388684 790942
0
0
0
0
1 238980 817656
0
1 920137 821911
1 911478 942854
0
0
0
0
0
2 777112
2 703217
1 252814 710085
1 800100 48008
2 126339
2 869110
2 676386
1 890256 946540
2 496928
1 973606 362665
2 243844
0
0
0
2 506184
0
1 202365 565111
0
0
0
2 760090
0
1 178473 174622
1 669377 427419
0
1 918697 712051
0
0
0
1 569410 583717
2 127417
1 470961 10560
2 466522
2 506414
2 508333
0
0
0
2 584334
0
1 619750 2453
1 700496 531281
2 504331
2 74832
1 160830 94185
2 638490
2 104957
2 204313
2 739796
1 349742 737037
1 896627 527578
0
2 526619
0
2 586557
0
1 232291 881924
2 975919
2 684344
0
1 736185 721444
1 367258 536014
0
0
0
1 316454 626501
0
0
1 588749 790030
1 816158 92805
0
0
0
0
0
0
2 611909
0
2 177010
1 590117 782913
1 195295 668732
2 865465
2 161103
2 696051
1 374417 468229
1 613718 724573
0
2 819534
2 185367
1 414019 730106
2 645987
2 710386
0
2 552293
2 563352
2 445457
0
2 65783
0
2 982985
0
2 733002
2 870006
1 380534 980009
0
0
2 920074
0
2 243053
0
2 20902
2 432659
0
2 321459
0
0
0
2 623825
1 793176 232662
1 857724 372412
1 954621 557354
1 599986 856690
0
2 731026
2 546166
0
2 94064
1 704379 15583
2 587267
0
1 916839 332833
2 974584
1 302356 579299
0
0
1 189353 240574
1 322994 307347
2 750878
2 50368
1 320968 484263
2 416007
1 468675 544663
1 267246 261932
2 7279
1 45280 486350
0
1 78605 935369
1 177001 392677
0
1 792357 209597
1 807186 265245
1 95254 342528
2 615611
2 453997
0
2 4747
0
0
2 660069
1 843341 177717
2 343909
2 582951
2 40392
0
2 301145
1 276707 333083
0
1 942659 4449
0
2 260357
2 846473
2 415817
1 837412 814323
1 377160 211705
0
1 249841 877354
0
2 630983
0
0
2 799483
0
2 961017
0
2 181761
2 651556
1 71272 888845
1 884825 6803
0
1 972109 174844
1 430967 283707
0
2 15392
1 230703 392474
1 148992 710317
2 272610
1 304939 741456
0
2 195046
2 477717
1 133692 212434
2 448941
2 530442
1 614408 168846
1 142824 996110
1 274882 136007
1 497512 334686
0
1 546762 236003
0
0
0
2 177687
0
0
1 486694 139675
1 152081 960665
0
0
1 424117 180780
1 960770 98126
2 867498
0
0
2 877035
2 162382
1 23824 336202
2 114439
1 792960 248326
2 775325
1 501732 383666
2 834215
0
1 410696 510621
1 833873 598281
1 838117 87339
0
2 395168
1 707467 716312
2 982477
2 754992
1 687915 125208
2 72870
1 96839 29277
0
0
1 374752 697756
0
2 63282
1 998683 172855
2 288742
1 389859 510162
1 651527 346755
1 424330 651650
1 342832 333274
1 548091 926763
2 450695
0
1 768723 3320
0
1 358851 544238
2 168629
2 945065
2 985821
1 226986 916860
2 787651
2 576891
2 428162
2 710647
0
0
2 524058
0
0
0
2 71575
2 304718
1 547364 146575
0
2 218273
2 276574
2 423702
2 50791
2 979445
0
0
0
0
2 463202
0
2 201733
2 225209
2 500680
1 588711 48381
1 970654 431085
2 791650
2 802519
2 506213
0
2 529161
2 52712
2 770165
2 393571
0
1 699311 594838
1 59808 874115
2 397001
0
2 954303
0
1 822962 601818
0
2 787116
1 828100 141568
1 132029 732278
2 896140
1 389545 661737
0
2 136201
1 1465 966925
0
0
1 226335 195370
2 544437
0
1 838625 272460
2 265914
1 249615 26170
0
1 460738 732784
1 737558 890379
1 948918 480895
1 529165 752548
2 36468
2 100655
2 302179
1 811609 522757
1 600440 729251
1 599528 116607
0
0
0
0
1 213842 895548
0
0
1 43284 420431
1 613199 968508
1 856671 57294
2 353124
0
1 834250 355553
2 693824
0
2 319170
0
1 101425 629428
0
2 916216
1 882950 684039
2 42177
0
0
1 103929 97160
2 865248
0
1 962661 768296
1 260725 520790
1 272588 763598
0
1 829417 462831
2 859812
2 183109
1 988855 699140
2 100158
2 487299
2 72830
0
1 645039 658752
0
0
0
2 798859
0
2 677994
1 210833 315081
2 550787
1 69978 700224
0
1 880838 338596
2 935118
2 672926
2 846783
1 915855 120389
0
2 162141
2 593640
2 931216
2 843270
2 746427
2 765758
1 22225 977215
1 503161 379211
1 251631 327466
1 952780 254521
0
2 728050
2 565962
2 669984
1 800886 272160
2 221746
0
0
2 406853
0
2 298688
0
1 940961 103146
2 960343
1 86736 417137
0
0
1 752018 70662
1 381809 124552
1 843887 586286
2 529892
2 784740
2 826927
2 253658
2 532882
1 470259 740044
2 260502
0
2 343239
0
1 901816 802251
2 113950
0
1 266291 469813
0
2 256882
1 429786 554936
2 224668
0
2 577641
0
1 783724 611357
0
0
0
2 166098
1 626335 600234
0
0
1 771528 912129
2 477676
1 592675 641530
2 355758
0
0
1 830631 959066
1 102851 645092
2 64091
2 386361
2 425757
1 592163 339922
0
0
2 817770
2 42596
1 977622 591811
1 659459 105475
2 151671
1 468179 429193
1 338553 799214
1 550459 932682
2 62352
0
1 842368 531333
2 762134
0
1 144997 832304
1 814786 141681
0
1 507172 587236
1 17155 795396
0
1 669599 537274
1 730304 453315
1 596271 766541
1 73759 617724
1 66016 227651
1 322755 592612
0
0
1 150539 133895
0
1 481590 856915
2 475776
0
1 351319 7143
0
0
1 787084 768921
0
1 292750 225134
2 597086
2 991421
1 430284 470273
1 367359 917243
1 694349 616260
0
1 114970 771340
0
1 668175 315727
2 347922
2 162581
0
1 192356 540970
2 629605
1 989496 439524
1 71463 403093
1 196114 497021
0
2 816804
2 85273
0
2 30975
2 343093
2 127904
1 736997 567054
0
0
0
2 676631
2 12675
1 925740 939078
1 617535 448991
1 262384 330182
0
0
1 813293 748708
0
0
0
1 796489 380449
0
0
2 228066
0
1 269321 11259
2 592763
1 219762 490384
0
2 600453
2 20207
2 173448
0
0
2 915019
1 702589 615731
1 28683 377250
0
1 787091 370215
2 312653
1 573926 969795
2 256775
0
1 61377 29379
2 209407
2 228794
0
1 241173 715259
0
0
2 564450
0
2 182456
1 236846 784703
0
1 899890 470081
1 613915 812626
0
0
2 56456
0
1 90009 852635
2 982165
2 579381
2 870488
1 615115 582654
0
0
0
0
2 655569
0
1 755900 871088
0
1 952422 582184
1 357201 891884
1 786512 608410
1 362843 838291
1 411491 669629
0
0
0
1 243028 376261
2 880874
0
1 779876 21584
2 576131
0
0
1 11529 256614
1 692156 83144
1 807802 400775
2 726484
2 701673
1 153161 791266
0
0
1 531494 838840
0
0
0
0
2 645239
2 884213
0
1 343796 860011
1 928857 59052
2 917569
1 968522 747211
2 633632
2 850482
0
0
0
0
2 146575
0
0
0
2 692106
1 46529 129613
1 346518 718957
0
2 132070
0
2 221675
2 377356
0
2 398918
1 892841 115288
2 703591
0
1 456566 643436
1 123913 284445
2 199392
0
1 259697 769094
2 652035
1 397368 779469
1 691301 792445
0
1 834026 239277
0
1 411869 668884
1 687461 457985
0
1 605221 15947
1 17843 606707
2 382298
0
0
1 492234 713461
0
1 475814 242478
0
2 770783
0
2 712690
0
2 507295
1 254675 771009
2 500588
1 232976 113611
1 18321 733384
0
1 538247 457309
2 779874
2 533571
2 750360
2 353678
0
0
2 823937
0
1 9246 690155
1 173734 677607
2 16030
1 4587 114445
0
1 335554 907680
0
2 326355
1 367597 318578
1 498476 520218
0
1 825477 838363
2 559038
2 679317
0
0
2 256525
2 31655
2 491632
0
2 790966
1 423910 211879
2 686509
2 124855
2 678267
1 276945 507314
2 344608
1 685543 322753
1 799853 458311
2 807571
0
2 252166
0
1 346114 404810
1 572643 162220
1 90208 328607
0
1 583583 332650
0
1 881805 28266
1 205372 486854
1 651551 416650
0
2 942962
2 32407
1 673050 884095
0
1 448405 226757
1 117215 864815
2 351933
0
0
1 679648 576992
0
1 501208 193666
0
2 765612
1 935361 238896
2 969805
2 234490
2 628655
1 923631 206367
2 970633
2 354034
2 547064
2 940699
1 226155 616184
2 281618
0
0
1 970776 669132
1 238356 92557
2 927013
1 943161 819240
2 932003
0
2 904951
2 349369
0
1 385384 111204
1 384357 204629
0
2 399746
2 26048
2 936181
2 707634
1 79825 155763
1 639660 156093
0
2 758121
0
0
2 82327
2 595526
0
1 925771 181123
1 993327 717614
2 931073
1 609949 660519
0
2 795110
0
2 465335
2 181323
1 660400 471193
1 498088 208444
1 911987 753477
0
0
1 687708 887834
1 148345 574275
2 957871
1 411403 498154
1 202944 209422
1 838519 432167
1 408582 889526
2 541131
0
0
1 992527 29703
0
2 971338
1 979689 267855
2 290367
1 28935 724123
1 696999 806764
1 150004 946900
2 115609
2 510072
0
2 269451
1 508984 438802
1 868685 148877
0
2 115822
2 351360
2 516706
0
2 873410
2 208891
0
2 476207
0
1 767246 893874
1 142473 118716
1 51168 829337
1 29319 384751
1 667571 648481
1 777717 399272
1 285221 3502
2 750868
1 945581 175782
0
1 282416 252194
2 112008
0
0
1 188340 264426
1 372467 53655
2 406089
1 442306 977966
1 495592 636293
2 416654
1 663731 382559
2 420335
1 434397 876709
2 22487
1 256988 440504
2 126394
2 854252
2 844978
2 755428
0
0
1 393765 603193
2 486342
1 145184 69178
0
2 344927
2 220884
0
0
0
2 286931
1 866476 508784
2 157717
1 834559 605747
0
0
2 444601
0
1 454187 472358
0
0
1 164344 557791
2 924009
1 970725 825744
2 618484
1 939849 995808
2 65030
0
1 949669 514063
2 243562
0
2 363346
0
2 311443
1 694572 937603
0
1 647497 563098
2 530983
0
0
0
1 480637 89054
2 3918
1 859011 456275
1 239511 981472
2 522073
2 620618
1 864114 972623
1 473098 855532
1 91064 133897
0
2 728319
2 832390
1 896521 359338
2 726118
2 239080
0
1 350041 865354
0
1 823465 913498
1 969033 766246
0
2 158560
1 815774 735139
0
0
0
1 114714 448180
2 713749
0
2 390884
1 503543 246299
0
2 374199
2 135549
0
1 252624 409716
1 557255 83978
0
0
2 166174
0
0
1 685218 264207
0
2 126741
0
1 276868 405436
2 494170
1 33372 641670
1 90599 61749
1 207613 349924
1 756710 285447
0
0
2 520981
1 486418 900677
2 279934
1 934677 436622
1 718967 585232
2 610480
2 865314
0
0
2 48859
2 384366
1 50620 742947
0
0
2 531605
2 571223
0
0
2 211085
2 579982
0
2 43187
0
2 545445
0
1 665084 605325
1 371501 291055
0
1 711630 386595
1 961397 556900
1 213257 609590
2 195161
1 699279 180765
1 507972 106875
0
2 795189
1 649314 201270
2 794820
2 783084
2 97710
1 676604 713553
1 709926 669718
1 329402 553897
2 340166
0
0
2 902782
1 425553 999779
1 168491 971120
2 947330
0
1 813401 768805
1 748421 346236
1 780302 954636
2 606101
0
0
2 376816
2 936974
1 490047 31309
1 625332 607639
0
2 203014
0
0
0
2 912346
1 220396 917462
1 418793 425875
1 646326 823522
2 798747
2 272034
0
0
0
2 53821
2 183342
2 406299
0
0
1 477959 78700
1 274945 285299
1 781302 492153
1 556695 120398
0
2 464158
0
2 495864
2 829058
2 835909
0
2 19812
0
2 228330
2 457234
1 913353 489952
2 278496
1 359408 698327
0
0
2 629296
1 213549 738056
1 993954 564758
1 144116 499590
2 748136
0
1 611711 328608
2 666122
2 37516
1 475605 44939
0
1 989176 630827
2 625389
2 667298
2 988267
2 277219
1 889783 4296
0
1 169111 789593
2 168137
0
0
1 888641 841198
1 655421 816688
2 815787
1 207479 962178
0
2 998045
2 390535
0
2 658764
2 992878
1 399502 730140
0
2 846774
1 877794 942483
2 243487
2 450775
1 784810 818173
2 250833
1 593423 624801
0
1 549342 861884
2 493404
2 869022
0
1 612702 906172
1 46583 720386
2 821898
1 534274 121216
0
2 559271
1 250075 754198
0
1 354907 225968
0
0
2 51420
1 592251 180614
2 240108
1 822305 263151
1 296154 116567
2 241148
0
1 905440 245757
0
1 543637 820897
2 825157
0
0
0
2 706776
0
0
2 297913
1 550723 576203
2 402452
2 615889
0
0
0
1 584021 219688
0
1 227509 419256
0
2 285865
1 6341 303108
0
2 228594
1 49947 375234
2 921322
2 185963
2 425237
1 598139 669270
0
0
2 408348
0
1 599356 140950
0
0
0
1 781182 268083
0
2 672988
1 939995 271905
2 588122
1 343691 769637
1 209613 221091
0
1 861744 651672
1 938941 386167
1 190047 426481
1 186215 944450
1 655789 519608
0
0
2 161561
2 714543
1 680131 621430
2 6726
1 911527 899919
0
1 316671 914881
0
2 699351
1 867111 325641
0
2 306699
0
1 888781 823308
0
0
2 6415
2 526974
1 19225 971760
1 105796 408004
1 282716 559825
2 219973
1 374492 887870
1 26386 221470
2 315232
1 153698 887876
1 78407 635607
1 441287 921206
1 618266 992044
2 909704
2 39424
1 400006 814552
0
1 278474 435078
2 958414
1 414640 802062
1 436339 386716
2 856948
1 871365 21598
0
0
2 504363
1 951579 253109
1 165208 746216
0
2 900278
1 685403 650210
0
2 119176
2 599331
2 874769
2 55140
2 812780
2 274730
0
2 439340
0
0
2 863987
0
2 545994
0
2 869304
0
1 733102 574020
0
0
1 468944 460270
2 697187
1 746962 640638
1 691511 26785
0
1 408673 354180
2 113641
0
0
0
2 554812
2 782969
1 462619 568235
1 626252 420393
0
1 354236 165253
1 8360 827516
1 598215 157927
1 492804 203799
1 855040 808513
1 808627 32001
0
1 816071 950020
1 17524 229687
1 223456 387416
2 408986
0
2 469188
2 70917
2 891727
0
2 716858
1 894600 323483
2 213607
1 558612 305347
0
0
2 703101
2 791222
1 299947 847810
0
2 233263
1 686454 667286
1 676013 616704
2 791116
1 34602 565401
0
1 114476 134398
1 726248 16614
0
1 255266 816132
0
0
1 115544 393727
1 503670 30478
0
1 246684 745982
2 741077
2 749431
2 119720
2 51214
0
0
1 588901 259893
1 772918 357310
0
1 866281 833811
1 758272 635273
2 512636
1 495211 190907
1 854557 520587
1 520412 202969
1 36986 292194
0
2 975202
1 948138 755899
2 335262
2 100116
2 564841
2 783797
1 838172 402086
0
0
0
1 207470 26092
0
2 236465
0
1 885515 765267
2 14071
2 495125
2 408834
1 836243 973792
2 33362
2 111957
0
1 435531 789203
1 918055 892016
1 133417 430096
1 836097 602184
0
2 126035
2 298483
0
0
1 999223 454862
1 723572 948873
0
1 784666 126584
1 126167 211580
0
1 106238 444512
1 848524 91949
0
2 842663
0
0
1 911203 247279
0
1 172918 263747
1 91105 518511
1 157848 962441
1 220654 333787
1 762815 462244
2 684920
1 753669 254333
0
1 380682 72940
2 959642
2 588093
2 17644
0
1 822662 899987
2 453805
0
2 917772
2 2291
2 400833
1 266801 170016
0
0
2 422961
2 788748
0
2 214909
1 950577 54978
2 996631
2 830521
2 445884
2 212810
1 826964 56167
2 368714
2 524873
1 230412 153640
0
1 257924 41743
0
2 773507
0
0
1 123897 991446
1 756363 510425
0
0
0
1 950917 608204
1 535150 169684
0
1 498627 956485
2 300861
0
0
2 949274
0
2 678515
1 348469 493292
0
0
1 943445 486309
0
2 214643
2 518759
0
0
1 415419 73412
2 897732
1 655710 952065
2 186467
2 1555
2 450402
1 424464 572054
0
2 708044
0
2 55237
2 326593
2 487194
2 772310
0
2 184932
1 940713 733950
0
0
0
2 261741
0
0
0
2 803526
2 526747
0
2 489829
0
1 928838 434125
0
2 788564
0
0
1 932403 699314
1 524758 626575
1 15793 449906
0
1 155645 32847
2 36800
1 152121 175935
1 107927 511322
0
2 580522
0
1 336446 101453
2 232807
1 769944 131052
2 88636
1 37655 349673
2 992983
0
1 446115 376175
0
2 721814
0
2 428270
1 408676 820270
2 418082
0
1 634453 138591
0
2 445309
0
2 280638
1 85885 481545
0
2 277631
2 430137
2 44519
1 276173 753970
2 902636
1 37394 185507
2 518974
2 647833
0
1 368390 873003
1 297551 41334
2 966356
2 83304
1 239411 883590
0
2 350864
2 629757
1 344775 244473
0
1 573608 819520
1 806528 161041
2 744823
2 493977
2 571006
2 614886
2 623972
0
0
2 606311
2 83783
0
2 623288
2 879788
0
0
2 605326
1 5664 586484
1 89490 56614
1 105570 314436
1 111205 266804
1 424619 650078
2 206077
1 174189 119388
0
2 40040
1 414518 589022
1 707391 34698
2 258576
0
1 626454 392846
1 529946 656554
2 201883
2 441989
0
0
0
1 131466 908973
2 795875
0
1 440987 246343
2 307296
1 741761 505555
1 345443 856289
0
0
0
2 324046
1 347059 687473
2 848331
2 76404
2 552089
1 341898 732562
2 42564
1 133159 273474
0
1 832046 326563
1 387688 979728
0
0
0
0
0
2 571871
0
1 511794 38786
0
0
0
1 480367 542051
0
2 394011
1 753083 748549
0
1 966495 419996
2 234049
1 575237 900123
2 581103
0
0
2 845202
1 906843 708644
1 647768 211221
2 533278
1 698253 831717
0
0
1 292466 91623
0
1 607833 74302
1 723229 3355
2 35734
0
1 568004 863298
1 747498 106553
1 236700 124396
1 399313 309807
2 132960
1 909355 87680
0
0
2 512454
0
0
1 515390 597174
0
1 404184 864147
2 5406
2 621327
0
2 621272
0
1 272046 839205
1 693954 399637
0
0
1 822130 541934
0
1 820931 942325
1 189406 343129
1 759097 250318
1 796521 908964
2 239445
0
0
1 47534 739836
2 146378
0
0
0
1 349284 218620
1 506627 666660
2 399284
1 219530 479821
2 62276
0
1 485745 164878
1 14371 329344
0
1 984640 323051
0
2 303988
1 752105 583698
1 130518 592834
2 519052
1 873917 835765
2 194833
1 242856 29785
2 926765
1 518920 464150
1 940401 316542
1 726417 919906
0
1 873366 734460
1 172183 575530
1 911170 72739
2 753760
2 900671
1 427606 246740
2 729900
2 597169
1 850451 956270
2 745614
1 125154 629783
2 197320
0
1 19560 576453
0
2 84069
0
1 849433 978889
0
1 208261 427004
1 554920 249808
0
2 233044
2 722094
0
2 307517
1 181156 658009
1 211948 357034
1 296699 755994
1 927362 27627
2 864904
0
1 722214 365026
0
0
1 547406 53366
1 464720 461822
1 90 552849
2 563783
2 77249
0
0
0
0
1 307817 309271
1 810706 473031
0
1 313076 188839
0
0
1 413244 25239
1 157971 603718
0
0
0
2 645012
2 556007
2 449675
2 832154
1 399435 518632
2 505583
2 722914
1 72402 737507
2 13657
1 823787 316017
1 636880 623992
1 894009 502838
2 923933
0
1 670454 942300
1 420609 29964
0
1 849833 701879
0
1 141880 342327
2 644155
0
1 973373 947438
2 104201
0
0
0
1 819354 43816
1 584341 420796
0
1 460666 851973
0
2 209893
1 937373 917059
0
2 731465
1 494511 263078
1 328 961005
2 262849
0
0
1 783778 94952
2 596243
2 710980
2 34687
2 974191
0
2 396254
2 660026
1 152122 22443
2 554114
1 308754 424612
0
1 9145 90526
1 525154 972792
2 422546
2 840167
1 345384 384668
0
2 603214
0
1 49166 570993
0
2 559559
0
0
0
1 91887 574570
2 548644
2 46863
2 741241
2 84259
1 138505 247201
0
0
0
0
1 862872 944773
0
0
0
2 976103
2 804778
2 217604
1 984926 63081
2 719659
1 876881 492133
2 161647
1 122446 468232
0
1 773848 995769
1 602792 433067
2 102735
0
0
2 494706
0
1 366874 169803
2 64777
0
0
1 120761 957835
1 956332 984359
1 188526 835039
1 71057 942817
1 987900 923767
2 498525
2 500262
0
2 696185
0
2 637833
1 374109 20902
1 18104 759264
1 806380 726579
0
1 626287 425575
1 175474 523350
1 613704 19632
1 367275 382332
1 219974 438418
2 10997
1 169156 544541
2 630744
0
2 23923
2 573799
0
2 57120
2 890231
1 278840 805847
0
0
1 739842 498550
1 976437 921709
2 51291
1 198186 131258
1 184213 555632
2 386530
0
1 936964 820283
0
2 666475
1 351000 159831
1 842400 583357
1 225879 488422
0
0
0
0
0
2 267163
2 751036
0
0
0
1 929543 831785
0
1 345963 218372
0
1 169679 239624
0
2 183086
1 711576 35989
0
0
1 102774 362630
1 619945 914954
2 106462
0
0
2 23259
1 691844 161413
0
2 63861
2 249580
2 459170
1 719095 464812
1 816873 708453
2 690054
2 839731
2 67784
1 544833 985280
0
0
2 903262
2 711143
2 770268
0
0
0
0
0
2 667467
2 111135
1 891507 31337
2 313026
1 146628 712515
2 140337
1 350342 692896
0
0
1 328433 899052
2 444565
2 958441
1 7055 851637
2 226437
2 221918
0
2 67412
2 654845
0
2 820840
2 692794
0
2 425123
1 397172 766127
0
0
1 815232 853873
0
0
1 851164 826927
1 41445 634816
2 130595
0
2 92799
2 16700
2 112761
1 880755 453119
2 481820
1 125307 141475
1 732445 234101
1 500545 381054
0
1 909864 904169
2 934801
1 799596 703925
1 639390 191823
1 318905 472710
2 744287
0
1 343590 924211
1 791169 638289
2 345336
0
0
2 325765
2 840120
1 479338 720805
1 243616 210407
0
1 687966 16965
2 171845
0
2 173039
0
0
1 29752 553642
2 985963
0
0
2 101042
0
0
0
1 393008 567364
0
2 182740
1 641101 809333
0
0
1 434180 977912
0
2 218202
1 687537 417337
0
1 253545 259439
1 10992 306735
0
0
0
0
2 751493
2 182707
2 965125
2 730234
0
2 137342
0
1 646558 31077
2 87328
1 516877 44415
2 58917
2 73770
0
0
2 526033
1 364870 740138
2 720552
1 459897 402709
1 651174 180498
1 133234 22016
1 679171 604473
2 498922
0
1 985419 650241
0
1 712641 797659
1 61488 820574
2 642370
1 529914 376896
0
2 581004
2 211614
2 108534
0
1 157182 512010
1 420833 607085
1 912417 262876
0
1 568108 712900
0
1 68121 950210
0
2 253372
0
1 111650 725168
2 586044
2 670940
1 78744 761130
1 782999 904838
0
2 570098
2 544805
2 327926
1 955832 503682
2 6044
1 937586 883183
2 885864
1 147414 169029
2 146673
0
0
2 188886
1 33912 18986
0
1 522707 807689
0
2 662007
1 800396 908412
2 857716
1 460298 138102
2 21309
2 588994
0
2 622893
2 358318
0
2 432726
1 38768 517732
0
1 444733 499349
0
2 651936
2 659404
0
0
1 892195 515344
1 966376 852161
0
0
2 606382
2 465479
0
1 540205 920954
1 242125 107413
0
0
2 884578
1 509575 618167
1 822753 302513
0
0
2 65960
0
0
2 890891
0
1 442035 799324
0
2 276444
2 57885
1 486640 531510
2 132237
1 480746 884497
1 490820 83198
1 987959 398893
2 735038
2 981234
0
0
2 331560
1 222054 365293
2 30313
2 663081
2 99090
1 227069 171380
2 453565
2 955111
2 760948
0
2 798533
0
2 597895
0
2 493689
2 369162
1 284377 798874
0
2 810308
1 248824 10385
1 922815 611643
1 355022 725162
2 153185
0
2 603734
2 196040
0
1 968297 840694
2 388663
0
1 47711 817773
2 746005
1 475580 618014
2 957195
2 975663
0
2 909101
1 952204 717033
0
2 384330
1 722363 717540
0
1 919586 375028
1 837484 361484
2 275064
2 322643
1 265701 775566
2 997911
2 490275
2 114362
2 271373
2 974967
0
1 732946 256240
0
2 633124
0
0
1 32412 376002
0
1 608228 340305
2 136685
0
1 571744 786212
1 629955 244760
2 67467
0
1 780325 143251
2 89310
1 272769 504449
0
2 797422
2 408366
0
0
2 153137
2 721599
0
2 126402
0
2 882684
2 102142
2 66397
2 47399
1 59735 210645
1 843735 304904
2 728922
2 300110
2 699816
1 318953 863205
0
0
0
2 389789
1 475581 661712
2 54124
1 390222 284545
1 129701 153973
0
0
1 554798 218497
0
0
0
2 932084
2 5432
2 888175
1 188293 164954
2 136613
2 674123
0
0
2 197085
1 707396 145323
0
0
0
1 640203 465819
1 599140 540950
1 709178 95533
0
1 712274 983671
1 802595 20681
2 898204
2 265063
1 146151 767765
0
1 466907 925560
1 636705 278052
0
0
1 692993 883075
2 379724
0
1 823997 412331
0
0
1 868610 63009
2 727892
2 719898
1 510979 408653
2 186580
1 129643 746458
0
2 57547
0
1 529907 990890
1 773430 773302
2 491489
2 427860
0
1 706240 255789
1 600623 44125
1 553746 893308
2 548472
1 779788 572669
0
1 627323 715489
0
0
2 415423
2 246345
0
0
2 494922
0
2 453866
2 732474
1 655669 819676
1 37845 370673
1 919625 578124
2 370334
0
2 458127
2 51415
1 347959 353411
1 561565 841665
0
2 968647
2 567044
2 879395
2 160112
2 709482
0
1 709726 629236
0
0
2 531228
0
1 307293 930416
2 476013
2 242872
1 651453 42604
0
1 821450 888482
2 279476
1 245842 183980
0
0
0
2 476244
2 431760
0
2 947454
0
1 57949 907050
1 307938 316651
0
2 335846
0
1 774940 316297
2 468339
2 244792
2 324771
2 333608
1 890848 363300
2 914518
0
0
1 821800 707520
1 599728 240864
1 704985 233869
1 944099 174260
2 566245
2 355713
0
1 914112 291079
0
0
2 805260
2 595457
2 847748
1 642786 293451
1 893992 341922
2 582562
0
1 748490 401464
1 346444 65984
1 399570 733304
2 791249
0
2 472468
2 46005
1 894444 171695
0
0
1 811751 92604
1 896247 681306
0
1 776068 967840
0
1 290197 770075
2 866939
0
2 482313
2 485008
0
2 957260
1 229137 121080
2 131157
1 568278 901694
1 106015 141297
1 881416 49921
2 871536
1 587708 475864
1 690684 678970
1 172970 10162
0
0
0
1 36734 197544
2 825437
1 333594 950785
2 45488
0
1 959475 511883
0
0
1 467289 643610
2 336787
2 295577
2 551072
2 72338
0
2 708719
0
2 616082
1 407429 328103
2 546297
2 409986
0
1 757275 386565
1 243760 639430
1 551007 867952
2 920722
0
0
2 302763
0
2 381015
2 654989
1 237390 933461
1 426347 796794
0
2 429155
1 7352 900321
0
0
2 326719
1 279478 320672
0
2 358543
1 729757 145959
0
0
2 459349
1 748270 393486
2 233314
0
1 321811 928606
1 867241 328074
1 550097 190979
1 247474 330243
1 432978 681514
1 285853 89288
1 569302 759818
2 649689
2 339603
1 934271 800827
2 131454
2 939005
2 22718
2 132452
0
2 238542
0
1 162245 207257
1 525012 800827
2 674867
1 133972 383776
1 247113 424230
1 242858 186246
1 48639 801459
0
1 147049 278861
0
2 582249
2 997435
0
0
2 311294
1 672925 600913
2 475503
1 220427 800375
0
1 241149 979742
0
0
2 577119
2 3949
2 842035
0
2 864341
1 583824 34751
1 312795 556931
0
1 677092 249547
1 384061 105573
2 153031
0
1 102708 741985
2 168930
2 451756
0
2 389671
0
1 26642 282967
2 353128
0
2 556142
1 815605 984757
2 907776
1 436295 53039
2 45917
0
2 286333
2 949745
2 470050
1 563064 335530
2 819179
0
0
0
0
1 751743 884041
2 888581
1 147739 505418
0
1 871620 317755
1 19 186693
0
2 692633
2 772871
2 656892
1 229991 903192
2 355725
1 950368 43110
1 539230 219725
1 821936 354797
0
1 633754 449408
0
1 430792 695690
2 210937
2 832076
1 605015 725635
1 601892 319226
0
1 817978 205414
1 990540 760057
0
1 191721 980968
0
1 340205 702783
2 283351
1 599530 315701
1 535610 287206
2 499397
1 83446 722798
0
0
1 916642 779164
1 453673 261813
2 110537
0
2 422555
0
2 124424
1 388253 384504
1 667578 267499
1 708004 829646
2 984048
2 125582
2 280890
1 586755 655373
1 672193 515632
1 160455 922728
2 448062
1 950294 410246
1 169283 6342
2 979594
0
0
1 98364 95517
2 702588
0
2 974991
1 14781 48663
2 910199
0
1 641360 988036
0
0
0
0
2 19484
0
1 337479 70975
2 694916
1 633113 298193
2 194126
0
1 951102 411679
1 974472 21344
2 855084
2 753272
0
2 610415
1 34548 935562
0
0
1 953247 642379
1 409580 947763
2 10667
0
0
0
2 358659
0
2 708491
1 706599 119581
2 150636
2 775301
1 574481 607012
2 347157
2 275798
1 364920 182570
2 183697
0
2 873265
1 363335 171277
1 919775 520116
2 54859
1 489447 840131
2 939231
0
2 32861
2 464513
0
1 57291 710488
0
1 694347 277211
2 686937
1 55351 506995
0
0
0
2 563936
1 549322 178082
1 493903 634112
1 329958 12824
1 801939 939541
0
0
2 993161
0
0
2 288258
0
0
0
2 179173
2 876811
0
1 351562 106620
0
1 118422 816659
1 107558 994620
2 788459
0
2 627060
2 613151
1 56063 60654
1 772881 426540
0
1 327839 494886
2 270545
0
0
2 146177
1 91260 168239
0
0
1 428759 279015
2 345006
1 638010 910752
1 561484 295890
0
1 775282 326176
1 19014 562762
0
0
2 654969
2 688790
1 590297 209476
1 255082 107577
2 762507
1 900922 133791
1 536423 893273
0
0
2 337345
1 611124 977310
0
2 339837
2 2980
0
0
0
2 796272
2 485592
1 429501 389285
0
2 616011
2 859534
2 5873
2 180003
1 872705 489693
1 446192 686920
1 483383 15658
1 765086 838226
2 383819
1 164551 106635
1 889347 502659
1 191359 351046
0
1 908801 815827
0
2 173358
2 597238
0
2 796219
1 366431 391360
2 38462
2 644049
1 167504 146205
1 311476 415574
2 150580
2 193512
1 987450 98988
0
2 219179
2 539323
0
2 859530
2 932235
1 830702 566646
1 734974 99887
1 86224 754332
1 29196 231056
2 532603
1 966957 37058
0
2 858426
2 417152
1 584038 457311
0
2 605994
2 406628
1 820880 749767
1 235244 998331
2 279640
0
1 360862 764067
2 582473
1 790772 320731
1 596564 662000
0
1 783453 722697
1 105319 633759
0
2 742912
0
2 12483
1 564333 694670
1 209748 443439
1 47193 650950
1 235754 570354
2 170005
1 511593 301295
1 798077 808109
1 708843 895343
1 743050 812012
0
1 100309 857653
1 96943 503152
0
0
1 712675 437863
2 831894
0
2 621470
0
2 90687
1 504827 427622
0
2 47962
0
0
0
2 594898
1 473477 345603
0
2 795938
0
0
2 210802
1 30552 727775
0
1 679719 832538
2 631096
2 144021
2 182927
2 432782
0
2 313284
2 765840
2 309633
2 568431
1 433483 63353
1 216181 939012
0
1 471360 441989
1 521571 640433
1 15293 717348
0
0
2 498444
0
0
1 300976 700457
2 211878
0
0
0
0
2 735941
1 593892 905801
2 239514
1 842699 140178
0
2 754955
2 472603
1 266536 169015
1 800721 911160
0
0
1 995007 924847
0
1 400784 887950
1 911821 210558
1 915171 775198
1 520863 783127
2 349998
2 628658
0
1 513234 402333
2 58796
0
2 554075
1 105791 290311
1 298807 908364
0
0
1 348167 964629
0
0
0
1 934793 217970
1 518538 521695
1 898839 814255
1 236938 276185
0
1 149931 653806
2 340960
1 311004 131001
2 782277
0
2 186604
0
2 172356
2 311443
2 103273
2 117446
1 912383 577957
1 688 718665
2 674119
2 257571
1 842521 519967
1 319208 594728
1 523753 688289
0
2 551569
2 8824
1 418037 987178
0
1 429664 591324
0
0
0
2 79906
2 711202
2 610259
1 796368 780740
0
0
0
1 998533 735854
0
1 53560 639226
1 791385 399427
0
0
0
0
0
2 675896
0
2 47486
2 566039
2 27853
1 306356 824823
2 952993
0
1 979315 500495
1 563724 939295
1 997699 690906
0
1 712385 694808
2 834499
1 760045 900650
2 230280
2 68941
1 25732 902544
1 609023 34206
0
1 74881 970179
0
0
2 612054
1 203096 322910
1 117630 134796
1 22462 246610
1 862041 543098
0
2 773224
0
2 921362
0
0
2 884778
0
2 411020
2 230332
1 301861 618586
1 148461 384846
0
2 267381
2 490057
2 962586
0
1 421362 751632
2 77826
2 317734
0
1 570190 972795
1 513996 138938
2 73564
1 996579 158184
2 506209
1 93010 690193
2 325222
1 411510 624718
1 980678 41364
1 418608 828558
2 263067
2 240221
1 832507 675840
0
2 266207
2 215639
2 734907
0
0
1 715009 551153
2 408237
0
2 830554
1 405563 639788
1 328267 852825
1 921840 51401
1 505595 870750
0
0
0
2 991881
1 207714 563352
1 388587 258101
1 514660 581087
1 847728 606040
2 138009
0
1 788425 895466
0
1 874545 836970
1 414902 401167
2 985967
2 189328
2 438514
2 865298
2 540000
1 543822 795224
2 360134
2 835270
0
1 175140 783230
0
0
1 156331 650600
1 349441 840312
2 75219
1 829548 532182
0
2 791282
2 607063
1 668547 309212
0
1 174065 540413
1 617339 831981
2 563096
2 805526
1 999450 458461
2 703322
1 736999 837816
1 434868 870529
2 678515
1 370489 538571
0
1 715810 780779
1 747915 676123
2 254275
1 161346 262682
2 400608
2 680951
1 57717 899382
1 278184 111929
1 658124 962474
1 374159 365487
0
2 411264
2 928249
1 10101 7211
0
0
2 276618
2 614374
0
1 417123 326554
2 248784
1 113011 967877
1 708047 999005
0
2 396572
1 945362 707018
0
0
2 292830
1 997529 166427
0
2 5215
0
1 675220 794474
1 528666 991763
2 785748
1 802168 458110
0
2 197282
0
0
0
2 400241
2 187914
2 618363
1 728284 135389
0
0
1 404982 550277
2 400847
1 173056 556521
0
1 844240 786913
1 383161 602691
2 925111
2 774703
2 471942
1 34893 465449
2 979236
0
0
1 506982 169728
0
0
1 478298 703291
2 497360
2 124526
2 48677
2 657688
1 561823 92218
0
0
1 137622 694650
0
2 66191
0
1 341535 68569
0
2 701374
0
2 884856
1 326486 864811
2 202762
0
0
2 77703
2 729916
0
2 932696
0
2 372304
0
1 177529 869886
1 888218 534589
2 571471
0
2 851870
0
1 57888 912847
1 340391 919851
2 839926
0
0
2 636762
2 301213
1 605884 488711
1 900199 496113
2 289082
0
0
1 132537 592730
2 193062
2 621943
2 598735
1 531846 314870
0
2 538315
0
0
0
0
1 893531 967066
0
0
2 394070
1 284869 394073
0
0
2 775838
0
2 343387
1 15465 861710
0
0
0
2 410976
1 404932 601748
1 215259 755456
2 167197
2 856521
0
0
1 588875 533094
0
2 456031
1 834968 833715
1 488908 566063
0
0
2 810583
1 978331 263146
2 468395
2 182000
1 472686 841082
0
1 183489 639238
2 344947
1 941714 278243
0
2 981219
1 970251 970192
2 5176
1 815518 677474
0
0
2 601980
1 121404 928581
0
1 791378 679887
1 56798 207152
0
1 485760 532478
0
0
1 249362 935653
0
1 927191 609760
0
2 916979
1 399390 9915
1 167168 905881
1 864679 74024
2 802736
0
1 864212 647302
1 112265 967746
2 765229
0
2 77354
0
1 177273 722351
1 672810 273158
2 673612
1 325768 242503
0
1 870323 1821
1 694639 406577
2 450446
1 222775 221411
0
0
0
0
0
2 126331
0
2 482248
0
0
0
0
1 31400 978224
1 626980 369117
2 205419
1 822614 135650
2 141491
1 782339 761046
1 718207 375989
1 174052 336129
1 570467 924230
0
1 476295 362510
0
0
0
1 51876 732066
0
2 34020
2 844624
1 919140 260292
2 740671
2 113482
0
2 383884
1 361204 25055
0
0
1 492452 931794
1 833838 525496
2 439830
0
0
1 563314 222243
2 125153
2 56266
1 137162 682407
1 159890 81129
1 309152 82053
2 714125
0
0
1 762759 944390
2 658164
0
2 631025
1 326821 949716
2 544225
2 237007
2 267251
0
0
1 343401 567665
0
0
2 809433
0
1 205523 159082
0
0
1 232075 209896
1 420331 387405
1 954162 645318
1 607652 821722
1 761716 167308
1 288119 663321
1 877097 198312
1 632782 466912
1 194524 360847
0
2 203270
0
2 954055
1 839584 679479
2 339390
1 739528 816453
0
1 643829 84781
1 555861 866481
0
1 559518 506719
1 574956 626524
0
2 531694
2 307665
0
2 212785
0
1 490840 647314
1 737553 881004
2 558509
1 617743 963586
1 198180 502636
0
1 192281 335586
2 846874
0
1 301293 23481
1 493353 420369
2 252937
2 227865
1 7605 975278
0
1 945081 308569
2 103773
2 96522
1 767878 418275
1 685339 773723
1 934815 511025
2 119113
1 494708 336739
2 463132
1 254711 773263
2 871240
2 114994
2 396833
0
2 984651
1 156175 410961
0
2 622592
1 13131 207549
1 283082 763694
2 51918
0
1 373107 14148
2 188261
2 161612
0
2 951297
2 100948
1 925086 435036
2 573661
0
0
2 222775
0
1 788820 683863
0
1 274048 627850
1 222703 890775
0
1 931323 837598
0
0
0
1 309618 273155
0
1 18628 678089
1 45699 329051
0
1 849834 711057
2 123599
0
2 759707
1 652458 313078
2 225992
1 298089 619469
0
0
1 242829 859936
2 176608
2 321485
2 380746
0
2 57070
0
2 754370
0
1 414793 554927
1 673087 860681
0
1 606749 308857
0
2 141573
2 302226
1 86282 872277
1 300133 758974
0
2 815297
2 335647
1 215941 62528
1 454301 184137
2 282935
1 392553 201339
0
1 161229 920795
0
0
0
0
0
0
0
0
1 591919 555701
1 883230 382306
0
2 282295
2 787323
2 287230
1 676468 806671
1 34284 401329
2 139179
0
1 288222 746916
1 478511 580725
1 903722 810079
2 774957
2 159274
1 233481 657917
1 402929 280585
0
1 169685 929192
0
1 761072 488829
2 734360
2 567892
0
2 745457
0
0
1 597597 112573
2 777688
2 299965
0
0
0
1 915223 584408
0
0
0
2 550450
0
1 326573 789777
0
2 491314
1 41088 821826
1 15062 740592
1 379648 186811
2 877323
1 749000 801462
1 369121 577116
2 548061
0
1 328359 619600
2 398168
2 577170
0
1 283724 347302
0
1 598989 667153
2 849699
2 618109
1 918194 675181
0
1 558868 485346
0
0
0
1 293289 821389
0
0
0
2 641398
0
0
0
0
0
1 927004 3154
2 948818
0
0
2 323575
1 392970 327102
0
0
1 331098 910451
0
1 832858 333819
0
0
0
0
2 136579
0
1 169966 227325
1 390491 510202
1 2535 969851
0
1 161995 181501
2 87884
2 405022
2 434521
2 269557
0
1 676480 375770
0
1 922689 677591
0
0
1 383145 821345
0
2 52540
1 758631 574573
1 150878 596278
2 554050
1 600738 582808
2 987555
2 20363
2 876629
0
1 386611 331456
2 387933
0
1 194674 923402
2 909180
2 506878
1 132024 358914
0
0
0
0
1 529915 342021
1 925182 623352
1 568554 66185
2 595460
0
2 997960
1 543198 733190
2 647653
1 640084 346484
2 242246
1 823435 559774
0
2 498924
0
0
1 534200 831119
0
2 459596
2 109544
2 729188
1 475721 507733
2 367873
1 909474 668892
1 657065 132014
0
2 629979
2 936000
0
0
1 926462 634999
2 91243
0
1 451152 226316
2 162705
0
0
0
2 347950
0
0
2 707509
1 525254 247660
0
2 874293
2 304990
2 728728
0
0
1 789370 935949
0
0
0
0
0
1 614866 860206
1 919187 974543
2 12280
1 259048 705206
1 632270 528347
1 475866 703033
2 116093
2 651969
1 105944 70032
0
0
0
1 688260 228382
2 85241
0
1 598863 775859
1 50958 399615
1 784879 438907
2 72685
2 3730
0
0
0
2 542432
1 837351 111863
0
0
0
1 488915 466151
1 878505 709052
1 291520 653776
2 968821
2 181104
1 90769 388520
2 866630
2 951130
0
0
2 976079
2 967662
1 460492 513699
0
0
2 948972
0
2 789902
1 415256 286449
0
1 75016 561297
2 903013
1 36801 772896
2 788306
1 640693 319044
0
1 32047 83601
0
1 396276 285291
0
1 872707 313537
2 10997
1 83245 601975
0
1 175312 832238
1 12372 578696
2 694219
1 772111 764210
0
0
0
0
1 239691 176041
2 175806
2 23917
2 773208
1 238300 611519
1 844877 686257
2 53051
1 640145 567444
1 710057 404650
2 420100
1 464535 119440
2 224404
0
2 641144
2 311635
2 735929
2 704830
2 350733
1 136315 987191
1 739387 676596
1 476035 727329
0
2 618947
0
1 274980 332226
2 751943
2 57520
0
0
2 104627
1 385995 289052
2 979141
2 953488
1 423309 206545
1 377584 124600
0
1 138068 141819
1 589743 879315
1 976662 659106
0
0
1 743807 327201
0
1 599631 743447
2 886772
0
0
2 819716
2 239968
1 824598 93458
1 103264 800359
1 557172 868822
1 413936 27715
2 794305
0
2 104585
0
1 658439 394881
0
0
0
2 620111
2 717766
1 760686 688328
2 126211
1 917276 790314
2 555871
1 848428 289640
1 529898 248304
2 868739
2 660952
0
0
0
2 320383
1 267144 619588
2 508840
1 993106 103877
0
1 329686 77709
0
1 899713 527995
1 610672 130203
0
1 472371 336860
2 394433
1 48554 470209
1 482250 757922
1 722652 814238
0
2 542585
1 267318 281210
0
2 684375
1 455585 219821
1 635627 612571
1 342503 773124
2 937790
2 804320
1 942694 351101
1 450617 301200
2 688263
2 175486
0
0
1 883632 352686
0
2 72592
2 636964
0
1 920016 277613
2 171186
2 698688
1 315150 337316
0
0
1 581641 769266
0
2 714526
2 396684
0
1 595086 631927
2 517008
2 559970
1 601002 975684
1 54572 721324
1 483716 650567
1 801805 457712
2 896756
1 392495 188208
0
0
2 523882
2 859346
0
2 592828
2 608333
1 75714 267564
1 254682 297504
0
2 715215
0
1 774135 575748
1 514019 494033
1 903669 921450
1 397230 393524
2 392428
0
2 412089
0
2 905368
2 829921
0
2 996582
0
1 878869 532300
2 73561
2 966995
2 582952
2 638218
1 799989 292257
2 741280
2 586198
2 203609
1 472056 798914
1 393948 471936
0
2 72503
2 278194
0
0
1 883337 142508
0
2 128812
2 43977
2 505191
1 413809 742143
0
2 977852
0
1 293682 497430
0
2 324776
0
1 485077 47369
2 31751
1 327475 61524
2 851646
2 645564
1 210636 987956
1 576098 464152
2 537382
0
0
0
0
0
1 774233 375648
0
1 875439 213751
0
1 131115 714193
0
0
0
0
1 669412 769629
1 687011 543897
1 666065 661397
1 452331 99104
0
0
2 265646
0
1 205519 501587
1 796931 317154
1 400213 349389
1 70910 640062
2 437440
0
1 576899 459918
2 925562
0
1 605378 911375
1 194954 719075
1 68802 188352
1 289662 811973
0
0
1 224925 109851
2 51752
2 505679
1 280467 734659
1 742577 301064
1 913623 668532
1 301579 541426
0
0
0
0
2 148874
0
0
0
0
1 71781 864819
1 641906 746355
2 937387
1 773904 567291
0
0
1 8609 137796
0
1 461272 86090
0
0
2 989107
1 515225 828426
0
1 77064 227232
0
1 805311 627784
0
0
2 251264
1 727624 830073
2 80538
1 452323 970951
2 117167
2 620101
0
1 481092 92072
1 254433 915300
2 144092
0
0
0
0
0
1 514812 330318
0
2 392894
2 920924
2 119655
1 802282 127905
0
0
1 895480 790559
2 968719
1 813829 170430
2 648531
0
0
1 674289 573405
0
0
2 658830
0
1 189588 709049
1 562541 250278
0
1 263589 220170
0
0
0
0
2 919677
2 474643
0
2 702220
2 842216
2 283770
2 885693
1 438625 199787
1 488315 674782
2 995209
0
1 227795 452742
1 881678 195591
2 414808
2 520698
2 116662
2 674714
0
1 890514 467472
1 451871 955108
2 366694
1 79779 262653
0
1 755043 122828
1 311485 476638
2 511266
1 968148 528578
1 16668 282934
0
2 601514
0
2 441010
2 544547
2 609899
0
1 469798 730791
0
0
0
1 113776 200601
0
2 499326
1 315838 225662
1 9812 237110
0
2 567218
0
0
2 35720
2 409333
1 793847 453840
0
0
1 858169 175564
0
1 166568 3270
2 90376
0
2 739989
2 421233
0
1 53718 718824
1 527544 572728
2 550446
2 580785
0
2 972795
1 311899 97327
2 311827
2 498683
1 523927 916951
0
2 601735
2 966461
0
1 885428 218694
2 565507
2 120265
1 990177 38722
0
1 757183 67884
0
1 894568 366042
0
1 702 410302
0
2 483843
0
2 585081
1 794251 488858
0
0
2 268010
1 952967 275311
0
2 800082
1 572729 424891
0
1 120501 479989
0
1 906272 610165
2 478931
1 452989 661987
0
0
0
2 608092
1 664637 86511
2 584064
1 260996 118319
1 563797 752373
1 498187 308316
1 271002 431762
1 507791 722769
2 785193
0
0
0
2 161019
2 67221
0
0
2 849600
0
2 275225
2 268330
1 797504 998942
2 384374
0
0
1 476463 549066
2 942316
2 690363
0
2 953180
1 962520 216918
2 790789
1 955263 992187
0
0
0
1 242617 548973
0
2 349089
1 659282 504455
1 651045 275831
0
0
0
0
0
2 874230
0
0
2 782725
1 157645 273435
0
0
2 268476
2 433557
1 778330 582914
0
1 354188 27431
0
1 420361 973212
0
2 232963
2 865006
1 284083 547247
0
1 937692 768380
0
1 196121 752034
1 377377 617831
2 453891
1 916186 766082
2 822687
1 667541 299672
2 158631
2 499522
1 928250 826129
0
1 680128 925702
1 723398 252376
2 388597
1 653448 87521
2 821192
2 174185
1 630051 880727
1 264794 548222
2 898954
0
2 491494
1 604597 382949
2 242252
2 870430
1 206796 506939
0
2 242865
1 842478 352690
2 659474
2 786115
2 605681
2 637457
0
2 482639
1 801176 623167
2 41164
1 252951 629739
0
2 329669
0
0
1 535816 5042
1 332745 164844
0
2 56877
2 418880
0
1 300226 114792
1 70202 171900
1 456361 321388
1 803410 359931
0
2 320330
0
0
0
0
0
2 610573
1 942117 728907
1 344285 270520
0
1 909428 949943
0
0
0
2 646782
0
0
2 854800
2 491608
2 414390
0
1 980210 768016
2 262297
1 169039 539073
0
0
2 482461
0
2 23839
2 663063
1 98779 199537
2 388853
1 775183 108109
2 166069
0
0
1 824754 717709
1 811316 929460
2 203522
1 387548 8710
2 531333
1 590764 974905
1 786367 90067
2 324989
2 371109
2 781855
0
2 987806
1 246536 429976
0
2 105329
2 789289
1 268173 387434
2 73299
0
2 966906
2 792000
1 805871 377488
1 703700 707665
1 105322 886655
0
0
0
1 355472 705034
2 959120
0
2 848362
0
0
2 608826
1 980980 399284
0
0
2 735519
2 417844
2 314021
2 484665
0
2 404197
1 831554 867856
2 41963
2 229538
2 862596
0
1 313968 522054
1 389842 430908
1 891217 710990
2 488730
1 79348 490372
1 161062 121598
0
2 669502
1 267071 880827
2 220971
0
0
1 395292 897106
0
2 613972
0
2 167444
2 117925
2 971777
2 834817
2 670220
1 153574 645482
1 289757 900226
0
2 215326
0
2 282310
0
2 653658
1 209579 461177
0
0
2 977448
2 908319
2 938514
0
0
1 185302 82531
2 283810
0
1 906794 724410
2 264447
2 734811
1 545784 718039
0
1 951897 942424
1 246565 48423
2 854736
2 890247
0
1 923937 141674
2 284244
2 250358
0
2 510143
2 788003
2 118054
0
1 597218 843582
2 358394
2 433762
0
2 582809
2 992279
2 594540
1 967254 828717
0
0
1 431524 203964
1 650889 690905
0
0
2 193779
1 2610 537310
0
2 827562
1 452898 393382
1 16794 406735
1 537029 336342
2 736774
0
2 133269
0
0
0
0
2 261560
1 163518 938437
2 368247
1 864546 57410
1 780350 925621
0
1 316385 771827
0
0
1 33435 839489
2 639886
2 321469
2 656963
2 98390
0
0
2 5296
0
1 293134 391904
1 217650 12259
0
1 552606 260362
2 44936
2 635563
0
1 220830 473845
1 991643 828107
1 949036 140004
1 760522 871441
1 209160 590262
1 138408 28129
1 522400 397192
2 873594
2 468389
0
1 540131 463808
1 882712 221882
1 420207 930790
1 772222 154901
0
1 203857 998198
1 791990 860880
0
0
2 967076
0
0
1 81601 472498
0
2 873698
1 773870 320850
1 369190 871498
2 584699
1 930684 930104
1 19104 586469
0
1 176240 538614
2 452285
1 805643 264845
1 356634 6535
0
2 703001
2 632868
1 168440 826276
2 603672
2 468060
2 764702
2 522438
1 585648 711279
0
0
2 462095
1 169334 6700
2 753185
2 151484
0
1 291019 590182
0
1 728085 804396
1 138791 11206
1 148302 281884
0
2 252410
0
1 666227 268213
1 84717 462772
0
2 482653
1 283965 40250
2 537891
2 7159
0
2 244447
0
2 207069
0
1 626983 615089
1 167026 635401
0
1 430669 73068
0
0
2 425129
1 649351 94276
0
1 601361 330027
0
1 76959 361313
2 832722
0
0
2 853770
1 947644 306360
2 451369
0
0
2 118500
1 962952 922349
0
0
0
1 32074 898469
2 909645
1 986253 860829
0
2 606788
0
0
2 993789
1 14163 692279
2 279231
2 992
1 200373 518011
2 381050
2 324230
1 147955 133330
2 565029
1 965040 697176
2 898572
1 266073 633026
1 369965 130194
0
1 219167 999123
1 472822 171759
1 677671 348521
1 253867 474599
2 671394
1 845115 527192
1 794827 726113
2 668087
0
2 64326
0
0
2 778028
1 202593 809182
0
2 877621
0
2 867324
2 28566
2 71732
1 124231 650567
0
2 86863
1 172315 507801
1 447683 161669
2 615871
2 39994
2 395880
0
2 914039
2 844728
1 917939 893939
0
1 434755 103834
0
0
2 102353
1 816343 97418
2 872546
2 662151
2 238716
2 226457
0
0
0
0
1 112931 155468
2 124787
2 693936
0
2 413444
0
2 290312
2 23821
2 934017
1 7310 111224
2 330110
1 952684 214504
2 409558
1 138299 146547
2 714652
0
1 612827 929536
0
1 841764 740115
0
2 907021
2 433173
0
1 850178 852404
0
0
0
2 975948
1 172086 578177
1 938459 384920
2 489768
0
2 16536
1 328250 689741
0
0
1 297476 863172
0
0
2 465867
0
2 646889
0
0
1 418596 246727
0
0
1 758449 780002
1 27523 875692
1 245317 667940
2 698632
1 354887 579677
1 983730 805257
0
1 841830 888789
0
0
1 673708 925433
0
2 202301
2 662108
0
2 637208
2 606901
2 37753
2 249865
0
0
1 129287 974398
0
1 470954 827786
0
1 855870 339897
0
0
1 655688 300344
1 185959 256571
0
2 927772
0
0
1 201996 686410
0
1 67278 858138
2 728231
0
0
0
0
2 124389
1 117380 664185
1 857308 829443
2 448000
1 740686 696131
0
2 728590
2 472049
2 865585
0
0
1 152668 200682
2 725287
1 591176 138247
0
0
2 833132
0
1 367257 605737
2 930671
1 900378 429534
0
1 903445 203091
0
0
0
2 194719
1 176257 332104
2 579410
2 297136
0
0
0
0
0
0
1 787902 282537
2 552916
2 631479
1 891588 89980
1 133486 136014
0
1 431444 360762
2 671161
0
0
0
2 613394
2 390246
0
2 313457
0
0
1 311855 626303
0
0
0
1 324428 803731
0
2 823869
1 406136 972478
0
1 369915 605411
1 46449 648531
2 452019
2 114949
1 628338 971495
2 44748
2 743096
2 765020
0
1 912132 708138
2 843915
2 324922
1 137929 444110
2 873209
2 214859
0
0
2 366484
2 310637
1 238700 344104
1 660966 778248
2 504320
1 317425 874038
2 356618
1 702689 951657
0
0
0
1 260134 315284
0
2 637268
1 359096 693938
0
1 420639 686811
2 408103
2 540651
0
2 92130
1 416157 697225
0
2 773937
0
1 595684 530997
2 133921
2 26425
0
0
1 702980 344673
1 333466 246422
2 344808
0
0
0
1 344823 874162
0
1 56034 1172
1 82959 530271
1 754057 584411
2 193141
0
2 134082
1 210954 765987
2 193069
2 246195
1 745388 74823
0
0
0
1 494953 404877
0
1 332036 886322
0
1 137460 981797
2 870297
1 951174 82698
0
0
2 989312
0
0
2 314192
0
1 74826 639339
2 106497
0
1 22907 831287
0
2 214096
0
0
2 827589
2 634053
2 800421
2 108736
0
2 821836
2 576808
2 537225
2 576654
1 627943 690289
2 505930
1 861067 787915
1 15526 654832
1 809635 502352
2 232702
1 58590 45606
2 769436
1 310736 571613
0
2 909530
1 857550 690380
2 886531
2 549774
2 780878
0
1 801294 752945
2 516441
0
0
0
0
0
0
2 596590
0
1 66407 368513
2 182392
1 855407 246224
1 461173 958774
2 224579
2 753976
2 167590
1 227924 294982
0
1 391809 289491
2 903093
1 433271 613193
2 47237
2 972209
0
2 959749
1 968458 921074
1 454417 528020
2 573988
2 482438
1 614928 901344
2 6404
1 655888 451727
1 813314 457300
1 678859 486246
2 718952
2 122922
2 52689
0
1 488515 547787
0
0
1 522468 893315
2 222734
2 255902
0
0
1 189419 661311
1 346720 402159
1 359843 97059
0
1 458762 778101
1 193751 919093
1 213605 876927
2 509210
2 398559
1 166881 129748
2 92777
0
2 710255
2 179474
0
2 206352
1 232167 873742
0
0
0
2 798382
2 87894
2 752533
2 894039
0
1 212968 100861
0
1 642992 659690
0
2 743810
1 95708 49136
0
1 434926 402801
1 351384 987527
0
1 117494 890430
0
2 421468
0
2 504791
1 737204 172720
0
1 486273 127937
2 550843
0
1 870140 201578
1 479597 58196
1 939996 789976
0
2 379678
2 294823
0
2 604980
2 160954
0
1 934306 939873
1 89744 190053
1 72702 945475
1 227603 489163
1 116192 796580
2 565396
2 962563
0
1 593600 217997
0
0
2 477345
2 917905
2 397620
0
0
1 518681 740933
0
0
2 167362
2 663339
2 434817
1 137439 206578
1 119370 603404
1 903110 798482
2 242404
1 863743 338827
1 85651 80197
2 70045
0
1 905692 633401
0
2 127785
0
0
0
1 2545 505576
2 156486
2 854157
1 599974 828926
1 279168 355946
2 251326
0
0
1 279792 426895
2 895644
1 940948 238052
0
2 649816
1 573781 11074
1 238500 456111
2 20783
0
0
0
1 216738 380461
2 465609
1 458427 590063
0
2 405663
2 821377
2 384537
1 498502 217901
2 259935
0
2 24437
2 308173
1 211621 303729
0
2 859984
1 691825 5039
1 166208 509986
2 40960
2 154355
2 455675
2 720717
0
0
0
0
1 876589 85180
1 580717 250797
0
2 600752
0
1 160044 907137
0
2 225759
1 992290 320572
1 121473 523709
2 183053
1 140186 669256
0
2 102095
2 501792
2 342826
1 907521 768611
2 655862
2 225498
1 791617 940655
2 545829
2 178966
2 574570
2 410852
0
2 438804
0
0
1 654790 181178
1 661123 965726
0
0
0
2 401199
1 926924 385400
2 920318
2 800667
2 862530
1 645753 713192
2 782537
1 657855 910342
0
2 904847
0
0
0
2 366781
0
0
0
1 524522 307593
0
2 409212
0
2 396058
1 856472 804132
1 366535 44483
0
2 902421
1 490922 317047
1 411850 892116
1 833852 170965
0
0
2 405168
2 107173
2 790843
2 326709
1 698718 53827
0
2 127474
1 966581 685306
1 214219 540973
0
1 817034 334391
0
0
2 888616
0
1 972948 374151
2 91803
2 832672
1 348643 674796
0
1 163196 772320
0
2 11799
1 384411 29558
2 926411
1 103426 485732
1 215526 134373
1 407801 652614
1 359853 872009
0
0
2 660657
1 674025 987721
1 880649 839649
0
1 677712 572274
1 823755 214656
2 624200
0
0
1 466592 372894
1 727525 247797
2 122947
1 26267 94309
0
1 69007 706384
2 516568
1 274778 687704
1 363771 846089
1 995469 146878
2 143258
0
2 21868
2 881281
1 32224 814765
1 195263 985071
1 347609 920102
1 722902 628860
0
2 969731
0
2 588892
2 452412
1 568191 297526
1 218360 203663
0
1 466325 843070
0
1 799976 422467
2 138744
1 16572 708673
0
1 641431 969388
0
2 300947
2 825870
0
1 813592 411059
0
0
1 208087 456217
2 736879
1 812408 828267
1 719000 138728
1 637852 594387
2 414049
2 961478
2 227914
0
2 216540
2 504561
0
2 947315
0
0
2 132321
1 753763 926133
2 361118
2 453265
1 619122 841431
2 648353
2 734667
2 536019
2 4110
2 281900
0
2 533482
1 708210 116837
0
1 215489 864824
1 893913 691125
0
2 82279
0
2 914849
1 587893 438741
2 881605
2 83875
2 475390
1 515045 195795
2 702411
1 400346 188560
0
1 173260 359107
2 173621
2 33724
2 167084
0
2 169725
0
1 918060 329292
0
1 115460 157762
1 737746 540743
0
1 253645 438318
1 187359 778050
2 959927
1 593115 267050
1 173582 80383
1 367868 560571
1 133931 720853
0
1 703731 399352
1 92128 431649
2 942219
0
2 285218
1 716103 149731
1 338420 44093
2 546572
0
1 914593 660974
0
2 828277
2 511168
2 355540
0
1 988415 150120
0
1 32917 664924
2 56988
2 208594
0
0
1 444284 223486
2 128799
2 84969
2 826253
0
1 477987 209909
2 122108
0
0
1 977739 132627
0
2 185517
2 35533
1 494401 941912
0
2 55074
0
0
1 693035 440301
1 816672 416527
1 887806 196835
1 305566 816716
0
2 866175
1 692487 864678
1 400545 878280
2 654663
2 571177
1 482721 59899
0
2 28221
2 110282
0
2 261906
1 28912 746472
1 870558 617588
1 100807 683243
1 261996 915955
1 172400 671386
1 217329 710243
1 67612 161718
0
0
0
1 835168 216226
1 170705 940186
2 887371
2 301564
0
1 494265 324849
0
0
2 70802
0
1 670662 540428
0
1 698586 57896
0
0
0
1 773721 33288
1 559433 92405
2 186149
0
2 636165
0
1 626220 800100
2 144520
2 948145
0
2 66500
0
0
0
0
2 340487
0
1 755592 256831
1 351203 921523
0
2 941514
1 165691 817059
0
2 528330
2 705835
2 205629
2 637467
0
1 230240 755996
2 377521
1 769024 763775
2 399437
0
2 899724
0
0
2 907814
1 222428 828496
1 52758 803299
2 812304
2 714135
2 197771
1 549636 143925
0
2 472896
2 619457
1 619677 130570
0
0
2 530589
1 500384 92552
2 385185
2 316085
2 538991
2 376255
0
2 284401
1 331024 520640
1 81029 520559
2 83577
1 42135 841286
1 699567 742721
2 776819
0
1 48718 419880
2 861715
0
0
0
2 64380
0
2 207704
1 392886 707953
2 645691
0
1 605614 293002
0
2 227839
1 338652 2432
0
1 527970 417489
2 767124
1 250389 643518
0
2 705046
2 540784
2 41452
2 509166
1 592559 372003
2 261545
0
0
0
0
1 699487 544340
0
2 125394
0
2 701813
1 646782 357271
2 602737
1 215662 983937
0
2 347586
1 937923 350950
1 110477 589666
0
0
0
1 219884 195961
0
0
1 647571 653217
0
1 313706 798119
1 471306 403760
0
0
1 495988 957257
0
2 376786
1 670723 540498
0
2 175304
1 440731 818829
1 692815 551746
1 213183 505231
2 930673
1 87164 405274
2 903789
1 800046 323954
2 825727
1 852032 134340
1 295847 431882
1 111088 661059
1 34611 752508
0
2 852877
1 79469 399623
2 267318
1 228893 689193
1 483166 185175
1 965031 143081
2 691697
0
0
2 104316
1 177375 414405
2 418721
1 345630 235035
0
1 808362 695703
2 136589
0
0
2 684397
0
2 843455
0
1 933995 889206
1 641321 90739
1 825394 170740
1 887919 294962
1 74452 908890
1 354428 614013
1 178820 772224
0
1 954614 60510
1 767162 823686
1 738165 308574
0
1 992094 803330
1 549454 743114
2 897138
0
0
2 135698
1 156812 723725
0
2 579345
0
2 485646
1 797866 383969
2 904444
1 399834 524305
1 200544 711407
1 827062 562894
2 472326
2 647213
2 762977
0
1 446837 420893
2 710167
2 320856
0
1 78959 209501
1 566824 961198
1 385820 419407
0
1 275147 92355
1 79173 58024
2 273999
1 950362 156333
2 645994
2 954879
0
0
0
2 912030
1 767913 130947
2 580975
0
0
1 27241 554193
0
1 438792 382867
2 524755
1 567054 54940
0
0
0
1 212342 216393
2 46508
0
0
1 257488 814151
2 806050
1 877494 172748
2 897406
1 179873 704855
0
0
0
1 541231 254537
0
0
2 602702
0
1 334496 903966
2 501092
1 826859 709667
1 747024 548659
2 667558
1 69842 389204
2 960504
0
1 9505 17302
2 280069
1 221584 789883
1 396591 928614
2 452617
0
1 179219 956335
1 20150 425829
1 146774 655627
0
1 941662 425828
0
1 290063 307012
2 576386
2 477319
0
1 955775 904345
2 913706
2 953892
2 987357
1 724248 282599
0
2 510948
1 343792 669016
0
2 263326
0
0
1 655669 675962
2 575955
2 338381
1 436009 714694
2 24057
2 88974
1 671320 921331
2 624320
1 955638 288351
2 139469
1 227210 500467
1 630525 442414
0
0
0
0
1 132010 773908
1 234125 109973
0
2 675453
0
2 102051
1 853779 303428
2 714012
0
1 171997 364308
1 151892 571676
0
2 746745
0
0
1 792677 285799
2 576428
0
0
2 667740
0
0
2 72481
2 712048
0
0
2 878379
0
0
2 544999
0
1 874710 639213
0
0
2 100511
2 969654
1 829221 118064
2 282873
2 662307
1 738843 888560
2 837415
0
0
2 700066
1 126364 68656
2 832416
1 628937 40957
2 122169
1 88307 245132
1 554035 868928
2 344466
1 485028 698211
2 787648
2 611385
1 315129 403400
0
1 835398 88793
2 540669
1 883070 771964
1 794601 94057
1 492986 422359
1 262704 11242
0
1 713187 543221
2 590173
2 397937
1 822601 343920
0
1 593886 419232
0
0
2 423520
2 875671
2 171471
1 501539 202010
2 349651
2 501895
2 717192
0
1 958171 18083
0
0
1 55305 323213
0
2 552220
1 445274 198338
2 595171
1 385723 996490
2 769433
2 511093
0
2 738936
2 553945
1 994209 981289
1 305550 24244
0
0
2 433364
2 924551
0
1 582474 478499
0
0
2 143896
2 995048
0
0
2 327222
2 729533
2 913623
1 257569 399338
1 819061 374056
1 141319 258883
0
2 621141
0
2 285618
1 562680 621573
0
1 495639 356054
2 912566
0
1 315642 826439
1 232057 599138
1 543294 6470
1 971009 114720
2 911193
2 165450
0
1 571767 611634
2 978334
0
0
0
2 92230
0
2 495563
1 857422 629452
0
0
0
1 79803 848624
2 379139
2 613772
2 992626
1 915864 837723
2 898576
0
2 19803
0
0
1 883690 741599
1 618888 657684
1 835910 644229
1 519184 662636
1 653643 649188
2 957679
2 631171
0
2 678157
1 9066 160947
1 524277 38902
2 363892
2 798553
1 325060 885136
1 776521 230191
0
0
1 386854 77805
0
2 536015
0
1 412733 855089
1 264800 390882
2 304853
0
0
2 426804
0
1 613712 878633
0
0
0
2 863826
1 900959 339032
0
0
1 674608 718419
1 941042 417630
2 173141
1 509395 43372
2 433336
1 108988 111807
0
0
1 825670 16939
2 428183
1 21155 83039
0
0
0
0
1 574852 832886
0
2 439538
1 481388 259939
0
1 801037 782061
0
2 787612
0
0
0
0
2 811857
1 824918 11632
1 564813 18339
1 502893 815997
1 838788 915323
2 31869
1 330568 209582
1 274416 910848
0
1 768272 384788
1 674191 619697
1 558224 734132
1 258165 61153
0
1 151711 529596
1 75954 405769
2 753060
1 591306 737129
0
2 711602
2 277507
2 239507
1 721057 520550
1 662862 498299
2 66172
1 479177 702101
2 916261
1 624785 710290
1 939692 124177
0
2 378742
1 208299 591323
2 501240
0
2 607075
1 325283 978181
1 85854 665532
1 66551 672568
0
0
2 146726
1 980794 309908
1 825587 108664
1 313038 112761
1 324264 807217
0
0
0
1 735197 167719
0
2 810080
0
1 412086 630482
1 530221 40006
0
2 582623
1 93206 162354
0
1 139932 887988
2 529854
1 218099 738875
2 936711
1 471992 589174
0
2 87745
1 35302 526181
0
1 786101 878369
1 464102 39416
0
0
1 169051 842320
0
0
0
2 600037
0
1 138582 665472
1 120618 414044
1 407831 963507
2 180076
2 482544
0
1 385264 109079
1 926090 865556
0
2 750399
1 399763 243883
2 122695
0
2 370081
0
2 401224
2 958247
1 650938 560450
0
1 486101 798919
0
1 69972 506042
0
2 383013
2 644356
2 92015
1 792779 465236
0
2 224495
1 663487 238170
2 658547
1 787376 559895
0
2 459937
0
0
1 119869 78101
2 986421
2 120905
1 291669 359028
1 495925 957886
0
1 771386 23449
0
2 799866
1 789006 996760
2 607715
2 563281
1 584202 21533
0
1 353503 138162
2 506181
0
0
0
2 523294
2 741955
0
1 749987 667166
2 908655
0
0
2 499944
0
1 571192 123836
0
0
1 563339 30247
2 402558
2 826476
1 288566 440840
0
1 295570 367538
1 864244 707776
2 659933
0
1 276601 559501
0
1 606368 542994
1 863522 508379
2 690462
1 71851 642105
0
1 974488 878027
0
1 103374 394850
1 14711 711647
2 708704
0
2 887932
0
2 553158
0
0
1 285805 847107
0
2 854482
0
0
1 551138 106055
1 872642 142260
2 552351
2 216513
0
2 326429
2 280204
1 669677 205854
1 499974 773279
2 71658
1 831682 200013
1 392375 695542
0
2 425249
2 115123
2 925699
2 551395
2 648640
2 220484
1 774310 996267
0
1 213206 9576
1 12882 211139
0
0
2 638036
2 346426
0
1 186076 3140
2 591227
1 749946 415745
1 338636 925616
1 248540 121746
1 502450 814772
1 877321 996155
2 39718
2 900977
0
1 290049 592156
1 355805 511810
0
1 692059 525823
1 309311 593969
2 51283
1 335911 38692
2 846586
1 447022 804448
1 411885 677011
0
0
0
1 841154 97235
1 199916 744753
1 177250 993676
2 190086
0
2 552231
2 360388
2 131680
2 807101
1 496568 42995
2 962000
0
2 465880
0
0
2 189926
1 430936 915366
0
2 612309
2 122907
0
0
2 7057
1 970306 57888
2 514847
1 838607 420743
1 69739 735141
2 276996
0
0
0
0
0
2 827395
2 473099
2 237481
1 815272 423318
1 190034 429947
0
0
0
0
2 905036
2 189139
2 106749
0
0
1 955906 709890
1 65058 417431
1 313742 262886
1 602843 921341
0
2 109882
1 939756 193295
1 956318 306733
2 870261
0
0
1 791065 876837
2 747304
2 747133
1 136117 452245
2 998364
0
1 767589 326251
0
1 426505 666153
2 936796
0
0
2 854273
2 638497
1 25291 721057
1 694863 248449
1 577677 657657
0
0
2 36159
1 356688 780132
2 905215
1 635755 411214
2 230792
2 488038
0
2 117595
0
2 148272
2 622065
0
1 234807 474714
0
1 191780 214787
0
1 983501 612721
0
0
0
2 831903
0
1 207177 538889
0
1 581782 544811
1 559838 338539
2 792085
2 32299
0
1 485870 158567
0
1 970520 824518
2 340942
1 231634 598838
0
1 982314 693767
0
1 852617 20494
1 789887 356752
1 904154 942603
2 115832
1 151061 144398
1 728176 911771
1 258903 465966
1 228723 898254
2 83496
0
1 770332 999222
0
1 366283 964333
0
0
2 580283
0
2 685099
0
2 165736
2 729339
0
0
2 960372
2 777011
0
1 318293 327985
2 594646
2 358776
2 808260
1 553459 436600
2 454186
1 459501 955018
2 802616
1 955242 778290
1 486501 248180
0
0
2 654185
2 548219
1 298462 703912
0
2 333388
0
0
1 159502 713758
0
0
1 718480 858637
1 516121 773336
2 672423
1 342276 789572
0
1 64044 106239
2 983405
1 822268 415737
2 786287
2 232322
1 651073 239746
2 104617
2 895246
0
2 209700
0
2 584940
2 503576
0
1 998315 291095
2 296092
2 747338
2 585253
2 767534
2 613957
0
1 560806 683381
2 389027
1 33567 28199
1 19005 456654
0
1 861866 618451
0
1 533057 608739
0
2 59183
1 529116 325118
2 323886
0
2 661751
1 130455 958708
2 603094
1 686387 789179
1 926981 216319
1 420136 490443
2 780375
0
0
1 914080 779255
1 452980 459385
2 373359
2 219267
0
0
0
2 526089
0
2 294180
2 36622
1 785540 803535
1 851161 382587
0
0
0
1 449915 278778
2 924239
2 732563
2 729880
0
2 52429
0
2 827047
1 267893 349103
1 587187 18524
0
2 624179
1 807779 850497
1 34470 263049
1 355445 298177
1 995004 836330
0
1 621689 576397
2 429622
0
1 955989 13590
0
1 134369 187303
1 447122 298167
1 825692 942426
2 219392
0
2 247906
2 809423
0
0
2 325957
1 664342 690929
1 295649 129075
1 655370 94023
0
2 923400
0
0
2 703170
0
2 898105
2 682716
0
0
0
0
1 279113 728151
2 155130
2 731741
1 21418 492124
1 234305 764847
0
1 623104 784787
0
0
0
2 118596
0
0
0
1 545767 446020
2 948198
1 623179 620482
2 825671
2 388489
0
1 293179 942573
0
1 788548 391326
0
2 870372
0
1 641667 859288
2 772402
0
0
1 153339 905936
2 534228
0
0
2 433421
2 55340
1 40668 548885
0
2 335322
1 406959 893088
2 959884
0
1 543703 87535
1 193511 690718
1 607389 96976
2 337714
1 690078 670213
0
2 733494
0
2 427533
0
0
1 92362 197241
1 992021 298790
2 977820
1 345930 473175
1 840371 78196
0
1 811395 386485
1 534199 846887
1 650145 474864
1 231633 981058
1 652338 69426
0
2 934600
0
1 856239 225434
2 84858
1 747579 80297
1 884282 56316
0
1 613365 621219
0
1 844749 876913
0
0
1 840308 666727
2 866284
0
2 518511
1 613712 270199
0
2 196817
0
1 614683 328021
2 638646
0
1 966055 77083
1 226034 359407
1 880823 194995
2 40285
2 156490
1 823101 665383
2 401992
0
1 473945 748867
0
0
0
2 265110
1 484610 219147
2 728717
0
1 507779 737285
2 893291
2 364477
0
2 276192
2 136852
2 11641
2 832362
0
2 334634
0
0
0
1 893546 755808
0
0
0
2 211805
0
1 744922 771777
0
1 503369 162191
2 985513
0
0
0
1 778197 595513
2 254776
1 153046 127531
2 92789
2 977278
0
1 88999 670700
1 653658 999408
1 871728 285020
0
2 150646
1 857546 142842
2 648329
2 534265
0
2 925886
2 556850
0
0
1 109676 44151
2 929861
1 399544 125396
0
0
0
0
2 640237
1 759618 325944
2 451435
0
0
2 697429
2 769589
1 544052 534966
1 242498 985653
0
1 459379 769421
1 353662 434002
0
0
0
0
1 828144 857924
2 22623
0
2 580104
0
2 240463
0
0
2 618561
0
2 993694
1 294508 586066
0
0
0
2 512107
0
1 299276 321579
1 911065 622109
1 676652 459127
2 598447
0
0
2 66703
1 272055 823573
0
0
0
0
0
2 471835
1 686454 6820
2 806813
2 967018
2 337320
0
0
0
2 122456
2 183975
1 322388 374311
2 769643
1 290869 532256
2 581557
0
2 771892
0
2 930983
0
0
0
2 399015
0
1 406968 876679
2 587596
2 920751
1 825708 521978
1 409681 323409
2 642654
0
2 714099
0
1 123556 374561
1 900601 888250
2 482126
2 798070
1 220512 492583
1 872897 435772
0
1 117071 118887
1 834879 398973
2 299155
0
0
2 277768
2 673174
0
1 231661 331414
2 128319
0
2 319966
1 524804 911832
0
2 948654
0
0
0
2 541673
0
1 558088 208342
2 447383
2 728147
1 900596 713993
0
0
1 138839 226824
0
0
2 81517
2 154610
1 747356 823829
2 952250
1 605664 253992
0
2 210728
1 491231 327481
2 863240
0
1 214820 312918
2 692906
0
0
0
1 59416 616512
1 515785 10469
1 926842 653973
1 157048 337418
2 643000
1 155473 379951
1 13329 591183
0
2 369584
0
0
2 184688
0
2 730939
1 896345 614439
0
0
0
2 575933
1 463020 168521
1 821617 55962
0
1 932172 758286
1 552232 938631
0
1 918862 197274
1 720601 482372
2 530103
0
0
1 236803 859030
0
0
1 336407 968319
1 171719 92594
2 637469
0
1 94406 938856
2 524144
1 118135 556762
0
2 374148
0
0
2 302455
0
1 580170 872262
1 702702 708879
1 95391 310771
2 552117
2 745362
0
2 739040
0
1 176687 457423
0
1 766543 868959
0
0
1 958196 407514
0
1 209190 591565
2 826485
2 977972
2 311389
0
1 68983 945361
0
2 878168
2 317345
2 410943
1 460075 232672
2 989990
1 843453 33149
2 374410
1 726540 69290
2 30570
2 932504
1 948324 302072
0
0
1 894179 976097
1 692300 724496
2 950057
2 815733
0
0
0
2 103081
1 80737 601259
0
2 452848
1 689918 558449
0
2 562923
0
1 550512 641166
0
0
2 631968
0
0
1 769100 367299
2 755287
0
1 946408 562032
2 57746
1 49650 969067
2 2860
1 414215 847096
0
1 678510 779775
1 936876 336253
2 592276
0
2 285388
1 852830 835303
1 493148 602070
2 183230
2 289748
2 957516
0
2 785418
2 719568
2 288924
2 71031
1 371350 385714
0
2 372845
2 616589
0
1 949807 301955
2 269840
0
1 418145 810837
1 600492 830479
0
1 870144 655525
1 692392 147802
0
1 577404 906279
2 801144
1 365878 793907
2 536164
1 149405 103919
1 272901 69179
1 292491 505215
0
1 459777 212807
2 885703
2 321391
1 346019 352367
1 454635 385003
1 261415 967890
0
1 846736 700788
2 407582
0
2 867920
0
2 363011
2 158784
1 974859 228139
0
2 166723
1 613687 121162
2 357505
0
1 385347 374535
2 813168
0
2 792272
1 344531 639827
0
2 152999
1 937895 809012
0
1 453022 696552
2 159950
0
1 391371 469971
2 492950
2 443419
0
0
1 292284 231312
1 836437 471024
0
0
2 701911
2 91657
1 221588 471675
2 534823
1 14380 638954
0
0
2 225636
1 286087 374729
1 575261 655291
1 650016 736777
2 340069
2 931803
1 33939 635291
0
0
1 556484 842805
2 454690
2 52001
0
1 29358 709125
1 592797 774578
2 809745
1 288709 696091
0
2 63383
0
0
2 569955
1 583777 350365
0
2 914984
1 390108 666280
0
2 301168
0
2 873294
1 909881 522845
1 680163 659088
0
1 306671 209774
0
1 556741 355663
0
2 911138
2 471534
1 744338 557006
1 479292 851650
0
2 349113
2 505674
1 97964 76564
1 146332 651339
0
0
2 741498
0
1 929714 184468
0
0
0
2 645749
2 543524
0
1 625033 285
2 428538
0
2 637938
2 804983
1 682514 381481
1 374792 397924
0
0
1 252885 490215
1 89134 167574
1 832250 616056
2 879062
1 406937 489310
1 680254 236806
1 995724 296050
0
0
1 708392 598415
0
0
2 824813
0
2 11741
2 323790
2 172368
2 775496
1 441750 262626
1 876663 257938
1 777814 443492
0
2 388850
0
1 668860 976878
0
1 327516 723941
0
0
1 855179 895317
0
0
1 716507 688886
2 122363
0
0
2 775950
0
1 806088 233505
0
2 465782
0
0
2 965218
0
1 68313 414348
1 324552 294625
1 303028 288624
0
1 575111 555324
1 585878 655152
0
1 684851 958117
0
2 372119
1 362870 669180
2 946637
1 73268 802443
1 587932 289839
2 560281
0
2 922099
1 599698 961885
1 609091 172379
2 93538
1 937145 745215
0
0
1 194622 612494
0
1 116353 87543
0
2 343679
1 502576 999194
1 741580 854139
0
0
0
0
1 340735 812418
1 285879 702200
1 998459 946059
1 963062 545397
2 589733
2 311192
2 487518
2 163946
1 710680 816788
1 357647 444526
0
0
2 812906
2 564420
1 705672 507047
2 522605
1 787530 939937
0
2 427664
0
1 645232 124525
1 408351 752056
0
0
1 337236 342208
1 260151 241856
0
2 484462
2 512239
1 120932 100673
0
1 891702 931016
0
1 413484 734013
0
1 646883 676296
1 773764 90084
0
1 314481 900224
0
2 498602
2 712849
2 328113
2 634462
2 442030
2 997260
2 890400
1 124666 976297
1 727739 932139
1 949668 526684
1 752848 971784
2 267543
0
0
2 30143
1 62589 773191
2 756797
1 952062 553716
1 320449 796004
1 655512 139654
2 557991
0
1 285217 234477
1 540097 865351
2 661124
1 840583 672366
0
2 574984
2 39294
2 679618
0
2 707538
2 693396
0
0
1 273627 128862
1 449117 614167
1 316433 126728
1 859627 329904
1 94670 264496
2 949454
0
2 552198
2 993466
0
0
1 844970 882419
2 914441
2 833933
0
0
2 862762
1 944136 156593
2 611311
1 178662 82601
0
2 771323
1 242764 27402
1 478231 37418
1 630936 378296
0
1 451307 655688
2 726649
1 804255 886322
1 356795 533059
0
2 701323
0
1 865828 212310
0
1 28107 425780
0
1 617809 28561
0
0
1 761822 391589
1 439933 463813
0
1 355715 769169
1 872414 103225
1 908702 892221
0
1 814514 429613
1 195219 395756
0
2 386440
0
0
1 247303 417508
1 12331 536914
0
2 439212
0
1 432193 201659
1 804473 464816
2 485705
1 412853 629833
1 634033 931739
0
2 931056
2 452533
2 588983
1 766845 841631
0
2 371290
0
0
0
2 759024
2 227477
1 29310 643161
2 909671
2 281053
1 898837 58394
1 312546 452462
0
1 48048 339581
1 974807 957704
1 957770 492139
2 159846
0
1 34416 393333
1 513794 752110
1 198882 683556
2 908641
1 155581 281968
0
1 629654 56280
0
2 381799
0
1 755471 621497
0
2 859473
2 662386
0
2 900818
2 725275
0
1 79553 802688
1 623232 953034
1 206644 417476
2 766233
2 429540
0
1 436315 116176
2 544259
2 54894
1 845309 839565
1 497338 329418
2 370884
0
2 224245
1 446755 459534
2 399408
2 338898
0
2 820624
1 640789 426174
0
0
2 750662
0
2 352122
1 397981 849923
1 513082 895263
2 366712
2 999097
2 30261
1 340854 111953
0
0
1 325675 775342
1 777336 809437
0
0
1 368054 657576
1 170198 57762
0
1 162602 438828
2 482508
1 762489 575119
1 628062 559921
0
0
2 897458
1 646442 106802
2 486352
1 683258 221741
2 797625
0
0
2 359503
0
0
1 415777 856505
0
2 786237
1 759436 342910
1 139047 110821
2 913903
2 895148
0
0
1 829400 407266
1 59266 289730
0
2 813288
0
0
1 161470 298316
0
2 656111
0
0
0
2 922552
0
1 595330 8877
2 326031
0
2 491436
1 398261 331650
