9954
0
0
0
0
0
1 691799 931040
2 258756
0
0
1 512937 108475
2 453024
1 578678 553111
1 824513 593823
2 893230
1 488780 434914
2 986464
0
2 115295
0
2 339062
0
2 40964
2 2808
1 92472 537102
0
0
2 87000
1 556308 940622
1 143263 479553
0
0
1 314392 611195
1 218760 728369
0
1 343039 518
2 313503
0
2 53673
1 615175 779802
2 535004
2 635392
2 355792
0
0
2 93608
2 186533
1 743494 288295
2 544917
1 219837 74730
0
0
1 330304 670767
1 657252 604033
0
1 29325 182004
0
1 884786 996562
0
1 432835 279171
1 739555 342506
0
2 898068
1 681416 673385
0
1 716161 704640
1 988072 465433
2 477919
0
0
1 517651 797271
0
0
0
0
1 879163 889703
1 32884 319090
1 617486 483000
0
0
2 933192
0
1 217894 203717
1 547057 564454
2 31145
1 200855 354016
0
0
0
0
1 319709 507518
2 56295
2 480844
2 60247
0
2 578449
2 627212
1 101729 814542
1 28473 167241
1 919967 565688
1 762491 78346
0
2 802799
2 248342
2 755808
2 672529
0
2 620193
2 750801
2 149931
1 171378 8413
1 664409 59809
1 761286 283715
1 91886 23967
1 914969 387181
2 957216
2 28739
2 946174
2 480019
1 366037 197917
1 347627 114572
1 452701 108093
2 250774
0
2 67441
1 432197 596439
1 133161 498124
2 504008
2 515128
1 214893 249581
2 144231
1 478608 716860
0
1 858775 546034
2 203366
0
0
2 346272
0
1 886701 669392
1 886143 116756
0
2 576646
0
0
2 95592
2 940894
2 851785
2 166553
0
2 57183
1 767025 318236
1 380054 347210
1 695050 147509
2 308817
1 411310 340671
2 492853
2 864411
2 503465
0
1 275075 802352
1 905373 297712
1 491362 678804
0
1 623045 86405
0
1 941167 355425
2 177377
2 138979
1 739119 658979
0
1 34186 536433
0
1 858037 829035
2 92058
0
1 69584 86493
2 760978
1 154672 369823
1 577198 388907
2 370636
1 721582 669577
0
2 619602
1 790381 766084
2 305455
1 45271 369528
1 793708 519183
1 927582 500915
0
0
1 276830 639444
1 494850 940520
2 759751
1 345555 778091
1 906140 180006
2 302380
2 899875
0
2 873367
1 649402 35881
2 866267
0
2 440998
1 120740 175025
1 975831 838891
1 466026 967558
0
1 609636 148371
1 979888 373654
1 687015 211111
0
0
1 916417 614009
2 662106
0
2 243537
1 312150 297011
0
0
0
0
1 87602 999876
0
1 983666 760850
1 755960 200299
1 9353 40389
0
2 403671
1 630680 140278
1 463371 743717
1 51959 290586
0
1 225667 431877
1 35452 891669
0
1 865481 195821
0
0
2 176383
2 923682
1 691731 837863
2 341989
1 838301 656362
2 812717
2 451477
0
0
0
1 705747 649751
1 317806 360497
2 620005
2 553359
2 774133
0
1 687601 470483
0
2 815578
2 560027
1 654771 898521
1 367060 727569
0
1 268027 759915
0
1 463580 670420
1 360588 146709
1 982140 949178
1 180245 754915
2 529510
1 506653 728504
2 521698
2 164914
1 370606 301951
0
0
0
0
2 43070
0
0
0
1 892964 888879
2 100443
0
1 836169 811938
0
1 599078 933949
1 267863 701028
0
1 357387 902567
0
0
2 136541
0
1 283912 219237
2 526108
2 17057
0
2 96113
1 288952 418603
0
1 567636 270852
1 617625 308499
1 782236 227229
1 442556 545405
0
1 851475 18937
1 974209 4155
0
0
2 41965
1 39397 191214
1 852157 131835
1 308638 786073
2 157346
0
2 786677
1 252782 622552
1 677069 140275
1 38512 843914
0
2 794719
0
0
1 848238 814739
0
1 646168 110344
1 789298 678546
0
2 545285
0
1 46886 782871
1 94913 40429
2 328099
0
2 777082
2 185126
0
2 99282
0
2 36560
2 245921
1 69568 615343
2 979659
2 315619
0
0
1 860791 489832
0
2 81535
2 625228
0
0
2 974509
2 57427
1 92392 353477
1 30985 404616
2 306005
2 374571
0
2 464435
1 543859 469596
1 157739 931878
0
1 365475 415629
1 58185 787307
0
1 879584 515478
2 954993
1 612936 339633
2 929449
1 907334 110954
1 119645 413285
0
2 75655
2 33833
2 369106
0
1 831387 385630
2 601127
1 946284 90589
1 537707 657860
1 950548 844201
0
1 358538 581336
0
2 704321
2 549732
1 554797 70452
0
1 153563 222248
0
2 329139
0
1 941548 954549
1 24169 506201
0
0
1 215258 175956
2 357966
2 324757
1 481656 63371
1 73131 11944
2 944733
2 573474
0
1 880200 825899
0
0
2 171609
1 165987 816635
2 704874
0
2 765453
1 681463 762371
0
2 574713
1 237353 734812
2 159999
2 910866
2 299489
0
1 616922 957338
2 967597
2 997598
0
0
1 631427 516463
1 585061 320207
2 754941
2 875941
0
2 165059
1 58834 478333
1 933773 378530
1 143521 786949
1 50404 764363
2 561901
0
2 43848
2 90078
2 723196
2 378785
1 537350 747145
1 822838 82264
2 191361
0
0
2 305244
1 392956 518573
0
2 999984
0
0
1 946553 388935
2 803097
0
1 953067 363649
2 585033
1 762865 679266
0
1 592832 492626
1 473646 697256
1 248346 374508
0
0
0
2 767796
2 3506
2 999935
2 520388
0
1 236337 832259
2 696123
1 541527 214969
2 48663
0
0
0
0
0
1 958085 381234
0
1 205231 272807
2 446151
0
0
1 274701 505657
2 248294
1 148187 125853
0
0
2 676197
2 536048
0
1 417714 135723
0
2 449960
2 221123
0
2 450061
0
1 655999 3248
2 323350
0
1 374984 629289
2 959042
2 993387
2 861009
2 726302
2 104448
0
2 631462
1 954542 298369
1 920284 522560
0
1 366860 114741
0
2 961486
2 577322
0
1 305531 267827
1 444174 769997
1 510250 396446
1 598798 886834
0
0
0
1 669252 300639
1 797276 365937
2 713038
2 152047
2 487496
0
0
0
1 771798 603671
2 217379
0
0
1 775991 189466
0
1 77345 271329
2 574125
1 611239 406994
0
2 890610
2 72577
1 756155 732703
2 688676
0
0
2 287202
2 528811
0
2 149704
2 72816
2 8016
2 330605
0
1 247258 895873
1 157015 770052
0
1 194540 225005
2 316225
2 146487
0
2 1761
2 790981
2 800400
2 416865
0
0
0
2 960497
2 988184
2 489727
0
2 343745
1 120197 207846
0
2 845832
2 130825
1 591910 381496
1 661751 35534
0
0
0
0
1 580905 454680
1 62169 562334
0
2 506261
0
2 696210
2 330567
2 489957
1 20155 678201
2 21467
2 837283
0
1 253048 261692
1 905106 509545
1 394752 228391
2 789919
2 86156
0
1 967180 305243
0
0
1 712200 264581
2 337488
2 108592
0
2 6426
0
0
1 36690 107062
1 448057 213700
0
1 30364 213885
2 13688
1 604062 276134
1 444800 889967
2 351493
0
1 365368 621587
1 45699 986712
1 866937 841956
2 35859
1 774005 50278
1 23053 589124
1 78841 863057
2 578216
2 795806
1 141954 867977
1 471205 148764
2 688958
1 672294 10226
0
2 211066
1 134728 622474
0
1 170214 412634
2 163339
2 432664
1 937656 415880
0
2 804266
0
0
1 823626 96884
2 4405
2 500640
0
0
2 418937
0
2 529593
2 752437
0
1 579191 57945
2 156962
2 382136
2 1012
1 762263 379936
1 702390 53895
2 846760
2 721936
1 487265 240397
1 619493 693407
2 700910
1 334368 709503
2 469323
2 869520
1 914472 339514
2 437908
2 907160
1 698015 38585
0
2 406203
1 209261 323988
1 577518 418767
2 515427
2 221743
1 518963 455322
1 639841 465592
2 386166
0
0
2 533071
2 990695
1 110824 462643
1 256781 303854
2 316052
1 33961 638809
1 547196 294092
2 244283
2 727902
0
2 904005
0
0
2 69803
2 413804
0
1 105469 662159
1 754409 167075
2 699218
1 757805 551804
2 167077
1 146236 715009
1 249453 953360
0
1 75338 697852
0
1 464822 814968
1 2587 387534
2 633251
0
2 414932
1 46265 33524
2 590882
0
1 259038 630657
2 647471
0
0
1 62925 718110
1 506491 857530
0
1 462789 237255
0
0
0
0
1 471479 269717
1 829662 724237
2 607864
2 833762
1 924759 231328
0
2 835811
2 835715
2 704150
1 61526 769775
1 654603 99614
1 468158 735045
1 265122 191236
2 628976
0
1 620909 868540
0
1 365444 54089
2 559434
0
1 399719 742015
0
1 169505 57777
0
0
2 354974
1 840062 816982
1 552021 339416
1 695365 311145
1 872004 295241
1 506226 447543
0
2 185484
2 219622
0
0
2 842430
2 793889
2 579447
0
1 852308 794888
2 320744
0
0
0
2 22631
1 603822 530617
0
0
2 169240
1 430756 855678
1 470459 599314
2 286397
2 271183
1 961036 346584
2 947325
0
0
1 916291 354343
2 701853
0
2 293906
1 146489 913833
0
1 278279 496393
0
2 951391
1 273974 734436
1 6484 844980
0
0
0
2 601870
2 131777
0
2 294143
1 48966 212265
0
1 935384 311555
0
0
0
1 839393 827157
1 954129 954139
1 741100 382501
1 888349 305194
1 759813 827799
2 998938
1 157287 96011
0
0
2 415671
0
1 284960 759965
1 825797 315226
0
0
2 362258
1 961327 593572
0
2 33977
1 631770 776110
1 584368 9616
0
0
1 378620 646460
1 101470 353897
1 93417 421217
2 131962
2 792609
1 62152 900494
1 534774 552992
1 335654 760397
2 492469
0
2 721690
0
0
0
2 463876
1 921712 520981
0
2 190966
2 543794
0
1 84911 790244
0
2 597545
2 315671
0
1 873555 142977
2 270017
2 129437
1 689715 550576
2 470006
2 964371
1 356416 975350
1 200541 829758
0
1 371022 420829
2 536712
1 34483 230513
0
1 472625 527048
0
0
0
0
1 437757 307469
2 661358
1 225729 434042
0
1 171237 801271
0
1 338197 297525
0
2 387045
0
2 161970
0
0
0
0
0
1 345273 946745
1 869294 99820
1 273096 468479
0
2 717886
0
0
2 804480
0
1 321549 656976
0
1 989252 121144
1 814040 421657
0
1 258170 130580
2 17185
2 200903
1 93634 133239
2 930070
2 580999
0
0
1 132445 485215
2 94516
2 998611
0
1 997894 821565
1 304058 177512
2 386764
2 778180
2 741986
2 537237
0
2 343514
2 39698
0
0
2 860068
0
2 796302
2 317267
2 389102
2 174491
2 724846
2 329561
1 370364 953069
2 121745
1 128247 473865
2 591993
2 754703
1 752243 743248
0
0
0
1 413730 14575
0
2 123207
1 350586 50404
1 861416 151980
0
2 21024
2 578042
0
1 263354 828441
2 351058
2 537043
1 645500 49771
2 634520
1 939399 848215
0
1 16672 247067
0
1 146522 228898
2 689027
1 503109 640392
1 202735 904572
2 905504
2 666682
2 452693
0
0
0
2 347347
0
0
2 805201
0
2 979506
2 320745
2 798308
2 436348
2 825578
0
1 271831 518125
1 884238 74611
1 195515 79377
1 840199 771139
2 936044
1 839428 894553
2 74262
0
1 554940 250459
1 905934 11234
1 562106 940023
1 521736 630774
1 488358 537356
2 162540
2 929640
1 802940 498171
1 997431 815116
1 346828 236507
1 604326 993610
1 473097 677903
0
0
0
2 424094
0
1 5776 575037
1 880877 648347
2 993527
0
2 363407
0
2 710072
0
2 355986
2 941195
0
2 948775
0
2 532109
2 763862
1 635544 915209
2 259099
1 614542 777049
1 14634 652132
0
0
2 294395
2 819408
2 610919
2 653338
1 669882 886486
0
0
0
2 608775
0
0
0
0
1 563923 475671
0
2 725647
2 830719
0
2 690205
2 99895
1 700756 15085
2 532192
1 8768 374945
0
1 985970 897853
1 3742 462751
2 469718
0
2 910384
1 58123 136570
1 809629 460509
2 745495
2 46188
1 35001 480110
1 515294 859434
1 315849 158292
1 714440 930997
1 550339 741295
1 275030 843518
0
0
2 699017
2 6603
0
0
0
0
1 326558 653957
2 371733
1 216283 150489
0
1 769785 512806
2 582606
0
0
0
0
2 658144
2 456835
2 840601
2 774036
0
2 319150
0
0
0
1 443852 891546
1 38386 418460
0
0
0
2 664125
1 331862 110091
1 706083 718094
0
1 157224 159603
0
0
2 423090
0
0
2 507037
1 615909 300721
0
1 147819 724438
1 251144 932814
2 577792
2 696707
1 356508 620446
1 300930 107585
2 388008
0
0
1 901588 890732
2 495571
2 973716
0
1 768422 989775
2 138878
2 185555
2 43812
0
2 410746
1 445709 376292
0
2 325792
1 360794 753330
1 335391 824143
1 189990 496016
2 264037
0
2 461612
1 160598 381990
0
1 497783 877643
2 12428
2 887423
2 220909
0
1 576264 86492
2 696098
1 341103 761620
2 655107
0
0
1 730807 522846
2 556945
2 935023
1 69440 927676
2 343849
0
0
1 639360 250585
0
0
2 200625
2 874504
1 466884 412798
0
0
1 936865 922829
2 137668
1 240375 648881
2 228775
2 695636
0
1 903437 777334
1 218183 1406
1 777201 508917
0
0
1 877958 931681
2 746467
0
0
2 855043
2 527682
2 73175
0
2 265600
2 208274
0
2 957967
0
2 375559
1 494220 690145
2 491587
2 830315
0
1 90545 625401
0
0
0
0
1 476665 878861
2 443168
0
0
2 76163
0
1 774684 430186
0
0
1 60884 109336
1 228306 421167
2 39004
0
1 485990 672825
2 659569
0
0
1 663572 942621
2 532716
2 779876
1 729899 191394
0
2 475260
1 361953 433335
0
1 208066 129593
2 999256
0
0
1 525376 423802
2 845983
2 334830
1 206987 249850
0
1 311819 430707
2 49523
2 39505
2 279466
1 598504 464560
2 513978
1 889621 715334
0
0
1 13104 386602
2 295528
1 929943 569984
2 15819
1 38880 82116
0
1 551053 817884
2 603433
2 496564
2 832867
0
2 402916
1 441960 163541
1 169680 956218
2 540955
2 194
1 855312 91985
1 280141 696137
2 709969
1 637431 727831
2 518084
0
2 335639
2 282053
2 18670
1 816307 335733
2 824778
1 539170 889717
1 962804 16492
1 853834 51382
2 766345
1 115181 114527
2 72829
0
1 232373 161087
0
0
0
0
2 898147
1 381215 884837
1 511047 901219
0
0
1 952039 784255
1 889229 168069
2 81424
0
1 671125 979576
1 318713 209320
0
1 528812 743083
1 870620 45085
1 851024 853538
0
2 863633
0
0
1 99675 340680
0
1 216427 760216
2 280444
2 98717
1 967111 8829
2 278905
2 51509
2 77696
2 965364
2 60337
0
0
2 976739
2 780121
1 813316 806922
1 15537 681319
2 866041
2 407747
1 812859 872227
2 101729
2 861435
0
0
2 705124
1 899682 760937
0
0
2 312902
2 72701
1 447340 505013
0
2 281054
2 98960
1 979608 596697
0
1 284331 401968
0
1 513360 505691
1 578153 390250
2 836058
2 164606
2 288675
2 177264
2 842762
2 206951
0
2 791510
0
0
0
0
0
2 718798
1 706855 809729
0
1 905608 550702
0
1 539908 23257
0
2 636724
1 18426 248768
2 944866
0
0
0
2 322859
2 62173
1 304912 998169
0
1 650819 111255
0
1 991838 50286
1 698737 523559
0
1 677725 13163
0
2 68225
2 297058
2 774477
2 809283
0
1 908661 754297
1 873636 507041
0
0
1 50859 373840
2 382851
2 603146
1 965229 44707
2 233707
2 783002
1 547058 141862
1 418585 235227
2 108279
1 454698 829140
2 418297
0
0
2 595877
1 143967 665698
0
2 208686
1 370583 682128
2 584464
2 830389
0
0
2 129128
0
0
1 671710 530766
1 967674 764036
2 15293
2 42754
1 882533 709109
2 601977
1 655936 55386
1 7938 680210
1 205269 957636
1 761362 9699
0
0
0
1 920186 479930
1 335742 437629
2 577196
0
1 552938 544409
1 363714 159728
2 695971
1 275997 813646
1 706930 431186
2 688152
2 566014
1 448851 304922
0
2 139162
1 42621 886580
2 932041
2 303108
1 495560 86429
1 722654 586525
1 941264 721341
0
1 563764 75415
0
2 415669
1 790875 862435
2 380371
0
1 691233 884041
1 231787 64004
0
2 626118
2 796651
2 707899
2 45577
1 843604 304897
2 227457
2 9224
2 763766
1 699727 184379
2 40165
1 356216 338955
1 254539 992725
1 584828 788189
1 683868 190474
2 329581
0
2 485802
1 697331 205768
2 765671
1 818433 553562
0
0
0
0
0
1 265132 105142
2 380555
0
2 890863
2 568600
1 458700 321528
0
1 418078 500123
1 595644 221211
1 935244 413598
2 715422
0
1 669158 166514
0
1 671149 174826
0
1 453633 633767
2 877509
0
2 418383
0
1 850523 857475
1 714164 52815
2 176525
2 602342
2 82169
2 7507
1 287397 930359
0
1 178167 88503
1 229881 908858
1 948266 91953
2 265478
2 259207
1 1992 697197
2 137732
1 732400 752869
1 53251 331812
0
0
0
0
2 558240
0
2 38201
2 224069
2 489930
1 445976 882882
1 462789 483498
1 809361 544876
1 437873 656912
1 552638 99742
0
2 835753
1 318590 274149
0
0
1 734739 121532
0
1 23277 56625
1 799031 68456
1 853481 212764
2 641310
1 164625 697067
2 321757
1 178167 750823
2 89840
0
0
2 39400
0
0
1 628446 86123
1 924165 54341
1 66623 592753
2 896995
2 872987
0
2 691482
1 54289 607010
0
2 633872
2 304156
0
1 226086 693922
0
2 769281
2 849121
2 169168
1 254137 110054
0
1 218558 276199
2 749549
2 33102
0
2 277872
2 781738
1 142902 276515
0
0
2 419595
1 179819 76549
0
1 941707 373258
0
2 834935
2 798457
1 584444 305365
2 103591
0
1 874642 43663
0
1 222346 796698
1 852118 936369
0
2 515321
0
2 561521
2 179404
2 653483
0
2 973299
0
1 148588 646387
1 298963 203311
1 490913 59450
2 847944
2 366673
0
1 118118 125620
2 167879
0
0
0
1 204914 423752
1 529822 641744
1 248470 95766
0
2 663118
2 316494
0
2 865181
1 189030 297387
2 180671
0
2 83109
1 330131 687042
0
1 231601 932475
2 243832
0
2 813282
1 415477 828992
0
0
2 836131
0
0
1 583469 548788
2 205882
0
2 340291
2 796250
2 249679
0
1 397068 933837
1 674140 84221
2 933268
0
0
0
2 40963
0
1 437625 472776
2 18236
2 984116
1 156987 767698
0
0
0
1 898838 659628
1 930504 390028
2 619533
0
2 418430
2 497294
1 82653 676026
0
2 405504
1 27772 34645
1 891710 132798
0
0
2 458990
0
1 702846 284370
0
1 477446 576099
0
2 70319
0
1 883762 288525
1 266972 344562
0
2 994993
0
2 117106
1 527812 855409
0
0
1 933049 894221
2 399258
2 815294
2 337389
1 882176 459757
0
0
0
2 673976
1 188522 383888
1 191614 988056
1 424524 630812
2 624770
2 501584
1 443020 265474
1 344831 709894
0
1 684988 613733
1 900305 669841
0
0
1 624055 183127
2 847137
0
2 842728
1 999799 876629
0
1 721795 310944
1 524292 532517
1 596996 527099
1 888800 166861
2 643230
0
1 924605 660495
1 282140 340123
2 689601
1 307915 72554
0
2 886248
0
0
2 410969
2 140157
2 637647
2 128784
1 998635 834035
2 334970
1 874781 858370
1 994230 465435
2 843945
2 384866
1 456864 225494
1 880667 49104
1 519593 726752
0
2 801671
0
2 95721
1 216858 646967
0
0
1 694889 838512
2 693732
1 575181 78604
1 217106 858783
2 322173
0
2 879038
1 992506 97209
1 969379 506375
2 199965
0
2 404841
2 732520
2 632377
2 737598
1 393615 952178
0
2 982115
1 660079 59668
1 817826 802934
1 752395 462128
1 59658 254319
2 867258
1 771730 760601
0
0
0
0
1 580410 224886
2 905098
0
0
0
1 276022 642703
1 709936 237720
1 148807 780114
2 192660
2 185922
2 441072
1 241465 731796
0
0
2 251449
2 747449
2 608020
2 440531
2 814026
1 627339 934189
2 173630
1 10070 525892
2 906143
1 549996 997
2 336245
1 318215 349001
2 423963
2 294882
2 654139
0
0
0
2 516643
1 401292 759755
1 510573 803405
2 221363
0
1 585331 312560
1 700102 756085
0
1 256654 391181
0
1 511743 462806
0
1 684339 375795
0
2 524758
0
2 431539
1 657030 554499
2 46853
2 98537
2 629637
2 169862
2 382111
0
2 182986
2 456699
2 88691
0
2 779301
2 190107
1 241280 973573
1 942412 399673
1 486282 247399
0
2 438213
1 325474 748206
0
2 490700
2 52910
0
0
0
1 836627 775852
1 122768 395256
1 918745 109124
1 142341 652770
0
1 760941 441843
0
2 999023
1 665814 428101
2 973673
0
0
2 983730
2 747096
2 722695
0
1 412819 528806
2 498761
1 135222 869308
1 161710 704412
2 885889
2 46167
2 350660
2 194830
1 295302 436342
0
2 787158
2 359322
2 458117
0
1 394366 164088
1 598312 487966
0
2 157730
2 154850
2 596572
0
2 602439
2 83069
2 231011
2 942071
1 388137 533893
1 129614 96609
0
1 824340 962170
1 93738 951111
0
1 682686 774828
0
0
1 378472 613222
2 362011
0
1 980335 146217
2 607114
1 942765 989094
0
2 135184
1 933782 548545
0
2 734267
0
0
0
1 828339 441011
1 289698 422161
2 924781
0
1 165505 376057
1 202253 669037
0
2 332267
1 884954 758655
0
2 789423
2 54810
2 113303
2 755521
2 941734
0
2 523185
1 379724 431943
1 516606 54520
2 258228
1 4665 956285
0
0
1 535372 682690
0
2 480348
2 429881
2 793095
2 256348
0
1 908589 668437
2 118867
0
0
0
2 849049
1 238975 921576
1 17619 793596
2 205980
2 663951
1 898909 976230
1 814153 216074
0
2 652889
1 469228 57397
0
0
2 816160
1 975550 207982
0
0
1 931876 558124
0
2 562590
1 985010 265880
0
1 641601 749877
2 981097
2 682506
0
1 211498 177182
2 881813
0
1 20650 921705
0
0
2 632642
2 826773
2 277301
0
0
0
2 376270
2 270269
0
0
1 879702 690025
1 410949 648116
1 961554 410653
1 122117 887950
0
0
1 153234 904610
2 402301
2 489603
1 693631 329601
0
0
0
2 739935
2 458556
0
2 284965
2 613541
2 633329
1 100341 460045
0
1 532745 99323
2 45208
1 32059 933311
1 132641 541606
1 258845 197929
1 300946 98501
2 291638
1 135101 937059
2 210520
0
1 61492 530201
2 873741
0
2 25440
2 732638
1 269066 984607
2 963077
0
2 196231
1 743683 939455
0
0
1 979540 268851
2 330087
0
0
0
2 866006
0
1 651532 790347
2 783679
2 872952
1 258599 835462
1 195392 600411
2 558150
0
2 244457
2 630432
1 145614 937565
1 902857 543283
2 270808
0
0
2 292700
1 38817 346864
2 824279
0
2 4912
0
2 4
2 23
2 3
2 2
2 2
1 379227 999833
2 133724
2 29436
1 890671 287594
1 843200 71142
2 794235
2 613383
1 491466 824354
1 196010 793847
0
2 586008
0
0
2 102062
0
2 282794
1 857762 990795
2 403317
1 741084 525120
0
1 460905 145409
2 822417
0
0
0
0
0
1 963177 349702
2 685161
1 806929 517197
0
0
2 355175
1 919047 58217
1 34171 183626
1 282149 375801
2 402119
0
0
1 758236 213603
1 720889 488243
0
2 34256
0
0
0
2 171184
0
1 123411 757652
0
0
2 554994
1 296558 968678
1 248714 807719
0
0
2 248923
2 48793
0
1 590137 284373
1 642613 228637
2 369988
0
0
0
2 6927
1 869759 771279
0
1 144763 889503
1 988307 780680
0
1 270243 163406
0
0
0
2 991005
1 656371 675531
2 387053
1 708241 3716
2 68286
1 431996 40297
1 970821 594148
0
1 779779 914861
0
1 549516 878560
1 76593 907199
0
2 362452
1 334266 570315
1 197513 399291
1 615547 908402
0
1 576957 264115
1 551819 571882
1 894567 745912
1 448371 20850
0
0
2 316938
1 856680 487665
1 562139 260486
1 174343 778416
0
1 854891 563407
1 639066 408922
1 218857 151240
1 428979 261656
2 464845
2 838868
1 642222 547725
0
2 598760
1 265682 106073
0
2 413597
1 55068 109059
0
0
2 134161
1 382514 678847
1 729654 771042
0
0
1 323358 360701
0
2 839174
0
0
1 876311 505892
2 508935
1 563956 247017
0
0
1 325754 979785
0
1 990094 565654
1 890044 349894
1 53604 127664
2 661296
1 873601 176360
0
1 234998 617679
0
0
1 304887 291963
0
0
1 431955 530797
1 56914 998817
1 122715 691914
0
0
1 921846 528207
0
1 980353 330600
0
1 510871 540401
0
2 435121
0
2 864238
1 336226 98616
1 867012 443418
2 930451
2 987867
0
1 100216 866876
0
1 255101 473070
0
1 121867 537087
0
2 147394
2 844245
0
0
1 835827 872483
0
0
0
1 296018 532651
1 153682 115170
2 727651
1 389790 839119
0
1 410104 444989
2 757112
2 957318
0
1 364965 708480
2 283318
0
2 121947
1 172826 334718
0
2 59808
2 955669
0
0
0
2 852827
2 108123
2 299028
1 825029 857703
0
2 407892
2 992521
2 760602
0
1 839581 762962
1 652453 50071
2 698386
0
2 909450
2 631850
2 855963
1 503762 652158
0
0
2 471279
1 525026 613246
0
0
1 409242 4556
0
0
1 958118 131722
0
0
1 450924 910382
0
0
0
2 392044
2 987020
0
1 141929 32650
0
2 223387
2 576867
2 91924
0
0
0
2 517295
1 873440 297275
1 686894 231737
0
0
1 472840 380575
0
0
1 370571 787029
0
1 228209 759287
1 848541 622085
1 384458 948563
1 117796 789739
2 894058
1 128888 112765
0
0
1 94010 609839
1 656808 93645
0
1 42265 465268
0
0
0
2 136772
0
0
0
0
1 713208 820793
2 471420
2 226183
2 136800
1 77641 640219
1 303298 537328
1 218349 435738
2 259776
0
0
0
2 404456
0
1 145199 684132
1 42635 318375
0
1 364085 185898
2 822653
1 315719 19808
1 71036 192764
0
0
2 136497
0
1 946715 151490
1 341759 522625
2 535660
2 166916
0
2 400709
1 92292 14086
2 421903
1 451388 400235
2 230361
2 718454
2 362217
2 58593
1 794597 675461
1 331118 226395
2 33549
0
1 619573 363216
2 260475
0
0
2 500996
1 760440 851066
0
2 528717
0
0
0
1 809299 985377
0
1 727855 51395
0
2 533383
2 884134
0
1 146427 816933
1 457491 253303
1 907192 407063
2 862695
0
2 571615
0
1 921282 73362
1 666871 955048
0
1 481262 71433
1 482749 882960
0
0
0
1 420898 106696
2 209364
2 904970
1 533914 526589
0
0
1 949406 443565
1 836724 804575
0
1 421693 248430
2 6183
2 557577
2 57380
2 64350
2 458733
0
0
2 842898
1 41315 104991
0
2 843786
1 436679 376134
0
0
1 275812 402929
1 84081 717985
1 299843 98260
0
1 862502 544761
1 915941 239301
1 769712 665310
0
0
1 964360 213668
1 16740 348305
2 820155
2 209120
2 579807
0
1 265414 491169
1 659773 935820
2 68199
2 490821
0
1 394307 911440
1 260668 983786
2 326064
2 59710
0
1 129499 108625
2 41496
0
2 69621
1 919994 715817
1 782345 928951
1 252921 650811
0
2 722314
0
1 747341 299897
1 411629 9764
0
0
1 603369 111720
1 663543 276819
0
0
1 535797 721182
2 131445
1 266158 249310
2 562642
2 745406
0
0
1 752247 964284
1 777647 275357
0
1 614067 543545
2 16289
0
1 196294 284045
2 866329
0
0
0
2 31946
2 869062
0
0
1 152171 776184
1 316155 957145
1 743367 898612
2 531648
1 98510 485713
0
1 43080 806158
0
2 884956
2 621551
0
0
0
2 535971
2 506144
1 674726 100387
1 784444 555376
2 167339
1 135525 929930
1 818597 572162
1 69206 263798
1 318100 808349
1 855462 138368
2 622511
1 245391 541866
0
1 814757 191631
1 1960 467068
0
2 709503
2 926936
1 164302 248924
2 247463
2 375086
0
1 409656 90058
2 253639
2 213315
2 768078
2 909486
2 130329
2 386395
2 755961
0
1 107920 543088
0
1 915559 936169
1 212501 877680
2 458551
0
1 190915 876629
2 461790
2 23876
1 506129 469363
0
1 31053 264950
1 260013 268216
1 814705 379197
0
2 806501
1 294115 975724
1 206223 933899
2 821328
2 28215
2 531725
2 348675
1 126036 502618
0
0
2 143471
2 956015
2 290289
2 768922
1 593390 573217
2 299164
2 253274
1 231879 498306
2 160948
1 374590 247878
0
0
2 361711
0
1 342362 957947
2 786501
1 829162 884719
1 875951 242474
1 132322 459379
1 6423 537043
2 784332
2 592196
2 22018
2 600771
0
2 53147
2 656700
1 391195 375238
1 317244 272876
0
2 274157
1 956947 619419
0
2 379652
0
0
1 764099 882325
0
1 17573 296527
2 778713
1 972833 577026
0
2 447257
1 712162 609633
2 546723
0
0
1 129803 137357
1 164273 451372
2 139268
1 461063 246362
0
1 371663 643489
2 152348
2 602665
1 791636 280570
0
2 59348
2 660156
2 54989
0
2 667135
2 496386
2 872817
0
1 581263 84969
2 501138
2 688060
2 928799
2 404525
0
0
0
1 634279 929649
2 844828
2 691083
0
0
1 752358 324865
1 32166 420132
1 386311 820243
1 78965 790224
1 692012 34833
0
2 872828
1 803935 921094
0
2 140879
2 897179
1 556245 906839
1 326591 218352
2 30719
2 491289
1 689755 363536
2 353068
1 926584 565589
1 793595 143797
0
1 173955 725011
1 601964 92287
0
1 762532 632232
2 747223
1 270263 461201
1 647499 604024
1 569764 419889
2 673632
2 89724
2 133688
0
1 353020 35301
1 311915 28935
1 873888 673070
2 520144
1 97621 30601
1 391480 746017
0
0
0
1 327752 877019
0
2 691930
2 410968
1 265612 300817
1 6818 397943
0
2 21094
0
1 941878 719713
1 577277 687333
1 654420 336285
1 585451 174789
2 738679
2 110717
1 370763 207495
0
0
2 697737
0
1 456150 738878
2 391047
0
2 116111
1 747288 501710
0
1 632734 130910
0
0
2 942541
0
2 309355
1 617057 412291
2 623061
2 23065
0
1 399849 350513
2 481284
1 871285 481897
0
1 75268 660775
0
0
0
2 476941
2 695185
1 802418 898541
2 636877
0
1 601042 662759
0
1 54413 331362
0
0
1 30589 843825
2 157170
1 135825 212363
2 769624
2 832508
0
0
1 874149 122614
1 517941 294687
1 759556 579997
0
0
2 279858
0
0
1 903382 66619
0
2 914057
2 247517
0
0
1 328966 743857
0
2 363982
0
2 662407
2 54466
2 179209
2 778002
0
1 560132 758028
0
1 126039 566611
2 626634
2 44768
2 631057
1 520063 723419
1 503222 837918
0
0
1 289701 944898
1 792782 453150
0
0
0
0
2 457147
2 24849
1 765957 469145
2 986221
2 606189
0
1 521103 611004
1 436735 367475
0
0
2 375601
1 313613 240057
1 483332 468311
1 527601 178740
1 767256 4395
0
1 729130 109482
0
0
0
2 110159
2 457656
1 442886 535672
0
1 169250 531715
2 261890
2 486381
0
1 871714 300081
0
2 547022
0
1 709246 708343
1 209181 762940
0
1 222299 231912
2 199647
1 884937 98900
2 440658
2 994197
2 45792
0
2 432532
2 526035
0
1 717100 689140
0
1 54425 860986
1 429513 199069
1 757256 619430
2 92119
2 670718
1 207109 16083
0
2 350639
0
1 598429 733254
0
1 550348 384202
1 507860 300982
2 788561
1 811453 316680
0
1 487380 697064
2 960624
1 216621 995839
2 208440
2 72919
0
0
1 420531 944284
2 441179
0
1 978800 372077
1 909159 415554
1 982433 904190
0
2 395567
1 152531 419152
1 980482 64686
1 282358 674358
1 760226 975698
0
1 782282 694477
2 183053
2 340378
0
0
1 521013 730703
2 289642
2 599763
1 738184 189780
2 355131
1 184190 392601
2 942054
0
2 744540
2 314606
2 809520
0
0
1 475767 508693
2 236967
2 78224
2 737673
0
2 92946
2 677573
0
1 32235 124075
0
1 156144 985487
0
1 999264 926720
1 809491 102928
1 764069 812103
1 316500 813465
2 422414
0
1 460307 485238
2 760950
1 861773 234756
0
2 967727
1 491983 752358
0
1 476217 935302
2 660565
0
2 829778
2 155250
0
0
2 105411
1 753900 852467
1 201242 127075
2 762388
1 571097 432819
1 198243 7961
2 319200
1 862225 610575
2 945204
1 88595 482538
2 338200
2 521374
0
2 88917
2 941086
1 166492 37737
0
2 660282
1 4250 44574
2 441029
0
0
1 941073 603042
2 174642
0
1 409853 221779
1 907259 548264
1 295397 710140
1 687242 496342
2 125728
0
0
2 747196
1 733606 195979
1 115795 525748
1 456898 169483
0
0
1 824030 644340
2 534075
0
2 130324
1 382937 929090
1 435395 550222
0
0
2 762642
0
1 628882 171765
0
2 295902
0
2 849889
2 397366
1 10901 941034
1 556261 905733
2 533555
1 695843 644578
2 284886
0
0
0
2 587826
1 550523 858217
0
2 527756
0
2 140468
2 9853
2 248912
2 304353
0
2 520462
1 511022 508451
0
1 981632 611468
0
2 744184
2 271896
1 390245 243416
0
2 927093
1 244601 246713
1 177868 110678
2 371782
0
1 652998 929841
2 768365
0
0
1 634778 993414
0
0
2 395010
1 729959 157210
1 978658 28713
1 350897 795473
0
1 766424 114410
1 461796 51086
0
2 109490
2 568682
0
2 175679
1 390319 236958
0
2 159912
2 753253
0
2 712914
2 875613
2 195203
2 395344
0
0
0
0
2 241404
2 445029
0
1 83154 32704
1 726779 758467
0
2 960239
1 34865 647353
2 903225
0
1 340039 177814
1 225105 857618
2 595279
0
1 477021 105362
1 104173 676264
1 669053 40625
0
0
0
1 350671 780627
2 862116
1 810587 436273
0
1 893744 260584
2 435699
0
1 755221 963520
0
0
0
2 990166
0
2 456772
1 710569 721066
1 917934 946965
0
1 290499 580928
2 942746
0
1 139546 680631
2 953286
0
2 747651
1 960195 944921
0
1 601697 46426
0
2 911126
0
2 94380
1 508382 655626
2 378494
0
1 230388 43725
1 287859 158496
0
2 608213
0
0
1 286848 189949
2 900463
1 817874 432517
1 333018 259854
1 176522 247104
0
1 672596 762430
2 20890
0
0
1 4232 847960
2 945729
1 480689 410511
1 435116 801027
1 298765 551423
1 62673 189584
0
0
2 569729
2 688550
1 246535 341749
2 942600
1 257943 256164
2 895157
1 36271 802182
2 124091
2 905606
2 138139
1 789969 192919
1 923488 672584
0
2 379464
2 51582
2 717055
0
0
0
0
0
2 787986
2 874480
0
0
0
2 36866
2 525518
2 813527
2 507482
2 832670
1 135811 972452
0
0
2 801300
0
1 543966 950920
2 625516
2 836087
1 263865 392140
2 682848
2 68217
2 90978
1 768547 977016
1 80912 444075
1 80923 71148
2 494675
2 408025
2 594282
1 864777 303611
0
0
0
0
1 856282 541449
1 20893 489637
1 962206 546865
1 228571 112132
0
0
0
1 45622 515425
2 578809
1 321217 612201
1 121040 92574
2 430339
0
1 881675 16614
1 919284 187791
2 406037
1 801163 987625
0
2 477062
0
1 976060 845859
0
1 846677 699850
2 98743
0
1 28712 668690
2 869167
0
2 787228
2 883762
1 645930 670581
2 982824
0
1 339263 263132
0
2 222537
1 229533 488031
0
0
0
2 855039
0
0
0
1 701126 982674
1 340073 289830
2 986089
0
0
2 892000
1 859263 850390
1 645065 938591
1 191623 573849
2 568156
0
1 133245 536544
1 765737 932096
2 929156
1 741461 997826
2 447904
0
1 89084 816379
2 442767
2 195810
1 422686 193043
0
0
1 929356 344755
0
1 283805 887167
0
1 977793 822604
2 58627
2 833866
1 89218 736399
2 686256
0
1 170294 536319
1 108866 231364
2 978780
1 377463 612503
2 685097
2 776912
0
0
1 463112 26144
2 516196
0
2 494327
2 51282
2 250299
2 785181
1 52355 121295
1 853684 354877
0
2 338608
2 695331
0
2 84670
1 427767 214138
2 788495
0
0
2 740218
0
0
1 329524 574299
0
2 685268
2 717988
1 611775 567241
2 8118
2 751071
0
0
1 880943 447332
2 893759
1 718908 996587
2 69076
2 544075
1 879591 609908
2 617541
0
1 477855 821986
2 654887
0
2 342985
2 11396
2 175978
0
0
2 769387
0
0
2 245750
2 182664
1 693430 751910
1 618051 597096
0
0
2 103
1 15688 247728
1 197325 418020
0
1 394198 174613
2 646813
2 540315
2 876568
2 824632
0
1 171666 783961
1 745317 257113
2 963633
1 543144 401891
0
1 682975 324613
1 884802 709455
0
2 790406
1 391338 708209
0
0
0
1 237312 743397
1 696522 611788
0
1 871609 248232
0
2 931635
1 648031 964667
1 346999 462698
2 592724
0
2 10924
0
2 606791
0
0
0
0
1 470555 212570
2 671790
1 477397 819518
2 587695
2 376418
2 533476
2 49840
1 402748 479481
1 565685 887877
0
1 704247 673447
2 728451
2 776456
0
2 386285
1 936164 137450
1 265338 421273
0
2 497454
2 634520
0
1 852453 10781
2 406437
1 699505 664967
0
1 248452 567456
0
1 929901 421707
2 300414
2 949188
1 430598 219683
0
2 629137
1 664347 703916
0
1 632022 912221
0
1 31002 297725
1 670835 79675
0
0
1 20101 629897
0
1 764113 380513
1 683267 125913
1 680544 781428
2 265701
2 964221
2 902496
1 353896 861828
1 934881 305190
2 455471
2 105872
1 645691 558886
0
2 348751
2 812055
0
1 958538 105627
1 952581 897591
0
2 22928
0
1 191113 803515
0
2 618402
0
2 520911
1 564462 77628
1 242670 816516
2 21252
2 228759
2 543031
0
0
1 163142 307528
2 914487
2 655399
0
1 465571 723940
1 211981 150454
2 245497
2 602161
1 337342 133392
1 137506 136848
0
2 782596
1 381668 902181
1 191636 915362
0
2 943882
2 528975
1 81340 891054
0
0
1 82768 245622
0
0
2 544573
2 388314
2 899284
2 698377
1 316752 799451
1 512843 51889
2 651253
0
0
2 835458
1 354778 861052
0
0
1 809607 774691
0
2 479717
2 531901
0
1 728118 343711
1 87910 427699
2 89313
2 490172
0
1 602783 915589
0
1 128019 184200
1 92729 333645
2 759216
1 806654 428882
2 185354
1 599305 403092
0
1 301774 963451
1 551514 8870
0
1 49711 274500
1 663211 871269
0
1 530854 235489
1 575295 358717
0
0
2 368197
1 85632 97529
2 907457
1 451130 560612
1 253419 404470
1 860337 437457
1 269605 207451
2 251466
1 748183 133809
1 766748 586569
0
2 224057
2 932126
2 780445
1 241696 813223
0
2 799580
0
0
2 51610
2 645558
0
1 310002 116497
2 317492
1 373 90195
0
2 704570
2 483986
0
0
1 815461 949411
0
2 843652
0
0
2 67963
1 110665 967326
2 298530
2 769754
1 627549 255548
0
0
2 927652
1 556671 311372
2 961838
0
0
1 584321 678362
1 623096 722414
1 68448 340214
2 576475
2 926477
0
0
1 50073 803708
1 315400 422822
0
0
1 22786 216065
2 705606
1 820850 169697
2 607352
1 657974 425188
2 947213
2 328838
0
0
2 698692
1 49063 477330
2 385035
2 258665
2 803440
0
0
1 122711 593786
2 999853
1 607959 66809
0
0
1 134764 482736
0
0
2 747919
1 928172 676199
0
1 683511 941137
0
1 44017 447509
1 596444 274906
0
1 460641 119972
2 303540
1 193636 896332
0
2 217819
1 705178 501800
0
2 374487
2 598814
2 729657
0
1 366469 98061
0
0
1 168100 642844
0
2 457952
1 802153 993173
0
2 746835
1 629365 436072
1 540468 38193
2 898690
1 68262 61032
0
0
0
0
2 972116
2 491996
2 250000
1 884779 494906
1 495163 52656
1 596740 46908
1 809876 359771
2 76491
2 965224
2 979274
2 931177
2 633421
2 510308
0
2 601856
2 465503
1 66060 167338
2 474057
0
0
2 654208
0
0
0
1 987127 789920
2 473335
2 247731
0
2 876882
0
2 771238
1 683908 287532
0
1 268976 16553
1 975785 171454
2 316577
2 238144
2 996012
2 360224
0
2 590823
1 280817 812848
1 79155 761661
1 606921 331796
1 427209 499599
1 136086 684529
0
0
1 495713 411163
0
0
1 242978 889033
1 47705 237450
2 527842
0
2 476222
1 208568 602290
2 55026
1 530861 961774
1 69196 238329
0
0
0
2 664357
0
2 154104
2 977198
2 799145
2 127117
2 964526
2 243448
0
1 610830 17574
1 918497 760971
0
0
2 683901
2 391610
1 68875 347173
0
1 368075 390684
1 396549 486122
1 803858 2610
1 813839 22180
1 120815 144161
1 812438 268057
0
0
0
2 300436
1 409643 378568
0
1 761340 942733
2 725276
1 121526 277590
0
2 398348
0
0
1 900502 648833
0
1 881215 811664
2 242760
0
2 239245
1 543679 551265
1 983651 690298
2 878961
0
2 448266
0
2 195198
1 821667 937927
2 382437
1 806797 213016
0
0
1 222148 93488
1 240272 779900
1 626556 41089
1 30902 406623
2 16958
0
2 696567
1 735768 378521
0
2 716420
1 849608 867667
2 152827
1 192320 919231
0
0
1 172894 367280
2 856147
2 205060
2 526425
1 951411 808615
1 689198 743683
2 612498
1 471648 664622
1 34178 57403
0
0
2 64546
0
2 844773
0
0
2 803279
1 465320 877960
0
2 815724
2 183765
2 465672
1 243411 771520
2 606695
2 47645
0
0
1 356077 759556
1 760659 199780
0
2 425063
2 944790
1 461322 154682
0
1 260468 543041
1 946211 491026
1 344627 215659
1 672623 916118
0
1 818592 72393
1 811710 865563
0
0
1 541463 4192
1 72660 475902
2 107336
0
1 321624 28310
0
0
1 230101 837928
1 814451 11356
2 1636
2 900293
1 583705 324130
0
1 199367 472249
0
0
0
1 493334 525854
0
2 170079
1 706339 19500
2 726686
2 168307
2 814684
1 417187 593400
2 149193
2 53092
1 648580 98552
0
1 410399 921642
2 886236
2 463299
1 202916 377894
1 160935 983208
1 259284 836710
2 36657
2 763845
0
0
2 901676
2 672702
0
1 346839 892800
0
0
1 652311 603512
1 451339 895762
1 322348 612092
0
0
2 884964
2 912957
2 126231
0
2 150088
1 781077 447740
1 990099 929342
2 688495
0
2 436257
0
0
0
1 825514 529276
1 629436 690080
2 579186
1 432943 602517
2 620655
1 531216 510998
2 77992
2 128007
2 825003
2 369890
0
1 145320 23278
1 351286 482949
1 969235 378943
1 924224 265979
1 676344 798084
2 127964
1 985373 978721
1 400920 345379
1 779919 571793
0
2 37539
2 863253
1 552054 705275
0
1 748708 505654
1 984811 161903
1 532917 128830
1 751765 300821
1 891258 343483
2 934713
0
2 114615
2 457662
0
2 926842
1 157205 833420
2 203872
0
2 700098
1 775292 152375
0
0
2 581786
1 78164 420278
0
2 867322
2 540488
0
0
2 58370
0
1 513766 467848
1 462801 536098
1 617974 475601
1 28804 819579
1 160073 479980
1 93373 940503
2 81200
1 883950 457585
2 710302
1 435940 742038
1 515434 926836
1 769506 385899
2 666358
1 401841 382900
2 378834
0
2 23013
2 439265
2 400724
1 898546 234510
1 480290 957059
2 344368
0
1 673276 53214
1 601887 530415
1 690463 231566
0
2 499922
1 874447 111548
1 137816 366611
0
1 465195 920294
0
2 85233
2 366031
0
0
1 585345 52444
0
0
0
0
0
1 974548 362574
2 913511
0
2 781912
0
0
0
1 892694 229909
1 127606 821305
2 355530
1 814494 446512
0
2 555118
1 930218 196907
0
0
2 635767
1 299386 49236
2 364736
2 989878
2 635690
0
0
0
0
0
1 436677 235904
0
2 960735
0
0
2 131486
1 778122 849291
0
2 792330
1 171113 77553
0
0
1 737934 491812
0
1 682332 842855
2 865255
0
1 956245 896951
0
0
2 483614
0
2 511367
1 731512 527010
0
0
2 241540
0
0
2 944566
2 417876
2 188739
0
0
1 604024 247073
0
2 750011
2 949184
2 644276
1 310979 928207
0
0
0
0
0
1 814764 897766
2 183236
2 410851
0
0
1 107763 370736
0
0
1 878267 841716
0
0
2 664452
1 160103 325384
1 434710 181859
2 773681
2 326094
1 31689 782663
1 919168 567936
1 372247 624012
2 51200
1 938722 125543
1 345286 39484
0
2 924145
1 6325 463730
0
1 758733 134229
2 928398
2 784420
1 597142 626678
2 644742
1 311751 319982
1 322384 668166
1 245942 653435
1 534899 875583
2 908824
0
0
2 634703
1 295326 48889
1 261062 476570
1 909714 85662
0
0
1 100789 241412
2 474176
2 703090
1 290293 965264
2 875408
1 949334 771635
0
1 528034 256441
0
0
0
2 778390
2 796655
0
1 644126 946394
0
1 819816 658902
0
2 330589
0
2 953568
1 613871 14338
2 282947
0
1 223774 53294
0
0
1 533290 717144
2 959307
1 225138 950817
1 327244 30768
1 413512 90370
0
1 214221 5900
1 863124 165944
1 179514 269496
2 691066
2 497862
2 33369
0
0
2 639205
1 511406 605594
1 445070 932306
1 413453 441139
1 733007 175793
0
1 371368 956865
1 751562 457099
1 727645 523283
0
0
0
1 102280 370994
2 24205
2 819812
2 112671
2 736467
0
1 24072 392410
2 566530
2 801612
2 365230
0
2 212380
2 488056
1 291145 203094
2 164341
2 415058
1 494787 882790
1 283438 47255
2 244192
0
2 690332
2 316619
1 150114 976654
0
0
1 248028 70320
1 920547 624478
2 468430
2 131748
0
1 514383 549004
2 22650
2 696569
1 703793 619240
0
1 829766 4337
1 293560 509975
2 826210
0
0
1 482503 843350
2 235418
1 69896 121602
1 138276 21128
2 887712
1 471461 559303
1 379729 120605
1 44723 792182
0
1 661530 515225
1 111003 241447
0
0
1 866553 508534
0
2 179584
2 72348
1 43803 967354
1 18294 601486
0
0
2 995592
1 964177 348155
1 369555 553688
2 628978
2 632343
2 105787
1 161413 723521
0
0
1 249136 936147
2 870160
2 12018
1 92568 417573
2 769054
1 911940 4771
0
0
0
2 377489
2 205204
1 816323 431982
2 728391
0
1 998134 121001
1 279714 97014
1 90834 627964
0
0
0
0
1 104354 704049
0
2 95041
1 190074 334181
0
0
2 518969
1 862128 919471
0
1 81905 671133
0
0
0
2 161654
1 5212 817554
0
2 671276
1 667069 522532
2 867977
2 981590
0
0
1 678258 308850
2 674134
2 471384
2 776621
0
0
2 426023
2 226632
2 624904
0
0
1 707355 501380
1 447637 443732
2 150942
0
2 470802
1 725888 289088
2 156173
2 275613
1 509151 740846
2 390917
1 16693 426428
2 148311
1 261599 83090
2 717370
1 436673 608663
2 733558
0
2 452265
1 595790 103011
0
2 818878
1 934983 130583
1 623227 2785
0
1 681866 976918
2 972122
1 906567 406881
2 392305
0
1 844169 624762
2 179044
2 509747
0
1 285435 594276
1 704743 900690
1 120101 561077
2 131376
1 5189 843250
1 917722 598949
1 742432 954378
0
0
2 53170
2 627656
1 295750 212796
1 946853 918673
2 470119
1 581249 285375
0
0
1 644002 584352
0
1 447911 539054
0
2 911831
1 705547 510262
2 332604
1 570334 719247
2 244543
2 686353
1 787460 338586
2 293037
0
1 359093 400815
0
0
1 31046 542170
1 487333 867784
0
1 715525 406426
0
2 213246
1 687722 723268
0
2 442676
1 312860 445343
0
2 77464
2 452003
0
0
0
1 75836 443125
0
0
0
1 49599 46371
0
2 154429
1 577237 218643
0
0
0
0
2 498681
1 73409 712554
1 885393 731972
0
1 701399 489532
0
1 300391 585320
0
0
2 446060
0
2 209418
1 945884 369276
1 422567 319543
2 826864
2 628147
0
1 10234 430737
2 751722
2 251616
2 760697
1 871764 608811
1 934160 169297
2 201089
1 41327 304055
0
0
2 291847
2 127011
0
2 232451
0
1 195151 869333
2 378199
1 214422 970012
2 347442
1 979504 116240
2 37821
1 771428 606673
1 596606 176943
2 980401
0
0
2 485916
2 13329
1 335307 634767
0
1 332642 875212
1 754385 966688
0
1 821279 686907
2 884964
2 307304
0
1 516226 590760
2 304528
1 722605 755370
2 40117
0
2 313834
0
2 820983
2 101677
2 643477
0
0
0
1 110731 629865
1 654118 703094
1 582124 683596
1 716683 469510
2 944753
1 941722 593188
1 502493 74236
1 789884 94736
2 857586
1 960849 200473
0
2 580086
0
0
1 11427 435810
0
2 631681
2 827799
0
0
0
2 723877
1 92139 970444
2 916612
2 336185
1 245714 97058
1 457725 421375
2 314539
0
0
1 484793 163515
1 670645 837219
0
1 759578 128685
0
0
2 551130
0
1 873251 106660
1 187092 249182
0
0
2 467349
1 766850 612898
2 781702
0
1 183404 110135
2 683015
1 299577 938854
2 802986
0
1 790951 975370
0
2 649219
1 426931 334795
1 980764 273178
2 11003
0
0
0
1 956018 587819
1 939766 371419
2 667473
2 393961
1 660599 876930
2 403233
2 930904
1 702222 559114
0
1 646686 509112
1 641180 253729
1 561197 644638
2 705799
1 880765 148657
1 261583 270413
0
0
1 86673 246515
2 96098
1 176960 433320
2 777510
0
0
0
0
2 832974
2 762378
1 643178 437194
1 714026 941409
1 686314 718837
1 608803 738815
1 624755 100269
0
1 993531 137938
1 477754 952727
1 237862 351532
2 125927
2 523290
2 166585
1 522813 441558
0
0
1 704193 796262
2 136645
1 277539 614478
2 328776
0
1 897920 181505
1 507492 461747
1 801019 205459
1 419806 172581
1 901795 12549
0
2 138720
2 286678
0
1 725642 301885
0
2 688425
0
1 656712 645650
0
1 524696 846919
0
1 682938 231694
1 327087 938492
1 254036 879597
0
1 340213 312670
2 65080
2 233118
2 754555
2 953089
1 881172 298243
1 177121 919756
2 547023
1 916597 311084
0
1 663410 242870
1 574094 745016
1 430158 741983
2 525572
2 582535
1 211209 423539
0
0
1 343704 917957
1 133159 831536
0
0
1 782115 812943
2 471555
0
0
0
0
2 771275
1 295523 794236
0
2 565462
1 491326 809561
2 191026
0
2 26793
0
2 432321
0
2 914309
1 152245 125345
1 405179 15349
1 581418 343561
1 490904 248366
0
1 928739 634624
0
0
2 827321
0
2 440222
2 504924
2 759146
2 336762
1 868793 805865
2 433773
0
0
2 720541
0
0
2 617786
0
2 636176
2 662974
0
1 440518 830346
1 302247 735522
0
2 778047
2 609023
2 755692
1 776444 745615
1 424501 897263
1 666696 308408
0
2 726825
2 320493
0
0
0
0
0
0
0
2 580582
1 460288 433203
2 856629
2 615257
2 534448
2 530061
0
0
0
1 746714 434522
2 483872
0
0
0
0
1 847242 993741
2 34758
1 434232 583855
0
0
0
0
1 593153 830775
1 620579 483402
1 3343 846002
1 404184 81780
2 998189
2 217014
2 748095
2 275359
1 281864 833458
1 789648 199211
0
1 798967 384974
0
2 917970
2 875144
1 94454 369924
1 831115 729912
0
2 772756
0
2 630670
2 824251
0
0
1 591054 169305
2 703832
0
0
1 672075 37416
2 445694
1 646257 489869
0
0
2 216429
0
0
1 961774 755348
2 49402
2 252498
1 64074 864894
0
1 863313 711383
1 883724 250096
0
0
0
0
0
1 701821 486156
1 964963 340845
1 572614 465960
0
1 795038 850600
0
2 807521
1 986215 838286
2 208008
0
0
1 438466 997019
1 853927 378339
2 425271
0
0
2 556536
0
0
0
0
1 546209 539746
2 76954
1 994603 191680
1 204363 231067
1 809546 908947
0
0
0
2 18389
0
2 495293
0
0
2 763735
0
2 905919
0
1 320686 184507
2 579669
0
2 313824
1 278021 837338
0
0
1 545146 433979
1 864937 135956
1 916697 544487
2 374270
2 33404
2 475579
0
1 630476 671754
2 381647
1 312756 470065
2 64653
0
0
2 129102
1 121397 565672
0
1 492327 477794
1 261227 99269
1 782568 882931
2 838333
0
0
0
2 615057
2 947886
2 120114
2 245789
0
0
1 559627 950331
2 424333
0
1 989067 798547
0
0
0
1 62675 147632
2 93444
0
2 666327
1 443626 614329
1 318922 404284
0
0
0
0
0
1 860510 889933
0
0
0
0
2 585469
0
1 66958 975872
0
1 699555 549485
2 115789
2 12750
2 482989
1 147003 573866
1 284812 354299
2 989869
1 900804 54810
1 246083 434650
1 322388 284688
0
1 982444 472080
1 817677 749787
2 325702
1 175117 862984
2 175478
2 757822
0
1 279202 183504
0
1 434879 495128
1 883765 397942
0
0
2 295997
1 567252 234203
0
2 749250
2 393081
2 645219
2 953773
0
2 479828
1 854887 876698
1 815347 160851
2 232934
1 622410 94777
0
1 491460 637127
2 804874
1 941850 882610
1 176305 874086
0
0
2 347706
0
2 267592
1 877274 518305
1 429057 196567
0
0
1 835895 9516
1 743073 281319
2 927945
2 838240
0
2 935268
0
1 835125 163252
0
1 794363 694706
1 475434 913852
0
2 670818
2 682457
1 267392 453019
2 880581
1 180508 460196
0
0
0
1 383227 205752
0
0
1 285060 337536
1 822038 791497
0
1 881135 173535
0
0
2 29929
0
1 181106 650747
2 855298
1 178007 236299
1 82469 278508
1 952404 677583
2 865316
2 622460
0
0
0
2 560675
1 675093 806131
2 72865
0
0
2 433441
1 855816 288065
1 161488 11646
2 581774
1 675385 376726
0
0
2 683709
0
0
2 958213
0
0
1 582594 391061
1 954339 780915
1 53774 384967
0
0
2 147224
0
1 988219 301468
2 993297
1 897116 417887
2 353308
0
2 720775
1 710866 597145
2 241433
2 64295
1 75390 547708
1 672759 891726
0
2 887089
1 500347 437485
2 40082
2 170305
2 138787
2 733079
0
1 991853 363265
0
2 478427
1 201122 976979
1 582377 224370
0
0
2 733041
1 465965 417285
2 455971
2 53722
2 300632
2 335328
0
1 430268 663907
1 90287 357320
0
0
0
2 748820
2 901308
1 826902 181493
1 556359 194144
2 935300
2 359629
0
0
2 823928
2 159061
0
0
0
0
2 222115
2 48637
0
1 689577 58477
0
0
0
1 50830 395604
0
1 106242 229524
2 967643
0
0
0
1 987560 853769
0
2 675485
1 384840 496491
1 232463 628980
1 282202 45927
0
1 484097 817597
2 126698
2 932165
2 552163
0
2 905041
2 796721
0
0
2 406552
0
2 891946
0
1 708801 198679
1 912751 984897
1 193263 617688
2 17533
0
0
1 45449 271412
0
2 256905
1 620363 149754
2 610211
0
0
1 921395 178691
2 78277
2 789614
0
2 914142
1 252537 912184
0
1 213922 810655
2 640335
0
0
2 220387
0
1 79311 99470
1 518262 630648
0
1 906105 439140
1 965325 966021
0
2 532443
2 84097
1 560470 580641
0
2 807745
0
0
0
2 306142
2 701714
0
0
2 762719
2 873189
0
2 275572
0
2 322954
1 427727 421533
1 507027 592744
0
1 951239 40787
0
0
2 451179
0
1 901951 807501
1 438112 777283
2 265442
1 779719 523151
1 406540 323258
1 932000 858301
2 677928
2 429924
1 231796 892227
0
0
0
2 689343
0
0
2 433239
2 424589
1 445641 857569
1 149433 953128
0
1 145256 483043
0
1 222551 836803
1 580929 600918
2 546253
0
2 382367
2 379828
2 74426
1 594936 664194
0
1 779807 61874
1 700109 85989
1 199313 634427
0
1 145104 120117
2 970948
1 269530 185393
0
0
2 558190
1 61461 360049
1 164604 814653
1 896286 662441
0
2 341463
2 504981
0
1 188107 982817
2 325725
0
0
2 388120
0
1 723047 364366
2 491223
1 769314 504564
0
0
2 312374
2 895784
1 709143 826083
0
2 906303
1 921764 554764
2 660519
1 682222 391006
0
2 509677
0
1 609791 720718
2 752005
2 515313
2 425268
2 257333
2 655921
0
1 750346 143795
0
1 572422 87210
2 114058
1 451686 831243
2 413047
1 820676 603179
2 312579
2 288567
0
1 546860 888895
1 52895 767410
1 198315 678846
0
0
0
2 30518
0
2 673562
0
1 380002 112758
2 412518
2 12067
1 206050 429512
0
1 494151 536198
1 503790 908935
0
2 826135
1 783805 751881
1 582429 512656
1 550942 594827
2 292026
1 296669 877016
0
0
2 931814
2 327167
0
0
0
0
0
2 113806
0
0
2 110810
2 675692
0
2 305656
0
1 24791 336769
2 623511
1 631142 672023
2 939169
0
1 321451 231778
0
0
2 471055
2 467897
1 515337 655674
2 106686
1 843106 336970
0
2 347598
0
2 584805
1 492662 119761
2 518578
1 730641 247233
2 248915
2 734213
1 283865 642845
1 241581 600896
2 253375
0
1 609122 404223
0
0
2 804324
1 650552 56842
2 68918
1 28672 615550
2 179761
0
0
0
0
1 685464 577618
2 990759
0
0
1 224582 125104
2 450970
0
0
2 444426
0
1 471001 822833
1 635186 420618
2 912330
2 122187
2 9147
2 221048
1 635581 584106
1 271400 737045
0
2 459435
1 725322 852980
0
2 89901
0
0
2 953475
2 23899
0
0
0
0
1 985749 923722
1 214948 704700
0
2 471473
1 799513 344200
2 937301
1 859014 380482
2 454809
1 196855 509093
1 147851 38318
2 380345
0
2 482040
1 709738 552661
2 457564
2 593356
1 796669 167179
2 292720
1 913475 285287
2 222259
1 685808 318202
2 882619
1 564284 854221
2 38759
0
0
1 392906 274567
0
2 968200
2 354642
0
2 889481
2 932712
2 418821
0
2 707543
1 452497 387356
1 381675 593313
2 875692
1 24946 1078
0
1 986385 716768
1 585481 350201
2 949840
1 488899 157721
1 828013 621408
2 972394
2 770812
0
1 95130 541262
2 58873
2 524795
1 604490 46170
1 136737 301195
2 172456
1 823489 201749
0
2 426942
1 419589 180001
0
0
1 491089 125812
1 390044 734738
1 454544 813756
1 648691 337864
2 969218
2 964407
1 695040 771769
1 454213 429953
2 70075
2 949462
2 900067
2 217407
1 764204 784292
2 351504
0
0
1 285823 931197
1 395238 49578
1 315243 73258
2 906484
1 845213 602182
1 467253 655950
1 563563 86702
2 331096
0
0
2 923221
0
0
1 373870 469256
1 372016 812800
1 924722 871186
0
1 754700 898828
2 907522
0
2 234387
0
0
2 647335
0
0
2 800421
0
0
1 295666 833691
1 631100 66600
0
0
1 34888 310271
1 138689 511183
1 549007 757241
2 841370
1 983767 664225
0
1 470453 792770
2 176583
0
2 142888
0
0
2 950520
2 847264
1 295871 784368
2 967922
2 405139
1 565564 55090
1 389495 693128
0
2 265089
0
2 864210
1 175526 994787
1 848469 448061
0
2 145420
2 71332
0
2 25013
2 112905
0
0
1 253540 564159
2 14037
1 70583 256089
1 927329 410921
2 205677
1 762952 611023
1 487065 218646
1 934236 706274
0
1 258955 982472
0
2 255728
0
0
2 858482
1 162457 745470
1 84088 795469
0
1 932090 617908
0
1 133692 207026
2 213349
2 957063
0
2 471724
2 921915
0
0
0
2 2893
1 726550 101774
0
2 883255
2 929956
2 79767
1 589267 921695
1 26526 778551
2 397297
2 184032
2 229099
1 539628 839917
1 988919 809330
1 651629 206523
1 366664 117000
1 248390 434677
1 708353 252416
1 315272 615371
0
0
2 745558
0
2 264379
2 8464
2 825458
0
1 511243 490551
0
1 904595 931320
1 780928 947833
2 512232
2 426952
2 626839
2 958433
0
0
0
2 664926
1 352339 64920
1 725613 696119
0
0
2 671390
1 390571 857506
1 509265 502895
0
1 362701 819235
0
0
1 801787 526202
0
0
2 665458
0
1 665516 828229
2 286560
1 497829 550520
1 991635 451452
0
0
2 484377
2 170562
2 43018
0
2 540001
2 514775
0
2 282303
1 106540 71073
1 406073 536155
0
2 182213
1 510823 638901
2 322613
1 657998 979930
1 611749 752330
0
0
0
0
2 394929
2 553047
2 490115
2 139172
2 863035
1 182194 381524
1 644830 550872
2 627627
1 319040 765054
0
2 778759
1 222142 789466
1 473287 337679
1 299916 16873
2 391224
0
2 387283
1 731483 951110
0
0
1 494394 223304
0
0
1 890024 573890
1 262233 320559
1 42793 695296
2 874787
1 484485 683260
1 821594 480632
0
1 882646 526935
1 314989 25771
2 954336
2 186018
0
0
1 807406 812942
2 267693
2 312410
1 453513 959204
2 293780
1 124350 470821
1 791082 297957
1 459407 631480
1 358989 198785
1 104132 569656
0
1 217700 625352
0
1 48470 495589
1 24721 993863
0
2 316084
2 869285
1 346820 936412
0
2 612155
2 58837
2 884204
1 309218 554874
0
2 916195
2 802718
1 991174 860641
1 506990 589762
0
2 590584
0
0
2 780737
2 3551
1 597792 459797
2 781774
0
0
0
1 353190 795220
2 281349
2 487384
1 507669 220022
0
2 487473
1 886477 948253
0
2 980709
1 493085 236615
0
1 801137 20663
2 528830
0
2 459452
2 148807
0
2 777395
1 985980 67531
2 143088
0
0
0
1 454528 454784
1 104403 15661
2 28124
1 678729 471509
2 32160
0
1 227861 4095
1 94348 701218
0
2 991294
2 86717
1 249398 112680
0
0
2 910360
1 59632 446466
2 827867
0
0
0
0
0
0
1 753164 70261
0
1 183187 683278
2 956638
1 901850 705128
0
1 931629 97550
2 409438
0
2 239275
1 202647 205617
2 135771
0
0
0
2 557078
2 981978
1 652281 540189
0
2 437799
2 138990
1 230190 994407
1 402037 284115
2 435420
0
1 967550 8462
2 706202
1 49005 890984
0
0
2 528822
2 359564
1 420879 161105
0
1 744210 733936
1 738701 821190
0
0
2 586429
2 346529
1 979200 600591
1 11916 742148
1 297701 83087
2 513081
0
2 606703
0
2 425868
1 844818 9998
2 775699
0
2 285082
1 735995 749466
1 355891 314561
2 594318
1 864956 888484
0
2 701397
1 954276 857969
0
0
1 129531 749987
0
1 445369 691781
0
2 5322
0
0
1 830342 464010
0
2 202102
2 663118
0
2 789026
2 568107
2 832180
2 169938
0
0
2 319158
0
0
0
1 490006 772121
0
2 264815
0
2 235082
1 524431 33204
1 783402 144304
1 660344 709116
1 977059 869672
2 685668
1 807777 174108
0
0
0
2 357486
0
2 522649
0
1 116673 81893
1 856371 98440
0
0
2 978545
0
0
2 982930
0
2 74909
1 199387 435423
0
2 776104
1 141924 771142
2 70312
0
1 426573 889450
2 576151
1 667470 407152
1 137867 997819
1 745968 870280
2 315792
0
1 650969 735934
1 915339 246170
2 518115
2 493383
2 80408
0
1 916511 246762
0
2 227089
2 418197
1 237273 461710
2 225751
1 822608 19561
2 266449
1 950397 756048
0
2 772145
0
1 213644 551970
2 78994
0
1 135311 348724
2 185334
2 753461
1 487516 320563
1 465257 41763
2 550059
0
1 777890 242406
2 220158
1 567801 663059
1 424171 669568
0
1 162085 639907
1 745540 41632
0
0
2 909993
2 469605
0
2 769764
0
0
2 257776
1 936027 193757
2 570378
2 959091
1 946741 111915
1 323299 607489
2 664941
2 763044
1 15609 964946
2 116168
1 63762 933045
0
1 483160 329061
0
0
1 750087 86470
1 562467 156639
0
1 934230 357731
0
1 400090 299721
0
2 861796
1 569830 516827
1 225802 671099
2 343873
2 469417
1 537712 961043
1 462348 959726
2 738010
0
1 617399 48796
0
1 640239 598498
1 485784 481830
2 499799
1 508385 915238
2 592550
2 560912
2 986920
1 731991 908239
1 420907 293411
1 400107 344358
1 297956 994779
2 145904
0
0
1 177255 976551
1 246698 453854
1 836053 769320
2 353751
0
1 629741 939616
0
2 568887
1 529297 408000
1 928117 119199
0
0
1 430585 305849
0
0
2 276299
2 787008
1 703438 919689
1 197234 988929
0
0
0
1 777006 69650
2 698277
1 908852 168780
0
0
0
1 988325 853264
2 738520
1 688024 989328
2 628266
2 968499
0
1 356358 177912
0
2 636875
1 907574 164610
2 766247
1 953214 550617
2 687425
2 657570
1 344875 126064
0
0
1 820686 710639
1 369606 973541
2 671257
1 257762 445360
1 378536 330488
2 678749
1 373105 944591
2 889114
1 322418 327796
2 771579
2 44547
0
2 509997
2 312909
2 346265
0
2 324576
2 340740
1 616808 817261
0
1 80313 296690
2 891210
0
2 512746
0
0
1 936867 697876
0
0
2 473359
2 477477
0
1 750266 966683
2 265499
1 651857 746853
2 52089
2 764
1 781998 750640
0
0
1 844222 699060
0
2 60426
0
1 45293 425956
1 614233 557267
2 973661
0
0
2 12479
1 589069 869104
2 990918
0
0
2 164971
0
2 438594
2 598975
1 576368 818149
1 986785 5316
1 51035 86639
2 505473
1 559843 133669
2 117403
0
1 87590 867644
0
0
0
1 350304 20699
2 234395
1 805857 767048
0
0
1 646784 381219
1 900499 751566
1 99014 560509
2 369251
0
2 964139
1 903440 228921
2 554312
0
2 196780
2 768386
0
1 37845 626500
2 426083
1 89176 209732
2 92071
1 152375 573015
0
2 433181
0
2 387071
0
1 67776 777654
1 299162 213272
1 321746 282075
0
0
0
0
0
1 503146 358511
1 141834 773149
1 301367 658106
0
0
2 889050
1 876924 627306
1 889917 707613
0
0
1 241358 517091
1 615976 673942
2 650956
2 503357
1 295250 934244
0
2 497999
1 442512 379678
1 129800 318670
0
2 776665
0
2 881674
2 964338
1 189133 249133
2 91743
2 887140
0
1 677372 595393
2 399919
1 330437 551237
2 917823
2 712995
1 118944 536883
0
2 13336
0
0
1 176585 443612
2 615705
0
2 139479
1 406184 787770
2 320090
1 260820 579141
0
2 536364
1 218528 795569
0
2 601359
2 306998
0
1 535264 963061
1 603737 581537
1 28378 16105
0
2 153622
2 979449
1 882909 520514
0
1 792803 417769
2 216558
1 352492 485089
2 839375
0
2 59480
1 183127 832234
0
0
0
1 340986 983142
1 342027 473800
1 55558 938925
0
2 887596
1 90556 489357
2 729588
1 5568 478490
2 237825
1 879621 534487
1 9918 844324
0
1 478478 827388
1 547726 80659
2 539134
2 303629
0
1 568274 325928
1 206061 634264
2 385943
0
1 410910 256422
2 432080
2 993138
0
1 396630 671203
0
2 676869
2 701580
1 481087 836770
2 598040
2 716674
1 403252 968171
2 474057
1 445682 13746
1 882442 278229
2 768307
2 323230
2 262576
0
2 452222
2 359209
1 666127 704425
1 908063 559151
0
2 278697
1 932365 743994
1 737378 966953
2 81155
2 290542
0
0
0
2 130879
1 435189 915810
0
2 383772
2 377277
1 525678 273467
0
2 682857
1 684399 295397
2 404543
1 980573 547077
0
2 771831
2 958703
1 368561 771193
0
1 432274 123406
1 393840 166919
0
1 184959 199415
2 331275
2 457292
2 394694
2 256172
1 808941 843546
0
1 359454 799581
1 549424 571949
2 357412
2 76878
1 117574 39419
0
2 643885
1 784109 491637
0
1 511495 492021
1 578307 506385
0
1 409243 629734
0
1 998092 796676
1 182851 797692
0
0
1 911232 347244
2 7142
1 122587 803746
2 835518
2 97476
2 697533
1 740930 846257
2 593501
2 440527
2 706104
2 934458
2 301059
0
1 750148 773904
2 899897
1 439994 790585
2 827923
1 172174 488435
1 584214 428552
1 216811 557388
2 46058
1 521817 659227
1 845743 35671
1 746777 832808
1 287466 208516
1 318613 273023
2 361354
0
1 103380 291413
2 181498
2 440045
1 654526 979275
0
1 743310 606268
0
0
0
0
1 349818 427390
1 471769 926349
2 464658
0
2 590472
2 872417
1 928144 774491
1 91486 460845
1 507039 935466
2 383355
1 927313 123085
0
0
1 748854 716681
1 47412 980337
2 433024
2 788608
0
2 632466
2 625619
1 863692 697021
0
1 157351 205914
2 669796
0
2 601434
1 820841 879067
0
2 241294
1 109798 890754
0
2 234245
2 20568
0
2 149998
2 680331
2 85834
1 855971 630274
1 691542 39129
2 912461
0
2 847450
1 714475 114299
2 926035
2 190014
2 494853
0
1 348328 547706
2 982224
1 369260 477026
2 641431
0
1 302669 503508
2 526227
2 308660
0
2 728401
2 110627
2 218139
0
1 340790 885245
0
1 937750 107721
1 187144 505158
2 929165
0
0
2 944670
0
2 759174
0
1 549574 399206
0
0
2 993443
1 895054 469464
2 110597
2 595813
1 709481 26226
2 46996
2 792552
0
1 645782 728643
2 543725
1 115674 138936
0
0
0
2 319072
0
2 388521
2 459793
0
1 629905 204785
2 526893
1 316589 455178
0
1 823501 731146
2 893622
0
0
0
0
0
1 478894 35151
1 667528 963659
0
0
0
2 358618
1 467258 218077
2 22637
1 316138 47060
2 597197
2 398474
1 417020 816326
2 711429
0
2 475833
0
1 944478 60825
0
1 11851 240584
1 244670 352879
2 651025
1 229443 420982
2 495524
1 826849 13179
1 250245 627228
2 3174
2 970353
2 948066
1 320236 15901
2 141474
1 358342 952738
2 539928
1 197872 303867
2 901884
2 113409
2 674528
1 203655 6065
0
1 492999 766266
1 261965 923855
1 701164 232402
1 85658 565935
1 889386 645232
0
2 458058
0
2 919992
0
0
1 565573 541691
0
2 822713
1 630602 993520
1 526090 75113
0
1 5270 13834
2 715676
1 650037 431363
2 994966
1 504986 471407
0
0
2 998313
0
1 865079 787701
1 916978 679803
0
1 788987 399806
1 884493 858798
0
0
2 43436
2 488292
1 627071 175277
2 334540
2 198871
2 439402
1 264712 795080
0
2 788570
2 406987
0
0
1 704613 513342
1 226613 937276
0
1 18575 659417
2 802299
1 790165 415041
1 349420 391349
0
1 43674 926376
2 899665
2 872276
2 396308
0
2 197291
2 289481
2 431612
0
2 903238
1 843307 812325
2 363692
2 393811
0
1 22444 468846
1 269705 974758
2 262153
2 787260
0
2 968877
1 253889 43406
0
1 932905 715474
2 666328
2 391654
0
1 986417 970781
2 223211
1 92092 189945
2 778990
2 998692
1 387047 630791
1 440199 948326
2 688138
2 985622
1 570823 904657
2 42269
0
1 542832 856814
2 119183
0
0
2 869425
2 583597
2 493949
1 707993 572564
0
0
2 33749
1 8535 912021
1 989780 456275
2 818797
2 955407
2 796520
0
1 547706 357185
2 75293
0
1 13020 677068
1 419085 513010
2 497313
2 946851
2 291640
0
2 323810
2 585202
1 125648 242636
2 934090
1 491462 643474
2 514824
1 266740 652627
0
2 713645
2 885946
1 857298 768468
1 62741 754843
1 523790 298466
1 639206 842188
2 148239
0
1 426548 268135
1 72065 179445
0
2 372144
0
1 388137 891909
0
1 961243 296364
2 853082
0
2 321732
2 588017
1 196912 112075
2 364258
2 700326
0
2 770577
0
2 110219
0
0
0
1 276847 735487
1 628860 170320
0
0
2 414910
2 653157
2 935139
0
0
2 902273
0
2 952352
0
2 33383
1 489757 548007
0
2 825560
2 8334
2 630803
1 176498 952200
0
1 46338 692883
1 281492 350783
1 686784 110305
0
1 62605 66347
2 257215
2 320331
0
1 826418 417548
1 774863 905444
2 234475
1 444862 242518
2 997525
2 829219
1 378328 549485
2 850828
0
0
2 479314
1 264707 639890
0
0
2 80077
2 948805
1 201871 988069
0
2 266402
1 455362 732193
0
2 610817
0
0
1 807881 631257
1 130128 34004
1 669956 603453
2 47908
2 995433
1 43935 460608
0
0
1 69750 47032
2 166207
1 140497 465412
2 733830
0
1 563827 309166
1 151732 831445
1 467615 564530
2 38814
1 322318 571441
1 910821 269171
0
1 296328 12373
0
0
2 851519
0
0
2 572199
2 529430
0
2 106941
2 398678
2 508794
0
0
0
2 347753
1 575068 997963
0
0
2 521392
1 362825 953234
1 271810 442940
0
1 112400 632443
2 232282
2 655322
2 205416
2 773092
0
2 727582
2 689815
0
0
0
1 173774 487863
2 281331
1 317297 899309
1 768568 192485
0
2 913523
0
0
2 290623
2 22230
2 818376
0
2 780828
0
0
1 577312 694954
2 665557
1 982205 329954
1 611938 47399
1 92041 690222
2 198253
2 227438
1 414293 502450
2 103200
0
0
1 984825 2689
1 604551 769910
0
1 277748 326368
0
2 117165
0
2 481790
0
1 302541 831298
2 754507
1 435454 333778
0
1 345987 757968
0
2 318847
2 139058
1 936197 742235
0
1 229461 17872
0
0
2 278391
1 769696 93447
2 195889
1 895371 323042
2 968063
0
0
0
0
1 87843 374391
2 788129
1 544256 500271
2 580331
2 939624
2 771807
0
2 356042
2 719009
2 586369
0
0
1 875553 342966
1 828937 716155
1 793602 270990
0
0
0
0
2 411366
0
2 760673
2 443324
2 581762
0
0
2 313580
1 511538 424393
0
2 532682
1 158013 78674
2 164636
2 658297
0
0
2 634161
0
0
0
1 634375 201268
2 49584
2 997373
1 688422 779660
2 124210
0
0
2 973827
2 37295
2 844218
0
2 889017
0
0
2 859508
1 803557 495436
1 378231 900868
0
2 47918
1 149979 446694
2 967854
2 318856
1 973655 974807
0
2 706211
0
2 898857
2 105527
0
1 589364 987841
0
0
0
0
0
0
0
0
0
1 85969 764963
2 262744
1 283614 682545
0
2 614274
2 100895
2 699417
1 212165 37244
0
0
0
0
0
1 238175 615452
2 735494
0
0
1 143571 387579
0
2 366121
0
2 173316
0
2 720188
0
1 864707 43448
1 690765 333062
0
1 100472 118420
2 381851
1 131024 363159
1 785801 33405
2 42332
1 49533 446782
1 559499 197374
0
2 829284
1 404218 168799
1 948475 736594
1 599750 270448
1 408187 28139
0
0
1 483944 365709
1 259343 461332
1 672044 526247
1 694137 355525
2 375589
1 486996 315492
0
1 858391 719477
1 472183 148691
0
2 779786
0
2 933394
2 263833
2 509930
2 903296
1 123366 965794
2 766003
2 729036
2 169135
0
1 896166 698159
0
1 116300 745745
1 538292 385663
2 372300
1 545959 399345
0
0
0
1 610527 413803
0
0
1 416660 289558
1 683676 853370
1 837502 761178
2 327043
2 360529
1 59611 645037
1 670478 614060
2 426770
1 998057 525861
0
1 329824 29780
2 241486
1 200771 84885
1 797265 604509
1 294922 464319
0
1 197893 755429
0
0
1 795890 736641
0
0
0
2 341210
2 992755
0
2 148101
1 742617 658785
1 498773 693370
1 452733 982247
2 505479
2 15521
1 510257 928762
1 241505 74362
2 811883
2 252757
1 552674 602251
2 901728
0
0
2 914025
2 466833
2 143036
0
2 395391
1 448420 484182
0
2 299977
1 544522 965101
1 761008 640431
0
1 147725 105470
0
1 283637 39366
1 827764 470406
0
1 720569 707369
0
1 553424 652538
1 849836 475015
1 755756 340959
2 670682
1 825902 692732
0
0
1 860943 729410
0
2 512227
1 857159 564477
1 329815 668058
2 555643
0
0
1 402143 135922
2 208787
1 587688 197329
1 478709 762619
1 503097 341824
1 11660 675747
1 511974 627819
2 917575
2 812076
0
0
2 162243
0
2 915792
2 589184
0
0
2 19824
0
2 908746
1 742728 495465
1 243614 226091
0
1 472891 45876
1 204699 392225
0
0
2 86991
0
0
1 429784 631338
0
2 532689
0
0
0
1 458777 52543
0
0
1 271324 442682
0
1 666168 437651
2 386217
2 817591
0
1 826012 964942
1 529485 911098
2 558604
1 593189 259208
2 962082
1 38424 266569
2 163500
0
0
1 572013 434177
0
1 486200 34514
0
0
1 656403 562277
1 813623 434390
1 293838 48034
2 903688
1 844554 405127
1 955772 496264
1 152331 139890
2 281303
1 769511 402452
1 132489 961784
1 156761 473566
1 837842 848687
0
2 702013
2 733737
2 743156
0
1 670160 129353
0
2 575399
0
1 944937 498719
2 93042
2 138392
1 73550 832085
1 421695 129614
1 551701 966085
1 292742 829586
0
0
2 473443
0
2 652228
2 935034
1 335148 286534
1 673673 652969
2 117790
0
1 837773 960034
0
0
1 470695 219421
0
0
1 526746 911047
0
0
2 52214
1 957368 367388
1 109467 266977
2 315080
2 651884
1 746923 644982
1 36819 39983
1 580205 842098
2 613214
0
2 532318
1 513308 670786
1 595747 898405
0
2 284898
2 229937
2 950168
0
1 412169 464875
0
2 73069
1 69840 85327
1 787732 626680
1 596126 30099
2 99404
0
2 652240
2 395333
2 699544
2 120590
2 286302
1 226268 607487
2 531180
0
0
1 302385 665243
2 124133
2 991431
0
2 942080
1 841501 583516
0
2 279298
2 20437
2 91677
0
0
1 270845 869816
1 376934 642419
0
1 775984 33859
1 507073 142568
1 764804 248091
2 643964
2 330727
2 940933
2 910692
2 120497
2 933130
0
0
2 171185
0
1 705945 626723
2 129985
0
2 8364
1 204171 469055
0
1 133635 199575
0
1 44090 606412
2 265474
2 390284
0
2 810612
2 970728
0
1 364646 77367
0
1 600602 31089
1 125039 182241
0
1 387466 443896
1 131921 632226
2 840407
1 667960 326917
2 646461
2 841641
0
1 553039 612159
2 120374
0
2 692764
2 25554
0
1 784871 571852
0
1 11038 223461
2 303976
0
1 493365 830721
1 40385 974228
2 575583
1 54155 645952
2 67478
2 82783
0
1 57149 8193
2 68475
1 883452 7209
2 931051
1 131696 741903
0
0
0
0
1 269358 6611
1 11037 221973
0
0
0
0
2 676381
0
0
2 603171
0
0
2 36976
2 740769
1 994799 907046
2 709250
0
0
1 133192 116379
0
0
1 607011 123001
0
2 964622
2 451615
0
1 182184 574998
0
2 646710
1 112347 934390
1 541974 800288
1 387847 983595
1 424191 382608
2 804288
1 751327 890227
0
2 908653
2 36720
2 299550
2 63397
2 489584
2 76361
0
0
2 460261
0
1 158829 532074
2 280371
1 24375 617984
1 81959 535408
0
1 742436 777213
1 933501 46650
1 956331 560311
2 613274
1 489675 828250
0
2 753160
2 83885
1 481684 650122
1 15963 286304
0
2 997154
0
1 898547 954445
1 27425 638849
0
1 862559 589737
2 537680
2 797691
0
0
2 95930
2 172203
0
1 404129 274342
1 563155 503928
1 811050 257153
2 994139
1 146260 92632
1 218122 498431
0
0
1 642784 722389
0
0
1 43261 633278
1 734559 380608
1 975623 96488
1 953840 558885
0
0
1 947827 510365
0
1 488401 559879
1 476220 907639
0
1 589311 57461
2 154565
1 888963 657475
0
1 603014 961239
0
1 451286 321708
2 889342
2 507514
2 390491
2 781754
1 845022 993402
0
2 104734
0
0
1 528571 878129
2 761839
2 658821
2 940280
2 606034
2 361882
2 292257
2 337333
2 295518
0
1 815723 679881
1 456150 139697
1 215063 30869
0
1 254501 64904
2 758767
0
2 860946
2 986872
0
1 968369 876699
1 894582 331785
1 249893 462532
0
0
1 101102 940561
0
1 864244 341937
1 453335 391446
1 94632 647177
0
1 139483 831525
2 860494
1 667608 249822
0
0
2 591040
1 694196 667576
0
2 312731
1 5396 598375
2 837564
0
1 97394 971341
2 389740
1 304757 621075
2 11664
1 791973 368993
1 626697 162613
1 774847 429083
0
2 534386
1 111383 810196
0
1 641422 934293
2 583664
2 966813
1 968626 667999
0
2 328601
0
0
1 555145 407074
1 480552 336525
2 899256
0
2 968339
0
0
2 503353
0
2 952568
0
1 490157 782810
1 369951 650600
2 295167
0
1 908838 989204
0
1 933557 98583
0
1 503131 698980
2 520680
1 997509 687928
2 184600
0
1 216190 817029
0
0
1 616160 207952
2 913968
1 699059 724589
0
2 907398
1 423117 163153
0
1 78914 963701
1 652121 364224
2 947534
2 861614
2 952464
1 73751 666088
1 25919 753949
0
2 688827
0
2 959711
2 915533
0
2 599503
1 693402 726181
0
0
2 289878
0
2 225394
0
0
0
1 257511 549390
1 424277 752810
1 721367 415879
2 187205
2 284762
2 481880
0
0
0
0
0
0
2 972952
0
0
0
1 121126 100574
1 211199 762099
2 555840
1 377996 183650
2 456286
0
0
1 497619 123923
2 539796
2 637805
0
2 222556
2 271693
1 124835 940077
1 19969 206451
0
2 931251
0
2 348254
1 949916 991893
2 687010
0
0
0
2 419152
1 832099 708459
0
1 748960 186688
0
0
1 834677 831814
2 149886
0
0
1 519569 302367
1 454428 874571
0
1 773711 650038
0
2 538677
2 826501
2 920939
2 974679
1 566060 175804
0
0
0
1 984711 773
0
1 330675 438081
2 121372
0
2 294794
1 895931 713715
2 27998
0
2 389052
2 703096
1 249269 271896
0
0
0
1 694793 903170
2 863672
2 721153
2 235861
2 33689
1 491433 744810
2 640907
0
1 357239 13049
1 602170 847250
1 374666 326040
0
1 800574 22794
0
2 246305
1 947874 686230
1 505610 149997
0
2 493274
2 722454
0
2 559393
2 195819
1 113554 554444
2 594502
1 189361 568150
0
0
1 357586 529143
0
1 144178 398094
2 796762
0
1 370866 885634
2 537695
0
1 123005 241156
1 810480 610127
2 193627
1 188992 246300
2 26975
0
2 825735
2 766702
1 184189 651045
0
1 414614 820625
0
1 657450 280825
0
2 164237
2 29148
0
2 604250
0
2 440699
0
1 655492 896628
0
1 863174 657446
1 223979 352779
2 990604
0
2 714416
0
2 720431
0
0
0
1 963095 336044
2 445569
1 727348 851412
0
2 439543
2 882135
0
2 614045
1 287326 673853
2 115543
1 734685 669888
0
0
0
1 699183 748468
0
0
1 749483 75443
2 693818
1 816263 7609
1 757814 799002
1 618444 123290
0
2 976579
1 549550 890520
2 120612
2 991411
2 122681
2 72183
2 771615
1 592028 136593
0
0
2 183736
2 699657
2 223981
0
1 435533 78902
1 333353 991033
1 423240 231930
2 857359
2 433639
2 662244
2 423012
1 372687 900650
1 562573 459973
0
2 264421
1 570110 647747
2 843335
2 385924
1 701759 235886
0
0
1 190567 964339
1 503115 214334
2 736235
1 629371 614324
2 551793
1 337626 84511
2 441542
0
0
1 742028 835094
0
1 174702 386025
2 605754
1 81750 132484
0
0
2 821260
0
2 677258
0
1 673018 821820
0
1 67430 453434
2 302612
2 247968
1 135907 450038
2 989900
1 845106 193036
1 772253 442406
2 310238
1 490159 515089
1 848068 691295
0
0
0
1 337157 18878
0
0
2 200382
1 242798 608932
2 198754
0
1 484255 537399
2 568939
2 576153
0
0
2 192626
0
1 83415 413858
1 963594 41061
2 497226
2 539635
0
1 360663 571698
1 148085 671301
2 744998
1 855001 557307
2 986507
1 580968 846764
1 775256 756196
1 667826 449132
1 144875 649198
1 811851 390450
1 544633 728704
0
2 303518
2 931059
2 109223
2 205946
2 624104
0
0
1 992542 911944
1 454987 481755
1 315605 119480
1 866195 140219
0
0
1 555303 691966
1 174994 790310
0
0
1 87272 122356
1 913991 600338
2 514202
2 502637
2 924352
1 900710 539386
0
1 950394 620652
2 799782
0
2 28431
1 474750 804901
0
2 631814
1 34348 288188
1 303700 272207
1 749041 270135
1 111766 544380
0
1 794140 641318
1 300972 838005
1 662243 17144
0
0
2 502470
0
0
0
1 813810 98494
1 662348 159687
0
1 744062 471689
2 710762
0
2 513952
0
2 985112
2 179057
2 25813
0
1 794529 279380
2 247565
0
0
1 670117 10823
2 898106
1 902993 571125
2 705134
1 652724 91930
2 96710
1 308811 656208
0
2 462053
2 240091
0
0
0
2 29087
1 144319 607539
2 431934
2 647897
2 845682
0
1 301705 116803
2 176498
2 32991
2 822038
1 983690 769395
0
1 273151 237362
2 412878
0
2 944490
0
0
2 937223
1 580748 411415
0
1 624069 464030
0
0
2 367289
2 855335
0
1 873840 149237
1 778732 552168
2 363497
0
1 23416 233557
1 837984 657784
1 774672 941528
1 195624 928783
0
0
2 991630
1 41282 324898
2 196580
1 351012 79628
1 898134 426306
1 24145 588225
2 445018
0
0
2 438747
2 450244
2 185015
2 470972
2 91656
1 278962 607212
0
1 437528 720106
2 559897
1 332754 255232
2 708523
1 402070 70516
0
2 597178
1 24527 499109
0
2 716329
1 797740 223949
1 750366 454929
2 994996
2 706237
2 19067
0
2 622591
0
1 696684 729624
1 587242 15905
1 755947 892999
2 169267
2 100034
1 723201 876327
2 23378
0
0
0
0
2 310603
1 885188 353634
0
0
2 785137
1 282522 69737
2 934783
1 942127 109205
2 491920
0
2 983133
2 190756
1 669872 724347
2 828598
1 1441 19197
1 725285 222337
1 744660 240495
1 273084 832845
0
2 295801
0
0
1 595909 188990
2 478698
1 364887 736600
1 994165 404277
0
2 46677
2 465113
0
0
1 564900 560731
1 98178 416190
0
2 633591
1 763878 68163
1 1856 967954
2 4001
1 838376 634560
2 207038
2 172674
2 273399
2 917409
0
1 500967 771426
2 138160
1 910946 805544
0
1 650212 338980
2 792086
0
0
2 89360
0
0
2 569481
2 546386
2 946628
0
1 260684 742208
0
1 709697 637637
1 405332 115902
0
1 273214 464160
0
2 779609
1 247782 57931
1 461241 100735
0
1 618343 300022
2 993464
2 934768
0
2 942298
2 322996
1 215369 118617
2 351157
0
2 103442
2 879373
0
1 553882 675122
2 138261
1 100270 254620
0
1 41185 87889
2 738455
2 521161
2 216819
1 424179 438536
2 591381
2 98021
2 33961
0
1 413843 848330
2 372709
2 730968
1 946335 307687
1 681457 67951
0
1 280338 758772
2 561517
2 30539
0
2 178984
0
2 106439
1 807731 254878
1 64392 115932
1 149789 746043
1 929033 72773
1 277748 374573
0
0
2 127011
1 262792 970219
2 99156
0
2 712087
0
2 83439
1 294731 623871
1 608973 676997
1 920294 393835
1 701402 370120
0
0
1 260346 26307
2 762445
0
2 979290
2 240905
1 848612 6744
0
2 315759
2 557908
2 846017
1 260558 503197
2 208634
0
2 339161
0
0
0
1 9675 754073
0
0
1 470708 69486
1 274013 379862
1 248398 925500
0
1 626999 37476
0
2 331216
1 284351 750600
1 857487 987324
0
1 507107 582086
1 790575 195362
2 676256
1 404260 46985
0
2 50225
0
1 858932 538683
0
0
0
1 31452 948284
2 824486
0
2 661225
1 21961 954949
1 228914 937774
0
2 404353
0
0
2 18777
0
0
1 504348 814704
2 940946
2 187533
1 680647 98189
2 56306
2 610724
2 806238
2 707646
2 788705
1 207654 896038
1 977240 117689
2 721421
1 809724 24831
1 261025 891641
0
0
1 785594 889103
1 329520 10857
0
2 541145
2 847752
0
1 392479 996183
2 301707
1 965784 754626
2 405271
2 333658
2 975860
1 841387 614596
2 780770
0
1 193512 52331
0
2 263392
2 898928
2 156002
0
0
1 489332 484885
2 141404
1 11321 316797
2 728043
0
1 469426 135837
1 549497 576056
2 280159
2 573926
2 260007
0
2 106019
1 879978 400704
1 712299 485306
0
2 650160
2 489322
1 98987 609337
2 518961
0
1 86352 984776
1 706397 622050
1 683780 604875
1 138856 726494
2 888671
2 222514
1 647332 630045
0
0
1 477807 403950
2 616890
1 819917 457161
1 733847 992836
2 302858
2 579713
0
1 362490 787719
1 906609 263846
1 561606 640111
2 593470
2 369809
2 663708
2 257915
1 637243 32224
0
0
1 158090 769185
2 857886
1 109822 55252
2 7014
0
1 632693 91802
0
1 687126 887378
1 822235 73147
2 131886
0
1 166270 61068
1 594204 480004
1 247832 892537
0
1 435825 986097
1 842886 19065
2 77439
1 621339 384501
0
2 243666
1 88915 820275
1 475242 835013
0
1 943837 642015
2 566342
1 22835 389070
2 257855
0
0
0
2 399314
1 776292 463442
2 687905
2 356659
2 726218
0
0
2 719819
0
1 429848 481544
0
0
0
1 657950 57386
0
0
2 513324
1 649958 470582
1 117000 781267
2 964560
1 400702 232333
2 347240
0
0
1 522301 691590
1 68731 908873
1 88717 456191
1 65154 979308
2 328574
0
1 27820 233772
0
1 622985 802274
1 600 181055
0
2 931933
0
0
1 60866 181865
2 442418
1 897094 614530
0
0
2 852335
0
2 425626
2 694850
0
0
1 297871 320881
1 742268 947071
0
2 681119
1 295172 198614
0
2 775514
2 646884
1 737509 877738
0
1 888076 6015
1 79317 173355
0
1 926362 201767
2 937560
1 751032 112645
0
1 787359 644767
1 910442 76034
0
0
2 706546
0
0
0
0
1 270348 480390
1 66296 370047
2 312535
1 832888 856278
2 312260
2 870777
1 939684 620576
2 669884
2 45294
0
2 587225
2 816690
1 375911 284674
0
2 373888
0
1 250150 40609
2 2785
0
2 375317
2 557775
1 417863 219639
2 134091
1 454771 628993
1 389163 910793
2 100211
2 800738
1 291268 755034
2 638726
2 738847
0
2 117890
0
0
2 992941
2 751576
2 429722
2 747596
1 940672 211633
1 112931 303755
1 648192 10208
0
1 703389 614734
0
2 921286
0
0
2 152339
0
1 806016 990800
0
1 112974 980904
2 830800
1 408402 552909
1 769387 699227
1 52412 113564
1 746883 209361
2 505043
1 528499 716525
0
0
0
2 938931
0
1 420369 72789
1 902514 983834
2 162187
1 416747 621556
0
0
2 744687
1 889483 496705
2 330110
0
0
0
2 983723
0
2 227756
2 927602
2 779916
1 690433 395069
1 985318 60620
0
1 14339 857711
2 734097
1 148730 847862
2 328051
0
0
0
2 781035
0
1 506792 907323
0
2 34367
2 328930
2 882123
0
1 414853 873870
1 585972 718680
1 517604 123135
2 328591
1 504302 25007
2 177230
2 986449
2 365579
2 635496
0
1 625390 170067
1 187310 340180
1 512941 240988
0
2 395835
1 225469 233145
2 947572
0
2 438134
2 302282
2 5240
1 292622 701828
1 201716 668866
2 118959
1 93317 4758
0
0
0
0
1 968131 652582
2 753456
0
2 864954
1 298972 646117
1 523609 633594
2 951356
1 712268 588603
0
0
1 722367 181841
0
0
2 356166
2 873583
2 210813
1 350153 293201
1 105017 442280
1 764432 360690
1 485919 609908
1 262882 114103
2 352619
2 913107
0
0
0
2 260329
2 141210
0
1 330193 430801
0
0
0
2 6104
0
0
2 294937
0
1 82080 281180
1 166269 199778
1 519325 802716
1 264953 571274
2 436519
0
1 773392 276378
1 212128 663884
1 735733 382872
1 754 841321
2 966246
2 888105
2 140149
2 678016
1 133638 655562
2 6040
0
1 502564 128398
0
0
1 684472 258817
1 140027 112261
2 414359
2 846139
0
1 313471 285976
0
0
0
0
0
0
2 813270
0
2 197674
2 926730
2 651519
2 528784
0
1 619939 703646
0
1 173619 37651
1 960629 189081
1 625279 391521
1 842982 380831
0
1 542364 211146
2 737434
0
1 495761 751602
0
1 512793 249810
0
0
2 928658
0
2 380743
1 223357 157261
0
2 733809
1 438034 228578
1 783822 996901
1 73783 160194
2 884081
0
2 243814
0
2 685052
1 483405 641016
0
1 714101 7370
2 338146
0
2 911860
1 798954 657290
1 716536 196386
2 478779
0
1 857753 429820
0
1 482807 715601
2 185764
2 374024
1 152060 897605
1 432277 557930
2 385817
0
2 303769
2 886332
0
2 263934
2 720649
1 348416 190885
0
1 695299 73591
1 924336 665698
1 752227 584316
1 352537 701593
0
2 837078
1 84754 80117
1 439446 743789
2 877071
0
0
2 888030
2 371180
0
1 337342 714294
2 134639
0
2 950586
0
0
2 292324
2 93782
0
1 208 665222
0
1 996775 892738
0
2 749027
0
0
0
0
0
1 61684 39561
2 935965
1 16018 106410
0
2 816773
2 53673
0
1 224142 1092
1 555500 421833
0
0
1 740083 288702
1 97783 21033
1 59897 680948
2 989652
1 486657 310508
2 238309
0
2 749995
0
1 256861 290185
0
2 743722
0
2 777816
1 960807 655758
1 732811 448828
2 697733
2 238536
1 896401 169342
1 427135 785035
2 215969
2 507557
0
2 443482
0
0
2 216794
0
1 901796 516172
0
2 509106
0
0
1 442025 56463
0
0
2 491006
0
2 790695
2 790132
1 448897 87215
1 171562 124967
1 22889 683536
2 456207
2 549561
2 641547
1 30524 26433
0
2 511625
0
2 979535
2 738246
2 693217
0
0
2 198568
0
1 512944 876137
2 700440
1 588435 686716
2 229540
2 907939
0
1 868606 725990
0
2 36211
1 652379 658957
0
0
0
1 619520 183812
1 696031 440354
2 162870
2 885963
0
0
0
0
2 449207
2 974920
2 632973
1 449187 998563
0
1 157997 916267
0
1 916386 934146
2 259104
2 964292
1 744773 514181
1 34918 435625
1 336317 513413
0
1 539114 736129
2 423908
1 289375 773631
2 566103
1 678453 940364
1 398657 738291
0
1 780660 162408
0
1 952058 427496
1 352329 26782
2 337560
0
1 143515 976717
2 110588
1 985634 974994
1 141215 918917
1 628124 447517
1 247974 264643
1 274930 481350
1 223308 258004
0
0
1 510992 873653
1 572606 645909
1 440392 196145
1 3299 485380
1 392678 41693
2 417661
1 989683 55459
1 29287 819553
2 333774
1 112061 118499
2 830242
2 957337
2 585565
1 654611 912658
1 406898 886058
0
0
1 891793 517477
0
0
1 604664 983490
0
1 268738 160738
2 226964
0
2 498983
2 262227
1 41027 346636
1 104053 680390
2 5841
1 488416 144409
1 26635 538534
0
0
0
0
2 214486
1 516095 704817
0
0
1 591392 678300
2 726260
0
2 500697
0
0
0
1 776086 308595
1 544942 867778
0
1 148670 977797
2 690664
1 414756 886682
0
2 484024
0
1 111463 275075
1 810295 499039
0
1 582606 714832
2 29892
1 873734 952470
2 326674
1 453605 773984
0
0
2 457216
2 568502
0
0
0
0
1 584610 303835
0
0
2 397873
0
1 782956 486118
2 648127
0
0
0
2 770444
0
1 164197 794947
1 675518 445952
1 630473 588005
2 274732
0
1 887785 457785
0
0
0
2 772765
2 506500
1 924224 266770
1 141682 956408
2 980403
2 507142
1 861908 758862
1 962545 943227
2 305028
0
2 718292
0
0
0
0
2 891592
1 413901 685213
0
2 446098
2 779679
2 201806
0
1 844674 322298
0
2 446196
1 311576 425975
2 862686
2 92565
0
1 491094 907314
1 820276 217218
2 983749
1 382290 93479
2 966222
2 675938
2 884226
1 825536 291772
2 652384
1 260871 969231
0
2 217925
0
2 632105
2 469504
0
0
1 54770 453453
0
0
2 872359
1 946099 441416
2 83525
2 146581
0
1 343032 445271
0
0
0
0
0
2 232564
2 632070
2 727558
0
1 980350 541426
0
0
1 776048 481432
0
2 949136
1 173738 702634
2 256914
0
1 29642 375587
0
2 442857
1 964817 651272
0
1 864063 693755
2 953488
2 365767
2 735160
2 35049
1 519319 544217
0
2 497477
2 107872
0
1 634612 287983
2 295889
1 915414 14576
0
1 911972 236951
0
2 952716
1 613295 705951
1 580203 320471
0
0
1 132187 954904
1 947294 641687
1 358228 909735
2 327153
0
2 828786
0
0
1 861280 282991
1 595420 45416
1 627562 171718
2 742443
1 846774 160390
0
0
0
1 534333 779838
0
2 875
0
1 73449 853382
0
1 871288 449368
2 85426
2 626266
2 236438
0
0
2 278116
0
2 49913
0
2 277540
1 882185 840129
1 713227 551625
2 153867
2 676536
1 402505 237154
1 762292 973301
0
1 595139 686860
1 848057 985886
0
1 637316 283024
1 212225 111725
0
2 845390
2 123267
1 509992 799992
1 713815 50785
0
0
2 630955
1 74401 53984
2 279054
0
0
1 490475 887191
0
1 122916 875666
1 83238 621252
0
0
1 366283 422710
2 553753
2 943791
1 554115 997269
0
0
0
2 213788
0
1 215653 812510
0
1 571920 952411
0
0
1 103374 605727
1 568720 847875
0
1 922980 40989
1 99394 454233
2 978502
2 441495
1 986785 737541
0
1 927361 984370
0
2 22337
1 59102 33498
2 801088
1 977027 980327
0
2 94754
0
0
2 85039
1 29170 536384
2 532146
1 151069 398202
1 467007 310940
0
0
1 253903 55949
0
2 740468
2 706564
1 126514 614260
1 661414 109906
0
2 973442
1 736887 959477
0
0
2 25156
0
2 890955
0
1 710765 507122
0
2 925490
0
1 612696 973062
1 255034 803792
0
1 33636 523283
1 331786 133089
0
2 436887
2 607276
1 976931 19099
2 160787
1 112464 743262
1 983218 836922
2 701895
2 953802
0
1 875334 375786
2 194578
2 145860
2 821297
2 17769
1 873385 179370
0
0
2 809150
1 525395 82821
0
2 96194
1 40857 221031
2 633119
0
2 897115
2 433733
2 978910
0
0
1 844540 902103
0
2 946380
1 854547 996255
1 766425 78956
1 784625 246870
0
2 447593
1 492552 884063
1 645946 667468
1 789944 319667
2 83624
1 24779 607618
1 883300 144829
0
0
1 301429 677202
0
0
2 657634
0
1 644381 216069
0
2 975268
2 350085
1 130725 166227
0
2 280051
2 125243
0
1 444189 602902
2 884776
1 738233 886467
1 684270 140069
1 583115 568685
1 825228 253268
2 466990
0
1 462878 875901
2 778984
0
2 5024
1 45419 137848
2 654760
1 173641 162266
0
2 284423
0
0
0
1 932793 570593
0
0
2 718627
1 447548 563116
1 247554 712784
0
1 439550 928703
2 791198
2 937621
0
0
2 619439
0
0
2 59449
2 58305
2 607284
1 451942 271868
1 965354 737122
1 76721 591157
2 911676
2 515068
1 571630 353386
0
0
0
1 436533 954908
2 877009
1 119680 413754
0
2 875561
0
1 768757 471799
1 701124 262553
2 74669
0
2 712644
1 819808 24555
2 335989
1 704922 58403
1 661115 799915
1 705574 476244
1 250544 753829
0
2 888843
0
1 803805 431889
1 109974 987203
1 366030 859149
0
1 267468 6018
1 641878 411657
2 30205
1 594666 558717
0
1 52455 119978
0
1 834395 511993
1 274534 841101
0
0
2 889836
0
0
1 261600 403695
2 465833
1 677204 711217
0
2 802671
1 59478 528364
1 841653 862222
1 775593 533451
0
0
2 357066
1 7123 87401
1 746855 459340
0
0
0
2 628539
2 920631
0
1 883018 901081
1 711960 345321
1 858141 188960
2 512274
1 828380 703613
2 789076
2 665312
2 968430
0
1 436314 517730
0
2 86095
2 478386
0
0
2 572910
1 557037 714832
1 951044 452093
1 264276 675264
2 207668
2 595825
2 420744
2 834586
0
1 561040 885817
0
2 771388
2 456559
1 644244 147788
2 117797
2 610889
2 753118
1 86585 824169
2 695902
1 541346 211150
0
1 236132 325799
0
2 928598
0
1 882406 921910
0
2 693834
0
0
2 852876
0
1 410642 669696
0
0
0
0
2 924604
2 281079
2 323986
0
2 580725
1 190053 466007
0
2 594075
1 360016 628008
2 609606
2 734684
1 751028 153507
2 197200
1 54282 230993
1 622663 686394
2 336075
1 815430 135857
2 480724
1 64674 305447
0
0
1 531486 227816
1 239676 995655
2 155562
0
1 412157 101137
1 872316 184252
1 892494 612324
0
1 368721 353456
2 556590
0
0
2 674652
2 130955
2 429213
0
1 443683 985280
0
2 928416
2 750014
0
1 513732 514666
2 639934
1 767198 733647
2 775304
0
0
0
1 224135 994905
2 825644
2 667732
0
1 698823 424643
1 944346 477277
2 398862
2 396241
1 874297 320084
2 725068
2 456545
2 197383
2 977654
0
1 146132 702874
0
0
2 455959
0
1 427964 709397
0
1 809293 330431
2 314480
1 871467 483317
2 915552
0
0
1 845217 327216
1 591749 697406
1 164665 949944
1 247171 243297
2 796517
1 6578 476926
0
1 509721 824747
1 383802 442346
2 830212
2 966092
1 150960 731842
1 738849 473783
2 803138
1 719603 595461
2 920140
1 725532 164710
0
1 379587 381879
1 922384 307767
1 698671 25135
2 13986
1 391401 50316
0
2 227567
0
1 358920 811520
0
0
0
2 607566
1 406130 164755
0
2 50383
1 407188 607025
1 86783 896799
1 392852 714044
1 975717 67040
2 302689
1 482210 146585
0
2 92954
2 343243
1 2124 950929
0
0
0
0
0
0
2 144092
0
2 87786
2 554757
1 435884 139836
1 277354 915894
1 688019 279291
1 173739 874657
1 829372 156278
0
1 153414 705254
1 939867 554009
2 96940
1 191723 480985
0
2 35595
1 187930 954095
2 928971
1 231930 471339
1 768389 173312
0
1 869379 210895
0
0
2 292897
2 452854
1 528953 672646
0
0
1 668933 879773
2 250195
2 532357
1 476207 411178
1 381238 181640
2 384825
2 905664
1 776375 411270
0
2 868233
0
1 926762 188379
0
1 585309 289961
0
1 74 691737
0
0
0
1 851517 196269
0
1 98551 813334
1 258338 936691
2 495371
2 994470
0
2 649542
1 144914 253532
2 260748
2 82891
1 698756 670479
1 46630 484863
2 37775
1 450972 147866
1 58151 83594
1 11061 104085
1 480824 450058
2 921915
0
2 659145
2 914309
0
2 477582
2 896887
2 637291
0
1 347806 290455
0
0
2 750309
1 552369 893418
1 424914 124945
2 890474
0
1 568874 727666
0
1 292823 729599
0
0
0
0
1 706893 283478
2 815134
0
2 897820
1 595117 678505
2 201956
0
0
1 836250 357965
0
0
1 504016 725961
1 629572 196686
1 357123 663141
0
0
0
2 145668
2 689049
2 465805
0
0
2 465934
0
1 448561 79083
1 454724 296809
2 304132
2 375892
1 310513 677331
0
0
1 416409 572974
2 980051
2 99651
2 182897
1 312851 571561
2 127468
2 680942
1 37236 216331
1 79967 151779
1 995753 409077
1 914208 34232
1 767747 862825
1 528667 469671
2 778685
2 170510
0
1 858571 884704
1 840438 959236
2 340688
1 948610 218481
0
1 693165 705324
2 79967
1 718559 490382
0
2 368046
1 987829 203492
1 340495 512310
2 573695
1 185367 36948
1 760848 7707
2 508819
2 739947
0
1 676647 806211
0
2 322391
0
0
2 84685
0
0
2 781059
2 526054
1 78596 968160
0
0
0
1 350994 405876
2 341553
2 671967
2 539360
1 851774 899812
1 249256 195413
1 228926 774849
1 87463 362457
1 646777 546885
0
1 377753 440818
0
1 884938 543895
0
0
0
2 837135
0
0
1 522693 633699
1 512891 208954
0
2 666375
1 255821 610319
1 972229 592643
1 938696 961343
0
2 615865
0
1 328393 425876
1 906855 355652
2 554132
2 379066
1 5997 120070
1 930504 261437
1 513187 218147
0
0
2 220263
1 667709 246806
0
2 921804
2 326578
2 124751
0
1 538190 698692
1 974487 545582
1 305342 113925
2 973189
2 289421
1 157072 206085
0
1 965517 340054
0
1 958346 296937
0
2 968700
2 548713
1 833468 334267
1 7809 630886
0
2 656640
1 497783 29689
2 569756
2 424154
1 84829 853641
0
0
0
0
0
2 859428
2 929632
0
0
2 18269
0
2 803802
0
0
1 108306 876170
2 748070
2 486570
1 565706 546004
1 105452 472956
1 735042 695668
0
0
1 981185 683743
0
1 223659 914563
1 748891 133602
0
1 510727 359297
1 407786 25672
1 928475 623854
2 120027
1 643320 341697
1 72318 656931
0
1 136074 462946
1 453414 658371
0
1 472791 489885
2 240400
0
2 664787
0
2 196617
2 925511
2 524890
0
0
2 415513
2 236936
0
0
1 427055 245217
0
1 833670 161479
2 411814
2 791868
2 986484
1 329306 674898
0
1 31183 753708
0
1 507857 915273
0
1 495337 304842
0
2 333490
1 132917 168716
0
2 764267
1 823399 521764
2 896375
2 706964
0
1 376504 889621
0
0
0
2 998793
0
1 790886 525547
0
1 784170 173372
2 536152
0
1 793462 675901
0
1 84050 531607
2 219317
1 882305 156727
0
2 527847
1 1025 23066
0
1 848414 589714
2 522805
1 864275 797607
0
1 242101 372629
0
2 276577
0
1 916634 269815
2 189605
2 779259
2 848267
1 538516 495382
2 394202
0
2 971338
2 862947
1 324058 353756
0
2 51288
1 1715 481895
2 343056
0
2 725498
0
1 81104 208631
0
0
2 615023
0
2 398031
2 794276
0
0
2 641785
1 208000 8940
2 629198
1 996499 809581
0
2 685044
2 340861
0
0
0
0
1 717951 373733
2 283487
2 900220
1 586803 374417
2 444059
2 329969
0
2 241869
0
2 368098
0
1 797991 80348
2 92472
2 620139
1 393236 521916
0
1 27629 500177
2 636113
2 851027
1 226280 702755
0
0
1 617710 621598
1 571667 175552
0
1 268811 72286
0
0
1 202511 437126
2 333939
1 576542 60971
0
1 672324 417158
1 702362 593736
2 660709
2 286384
1 557015 178670
2 808750
2 637094
1 231466 144166
2 519129
0
1 602775 237947
1 727097 909614
1 621671 471054
0
1 637767 863527
0
1 900862 986713
0
1 972207 655307
2 553124
1 211770 890690
1 886215 565668
0
1 738816 861533
1 198511 961970
2 344542
1 646429 529816
0
1 429782 758723
0
2 659899
2 670174
2 728666
1 777723 420941
2 81449
1 382966 470088
2 138425
2 818454
2 502556
2 937744
2 408956
1 559951 508472
2 15101
2 630981
1 180402 111031
1 977831 638475
2 656196
1 357313 139794
1 637744 53552
0
2 532418
0
1 434171 692944
2 34711
2 162704
2 76305
2 991867
1 295252 435715
2 316700
1 754851 804850
2 916971
0
0
2 444724
0
1 860147 449859
1 789825 958410
2 13843
1 629186 244593
1 851895 370842
0
1 707986 908296
2 489724
0
0
2 687767
1 820208 697135
0
1 320712 312837
2 769939
0
1 28850 257647
1 558946 608129
1 670065 504010
1 432544 360696
0
1 702068 401882
2 756686
0
0
1 149301 112105
0
0
1 355591 756432
2 342467
1 487262 932723
2 392231
0
2 689366
1 353574 201679
0
2 278565
2 977551
0
2 506429
1 800662 786332
0
2 18222
2 355616
0
2 896703
0
1 699893 497044
0
0
1 257108 824837
1 337479 534530
0
0
0
2 587459
2 755642
2 668982
0
0
2 654168
1 791119 322756
0
1 701100 370573
2 295873
2 669933
0
1 539766 489408
0
1 406026 39574
1 875591 532451
1 196507 927713
0
2 151774
1 399141 845894
0
0
2 497780
1 644626 195374
1 145441 29856
0
1 566076 534543
2 932520
1 656947 966426
0
1 886073 10931
2 796044
1 742225 560109
2 268297
2 676819
1 438539 320730
0
2 405984
2 929933
1 40272 580582
2 865935
0
2 148605
2 561229
1 794798 901286
1 196326 64043
1 176850 39340
2 179956
0
1 47970 913336
1 102632 847438
1 878964 91491
1 868385 983253
0
2 940934
2 624973
2 273081
2 941819
0
1 643220 714919
0
0
2 81076
2 586186
1 546014 630340
2 726707
0
2 557139
1 322152 129041
1 674162 405159
0
0
1 216737 345740
0
2 514221
0
2 654735
2 55627
1 575535 714814
2 294859
0
2 925708
2 837201
2 342510
1 987162 653558
1 892861 634183
0
2 366725
2 531403
2 792922
1 308339 924287
1 481947 563718
1 948187 997331
2 698424
0
0
2 904508
2 832962
1 897877 287323
1 69440 351258
1 669621 428438
1 410737 702443
2 378432
0
0
0
0
2 899436
0
2 139907
2 575247
1 70839 297352
1 33549 886196
1 288233 687883
1 738596 352288
2 930311
2 606638
2 307077
0
1 695738 405564
2 894244
1 787309 420059
1 567342 664012
2 913952
1 548885 790958
2 235880
1 604369 818445
2 544177
1 615034 848374
0
1 926996 239128
1 233621 782935
0
2 546809
2 491720
2 153566
2 338934
1 305272 112407
0
0
2 97515
2 481877
2 973992
2 675321
0
0
2 439026
2 145105
2 438796
0
1 329865 922115
1 368704 569283
0
2 138073
1 914620 132258
1 206171 34699
0
0
0
2 187601
2 772795
0
2 970350
2 186589
1 282538 376843
0
0
1 106383 36654
1 867868 651746
1 795369 19033
0
2 220103
0
2 568291
1 251366 156581
2 216056
0
1 264668 790193
2 438297
1 171848 999746
2 893048
1 290978 710859
1 376372 319627
0
2 551158
1 349434 858770
1 197982 605669
1 131295 622976
2 659207
1 366384 460457
1 126641 970160
1 740701 140247
2 680113
1 448185 502909
0
2 631078
2 961065
0
2 846123
1 595101 909160
1 976138 763275
1 931187 400516
1 722055 626845
1 752936 563759
2 770389
0
1 717005 915406
2 653684
0
0
0
0
1 62278 286860
2 423151
