8662
0
0
0
1 131828 1000000
2 13299
0
1 316030 1000000
1 979714 1000000
2 770164
0
1 11604 1000000
2 306545
0
2 191203
2 19021
2 114682
1 259842 1000000
0
0
2 265980
1 498223 1000000
0
2 483154
0
0
1 766160 1000000
2 56416
1 418288 1000000
2 245047
0
0
1 540320 1000000
0
2 814314
0
0
0
2 556087
0
2 39808
0
1 766888 1000000
0
0
1 439292 1000000
0
0
0
1 703985 1000000
2 646581
0
0
2 481518
2 408454
2 95963
2 151109
2 47485
2 83967
1 926919 1000000
2 909840
1 374990 1000000
1 559310 1000000
2 844082
1 954234 1000000
0
0
0
2 251009
2 711046
2 117228
0
0
1 770147 1000000
2 124379
1 534142 1000000
1 856559 1000000
1 447104 1000000
1 253167 1000000
2 859880
1 224104 1000000
1 548946 1000000
1 62274 1000000
2 922578
2 765967
2 957521
1 514996 1000000
1 840446 1000000
0
1 648163 1000000
2 310038
1 808141 1000000
1 523501 1000000
0
1 141812 1000000
2 195210
2 939589
0
1 419907 1000000
2 413560
1 139887 1000000
2 473184
2 915434
0
1 132284 1000000
2 87428
0
0
0
2 335652
2 489557
0
1 910387 1000000
0
2 292247
2 169852
1 577645 1000000
0
1 921204 1000000
0
2 521323
2 977277
0
0
0
0
1 99515 1000000
2 443465
1 332997 1000000
2 429590
1 470330 1000000
2 251246
2 20331
0
2 227296
2 41385
1 118081 1000000
0
2 9553
1 620451 1000000
0
1 645228 1000000
2 527849
1 795387 1000000
2 426080
2 439599
2 428205
2 166566
0
2 114422
2 53584
1 448934 1000000
0
2 261933
0
0
1 622254 1000000
1 616045 1000000
1 413 1000000
2 913738
1 502801 1000000
0
1 352478 1000000
1 964339 1000000
2 769071
1 83552 1000000
1 794990 1000000
2 634590
2 402069
2 223952
0
0
2 103233
0
0
0
0
0
2 875887
2 14254
0
2 19073
2 114385
2 60805
0
0
2 14680
0
0
0
1 875445 1000000
0
0
1 123087 1000000
0
0
2 581634
0
2 125450
0
2 216033
1 488570 1000000
0
1 602093 1000000
1 163778 1000000
2 549615
2 564718
0
1 922866 1000000
0
0
1 82901 1000000
2 286011
1 669165 1000000
2 996277
2 245316
0
2 279463
2 107378
0
0
0
2 2082
0
1 889721 1000000
0
0
1 967925 1000000
2 549812
0
1 684875 1000000
0
2 764259
2 417301
1 537619 1000000
2 500416
2 450937
0
0
2 340342
1 719678 1000000
0
0
0
1 214600 1000000
1 81927 1000000
0
0
2 284706
0
1 247287 1000000
0
0
2 493805
0
1 840177 1000000
2 847841
2 13663
2 338892
2 4681
0
1 419968 1000000
1 590336 1000000
1 431182 1000000
2 245049
2 226726
2 374233
2 673911
0
2 57876
0
2 33586
2 3277
0
2 2524
2 2673
1 928241 1000000
0
0
0
1 564842 1000000
1 453787 1000000
1 203176 1000000
2 901822
1 561272 1000000
0
2 589958
0
1 525165 1000000
0
1 669295 1000000
0
0
0
0
1 764725 1000000
0
2 358664
1 880902 1000000
0
1 504177 1000000
0
1 725002 1000000
2 895512
0
0
1 979438 1000000
0
1 372529 1000000
2 71877
1 262521 1000000
2 776044
1 438084 1000000
2 975503
0
1 815040 1000000
1 394484 1000000
1 528726 1000000
2 900660
0
2 703578
1 364796 1000000
2 119930
2 494031
2 674017
0
1 970402 1000000
1 911765 1000000
2 527276
1 473007 1000000
0
0
0
2 951554
0
1 425983 1000000
1 590715 1000000
0
1 503382 1000000
0
2 943447
2 42813
1 778965 1000000
0
0
1 251888 1000000
1 152408 1000000
2 3285
0
1 362916 1000000
1 147803 1000000
1 423409 1000000
0
2 503484
0
2 588541
1 563614 1000000
1 407065 1000000
1 894112 1000000
0
1 514694 1000000
2 167703
0
2 938365
1 887563 1000000
0
0
1 163369 1000000
0
0
0
0
1 993624 1000000
0
2 206751
1 118052 1000000
1 921801 1000000
2 443440
0
0
1 936796 1000000
2 234007
0
2 334637
2 321515
1 607040 1000000
0
1 759452 1000000
0
2 638879
1 435238 1000000
0
2 185734
1 466430 1000000
1 149848 1000000
1 168745 1000000
0
1 140678 1000000
1 906005 1000000
0
0
0
1 456055 1000000
1 722522 1000000
1 227801 1000000
0
1 724688 1000000
0
2 85397
2 325552
0
1 347611 1000000
1 598126 1000000
0
1 536817 1000000
0
0
0
2 553903
0
2 472759
0
2 566370
0
1 870837 1000000
2 963154
1 305454 1000000
0
2 288308
2 724679
0
2 595001
1 442220 1000000
2 171956
0
0
2 207216
0
1 628417 1000000
1 499859 1000000
0
1 776518 1000000
1 217414 1000000
2 417123
1 151120 1000000
1 453378 1000000
2 159310
1 738501 1000000
0
1 741823 1000000
2 652082
2 824312
1 52218 1000000
1 54724 1000000
0
2 802913
1 919127 1000000
0
0
0
1 978420 1000000
1 181439 1000000
2 958722
2 591965
2 327072
0
1 477544 1000000
1 866923 1000000
0
0
0
2 137963
1 649527 1000000
1 202597 1000000
2 699288
0
1 430366 1000000
1 905792 1000000
2 389496
2 173696
0
1 363796 1000000
2 753905
1 276424 1000000
2 502090
1 263801 1000000
0
2 518000
0
0
0
2 172047
0
2 958257
0
0
0
0
2 216111
2 313958
0
0
0
1 417703 1000000
2 645317
0
1 339443 1000000
0
1 887215 1000000
2 728377
0
2 301615
0
2 283341
1 103198 1000000
2 258685
2 637102
0
0
2 668612
1 646906 1000000
2 437970
1 345913 1000000
2 555020
2 176185
0
2 376084
1 538684 1000000
2 39872
0
2 866264
0
0
1 132053 1000000
0
0
2 500325
0
2 431352
1 590654 1000000
1 568367 1000000
1 646755 1000000
1 711467 1000000
0
2 467326
2 211599
1 531948 1000000
0
2 186963
2 207560
0
1 844350 1000000
2 316132
0
1 425333 1000000
1 756822 1000000
1 191200 1000000
2 975995
0
0
2 585848
0
2 867611
0
2 589508
2 383561
1 16344 1000000
2 390254
0
1 673198 1000000
1 476087 1000000
0
2 823443
0
1 697818 1000000
2 771284
2 250618
2 882856
1 805114 1000000
0
0
0
1 227401 1000000
1 444567 1000000
0
1 571320 1000000
1 965148 1000000
1 241560 1000000
2 867742
0
1 451020 1000000
0
1 753482 1000000
0
1 24565 1000000
0
0
2 295696
1 951715 1000000
1 114747 1000000
0
0
2 645313
1 236356 1000000
1 379872 1000000
2 526031
1 745219 1000000
1 616091 1000000
1 12925 1000000
2 966743
2 837373
0
0
0
2 807864
0
0
2 220431
1 502991 1000000
2 901173
0
0
2 499281
2 31549
1 375547 1000000
2 491714
2 559101
0
2 841228
2 13741
0
0
0
0
1 747601 1000000
2 566061
2 581502
2 626130
2 241298
0
0
0
1 716690 1000000
2 997528
1 323625 1000000
1 683856 1000000
0
1 901534 1000000
0
0
2 23220
0
2 830835
2 78432
0
1 186498 1000000
1 523629 1000000
2 674149
2 974450
2 402635
0
2 240206
2 270662
1 759631 1000000
2 455050
0
1 70463 1000000
1 364654 1000000
0
2 876121
2 978773
2 720375
2 815444
1 43806 1000000
0
0
1 701393 1000000
1 84452 1000000
1 799219 1000000
0
2 282480
1 901944 1000000
0
1 438944 1000000
2 888550
2 592045
2 785636
1 434208 1000000
0
2 721740
0
1 865844 1000000
0
2 61203
0
0
0
2 387551
2 681194
1 875060 1000000
2 214116
2 885485
0
0
0
0
0
1 467053 1000000
0
1 938179 1000000
0
2 410542
0
0
1 149071 1000000
2 780222
0
0
1 71940 1000000
1 94967 1000000
2 643446
0
2 713277
1 886354 1000000
1 613083 1000000
0
1 936104 1000000
0
0
1 794504 1000000
1 856673 1000000
1 390309 1000000
2 771570
2 403280
1 654088 1000000
1 222767 1000000
0
1 137619 1000000
1 785583 1000000
0
0
1 519248 1000000
0
1 605351 1000000
2 78465
1 771151 1000000
2 173534
1 812525 1000000
2 716399
2 625929
0
2 59903
1 669822 1000000
0
1 808951 1000000
2 611602
1 489569 1000000
2 587949
1 714985 1000000
1 123376 1000000
0
2 578395
2 688479
0
0
0
0
2 327037
2 385105
1 449084 1000000
0
0
1 4491 1000000
0
1 837637 1000000
1 4599 1000000
0
0
1 754175 1000000
1 472036 1000000
1 660341 1000000
0
1 786835 1000000
0
1 141159 1000000
1 843219 1000000
0
0
1 637152 1000000
1 117273 1000000
2 84101
0
1 906863 1000000
2 268250
2 873941
2 839411
2 278571
1 42489 1000000
1 493378 1000000
2 980723
2 881849
0
0
1 659367 1000000
0
0
0
0
1 611236 1000000
0
1 63806 1000000
0
1 185061 1000000
2 32132
1 470623 1000000
0
0
1 585491 1000000
2 680088
1 211987 1000000
1 139810 1000000
1 421353 1000000
1 104623 1000000
1 275251 1000000
2 989613
1 649744 1000000
1 344067 1000000
1 540763 1000000
0
1 92196 1000000
2 822925
1 925843 1000000
0
2 372648
2 339620
0
0
1 931735 1000000
0
2 897048
0
2 583833
0
0
0
2 324668
2 956861
1 108621 1000000
0
2 231687
2 766349
0
1 957298 1000000
1 111754 1000000
0
0
0
2 689271
0
1 747345 1000000
2 44411
1 410003 1000000
2 939525
1 661576 1000000
1 348887 1000000
1 784197 1000000
0
1 360177 1000000
1 545099 1000000
0
0
1 407609 1000000
0
0
2 889825
0
0
0
2 990992
1 104782 1000000
1 891054 1000000
1 934970 1000000
0
1 749738 1000000
2 895118
2 379419
2 130362
0
0
0
1 751626 1000000
1 21818 1000000
2 231117
0
1 425105 1000000
0
0
1 954208 1000000
2 586227
2 791339
2 687388
1 640150 1000000
0
2 428680
0
1 562404 1000000
2 249446
2 929386
0
2 194414
1 550154 1000000
2 223628
2 543625
1 329048 1000000
1 277210 1000000
1 992781 1000000
1 138549 1000000
2 176474
2 176026
1 765512 1000000
2 966202
0
2 380834
2 981888
1 758949 1000000
0
1 860227 1000000
2 704477
2 182992
2 609913
2 302563
2 389131
2 289042
0
0
2 556295
2 872219
2 676334
0
0
2 830915
2 882723
2 564848
2 521239
2 594840
2 915925
2 891707
2 770518
0
1 529898 1000000
2 565390
1 162909 1000000
1 91110 1000000
2 137384
2 793852
0
0
1 623691 1000000
1 488746 1000000
0
1 743213 1000000
2 195995
1 580444 1000000
2 883225
0
0
1 189457 1000000
0
2 1781
2 110030
2 69045
2 716444
2 32985
0
0
1 857306 1000000
2 317906
1 563651 1000000
1 688105 1000000
0
1 733065 1000000
2 565080
2 944668
0
1 377929 1000000
0
0
0
1 652945 1000000
1 690523 1000000
2 337426
1 219077 1000000
0
1 458441 1000000
0
0
0
0
2 349500
2 831278
1 134440 1000000
2 749181
1 735243 1000000
2 290717
0
0
0
2 340991
1 555976 1000000
2 499501
1 532409 1000000
2 700335
2 924099
2 109590
1 267967 1000000
1 373224 1000000
1 611598 1000000
1 470398 1000000
0
1 598172 1000000
0
0
1 436752 1000000
2 898591
1 920911 1000000
0
1 360577 1000000
0
1 283719 1000000
1 186441 1000000
0
2 690146
1 630112 1000000
1 913685 1000000
1 124981 1000000
2 736144
1 761674 1000000
2 25091
0
1 732899 1000000
1 313735 1000000
2 588735
2 799241
0
1 387271 1000000
2 624515
2 729684
1 414197 1000000
0
1 813869 1000000
2 15161
2 461017
2 349461
2 242195
0
0
2 873822
0
0
0
1 674920 1000000
2 562352
1 112441 1000000
0
1 535379 1000000
1 794675 1000000
0
2 672983
1 880013 1000000
0
1 984573 1000000
1 31377 1000000
2 157825
2 882028
0
2 73481
0
0
1 834536 1000000
2 928308
1 370377 1000000
2 923172
2 831501
1 370950 1000000
0
0
2 116673
2 465960
2 156127
1 441930 1000000
0
0
2 597481
1 613978 1000000
1 710887 1000000
2 32451
0
1 60770 1000000
1 883092 1000000
0
2 786767
2 161997
2 239212
2 56846
1 815871 1000000
0
2 351069
2 868445
0
1 865861 1000000
0
2 966965
1 907232 1000000
2 614580
2 885262
1 610840 1000000
1 721108 1000000
1 342748 1000000
0
0
2 774886
1 367459 1000000
2 495291
2 369963
2 406449
2 137080
1 385856 1000000
2 41454
0
0
0
0
1 585112 1000000
2 217526
1 666780 1000000
1 519890 1000000
0
2 709155
0
2 10161
0
1 761160 1000000
0
2 532961
0
2 359709
0
0
1 935345 1000000
2 755180
2 671604
1 444551 1000000
0
0
0
2 772295
0
0
0
1 182102 1000000
1 480380 1000000
1 102828 1000000
0
2 985313
0
2 408314
1 567033 1000000
2 826588
2 87361
0
1 480904 1000000
1 272813 1000000
2 935651
0
1 454936 1000000
1 774862 1000000
0
2 549448
1 209242 1000000
2 785342
1 120984 1000000
1 279995 1000000
0
2 817504
1 540372 1000000
2 669268
0
1 915386 1000000
1 139373 1000000
2 378511
0
2 766665
2 969258
1 389659 1000000
1 522747 1000000
1 88982 1000000
2 293013
1 279702 1000000
2 42132
1 488271 1000000
2 314225
0
0
0
2 39046
0
2 690018
0
0
1 301114 1000000
2 781933
0
1 865644 1000000
2 314890
0
0
1 611569 1000000
1 342871 1000000
1 578228 1000000
0
2 401865
1 718892 1000000
1 918789 1000000
2 521485
2 881956
1 47069 1000000
1 81556 1000000
0
0
0
0
1 705284 1000000
1 436748 1000000
2 385998
2 755952
2 226089
2 238981
0
1 424110 1000000
2 869250
2 582315
1 880791 1000000
2 101091
2 340593
0
1 671759 1000000
0
2 61376
2 552203
1 125545 1000000
2 752164
2 205053
2 423604
0
2 604888
2 445736
0
0
2 981024
2 243757
2 874361
0
1 499334 1000000
2 211754
0
1 989238 1000000
2 97312
0
2 42542
1 923896 1000000
0
0
0
1 822571 1000000
2 539020
0
2 428073
0
2 596240
2 649983
0
1 303021 1000000
1 141528 1000000
2 698375
0
1 129523 1000000
0
1 456016 1000000
2 772845
2 594049
2 700244
1 616317 1000000
2 733114
2 239789
0
0
0
2 70208
2 134309
2 28849
2 13462
1 718255 1000000
1 902388 1000000
1 683100 1000000
1 999158 1000000
0
1 760226 1000000
2 48189
2 32555
2 437997
2 154800
2 344738
1 832622 1000000
0
2 956245
2 996607
1 441280 1000000
0
1 278872 1000000
0
1 648628 1000000
1 352678 1000000
1 983827 1000000
1 73787 1000000
0
0
2 828663
2 770402
1 49171 1000000
0
1 566242 1000000
0
2 530451
1 968457 1000000
0
1 594176 1000000
1 357453 1000000
0
1 223102 1000000
1 842917 1000000
0
0
0
1 888401 1000000
0
1 564209 1000000
2 659579
1 733294 1000000
1 147788 1000000
1 889878 1000000
2 550195
0
0
2 628525
2 377388
0
1 184929 1000000
1 586456 1000000
0
1 898244 1000000
1 607105 1000000
2 356881
2 642287
1 958549 1000000
1 483779 1000000
2 197594
0
2 428839
1 55774 1000000
0
0
1 983560 1000000
1 947317 1000000
1 653495 1000000
2 608216
0
2 876627
0
2 501641
2 509156
2 621540
2 355936
1 322471 1000000
0
0
2 446160
1 837599 1000000
1 896201 1000000
0
2 721281
0
0
2 171626
1 883299 1000000
2 785860
2 277225
1 767299 1000000
2 879970
0
2 207471
0
1 941766 1000000
1 430255 1000000
1 452716 1000000
0
2 76978
2 620012
0
1 539777 1000000
1 921407 1000000
1 847057 1000000
2 114763
2 625764
2 700886
1 550880 1000000
0
2 653621
2 767864
2 484024
0
0
0
2 303699
0
0
0
2 728340
0
2 641301
0
0
2 793245
0
1 125291 1000000
2 98182
2 879625
0
0
2 762087
2 511242
1 579010 1000000
2 131225
1 372080 1000000
0
1 124173 1000000
2 905287
0
0
2 729647
1 836342 1000000
1 709006 1000000
2 783876
2 712206
2 763960
0
1 404032 1000000
0
2 88682
2 727006
2 311820
1 810806 1000000
1 971713 1000000
2 564707
1 951705 1000000
1 2181 1000000
1 125303 1000000
1 843788 1000000
0
0
1 697187 1000000
2 232000
1 927562 1000000
1 792088 1000000
1 925065 1000000
0
2 592111
1 761496 1000000
1 653731 1000000
0
1 914193 1000000
0
1 36021 1000000
0
2 782408
1 697666 1000000
2 388445
1 252566 1000000
0
2 602730
0
1 43985 1000000
1 447556 1000000
1 363230 1000000
0
1 567158 1000000
0
2 625724
2 51865
2 236338
2 411559
0
0
1 273705 1000000
2 305263
0
2 786027
2 997391
2 976979
2 544282
2 157006
1 901766 1000000
2 127273
2 460322
2 636410
0
0
0
0
2 226361
2 800895
2 56995
1 868803 1000000
1 935143 1000000
0
1 288493 1000000
2 141182
0
2 455539
1 631875 1000000
0
2 909103
1 692827 1000000
1 87041 1000000
1 657297 1000000
2 370070
1 169826 1000000
0
0
0
2 489687
0
0
2 128043
1 689817 1000000
1 139461 1000000
0
2 927682
1 441270 1000000
2 902954
0
2 91734
0
2 871782
2 422767
2 18039
0
2 998137
2 112074
1 691092 1000000
0
1 807644 1000000
2 680477
2 119397
0
1 564289 1000000
0
0
2 777923
1 194101 1000000
1 524864 1000000
1 843056 1000000
0
2 512679
2 435971
2 70297
0
0
1 948075 1000000
1 648234 1000000
0
0
2 555043
2 147561
2 444839
2 435815
1 309990 1000000
0
0
0
1 379090 1000000
1 740031 1000000
0
0
0
2 450158
1 685243 1000000
1 35746 1000000
1 828963 1000000
1 189783 1000000
2 891709
1 923075 1000000
0
0
1 694827 1000000
1 141502 1000000
1 771672 1000000
2 861318
1 589152 1000000
1 469251 1000000
2 564126
0
2 150429
0
1 933604 1000000
1 736241 1000000
0
0
0
0
0
2 946021
0
2 713913
1 490779 1000000
0
1 177272 1000000
2 410819
0
2 584519
0
1 74904 1000000
0
0
0
0
1 119099 1000000
0
0
2 327643
0
0
2 357702
2 523272
0
2 962130
1 677044 1000000
0
2 909139
1 783758 1000000
0
2 448898
1 185421 1000000
1 647675 1000000
0
0
0
1 207152 1000000
1 177407 1000000
2 644557
0
1 622376 1000000
0
1 263260 1000000
0
0
0
2 413863
1 286477 1000000
2 652863
1 196369 1000000
2 221351
1 35975 1000000
2 946473
1 729880 1000000
1 302737 1000000
0
1 176227 1000000
0
1 211042 1000000
1 905377 1000000
1 425243 1000000
0
0
2 78493
1 152312 1000000
1 202672 1000000
1 376830 1000000
2 685222
2 296256
2 399283
1 178439 1000000
2 385343
1 878110 1000000
0
1 849438 1000000
2 110967
0
1 734408 1000000
0
1 200384 1000000
2 592315
0
0
2 57133
0
0
1 633237 1000000
0
0
1 432025 1000000
1 634772 1000000
1 565004 1000000
2 639942
2 396344
0
0
0
1 267218 1000000
2 439843
1 900019 1000000
0
2 797568
0
0
1 693177 1000000
0
2 45839
0
1 230284 1000000
0
0
0
2 345780
0
1 298307 1000000
1 81383 1000000
0
0
0
1 63453 1000000
1 788582 1000000
0
1 931876 1000000
0
2 513497
2 669901
1 144605 1000000
1 418840 1000000
2 164973
1 764934 1000000
0
0
1 870705 1000000
1 611044 1000000
2 646427
2 224746
0
1 462918 1000000
1 965679 1000000
2 335927
2 676005
1 436164 1000000
1 18087 1000000
1 636485 1000000
0
1 737792 1000000
2 91484
1 423351 1000000
1 979854 1000000
1 907832 1000000
1 221996 1000000
2 414627
1 97022 1000000
2 749593
1 7085 1000000
0
1 791580 1000000
1 761410 1000000
1 616213 1000000
1 725795 1000000
0
1 138079 1000000
0
2 68903
1 233770 1000000
0
2 144250
0
0
2 438853
0
2 117044
0
0
1 29496 1000000
0
2 429939
0
2 735468
0
2 306818
0
2 133869
0
0
0
1 807457 1000000
2 357566
0
1 782585 1000000
2 795694
2 845762
0
0
1 169842 1000000
0
2 671790
2 7119
1 893106 1000000
2 490435
1 760543 1000000
1 837077 1000000
0
2 673199
1 762763 1000000
0
1 162104 1000000
0
0
2 745810
2 860169
2 159633
2 647204
0
2 725773
1 983130 1000000
1 552588 1000000
0
1 207408 1000000
2 520284
1 537392 1000000
2 669737
0
1 657954 1000000
0
0
1 326497 1000000
0
0
0
2 95611
0
2 70890
0
0
2 335497
2 335426
1 561264 1000000
2 210158
2 71939
0
2 443219
0
2 598709
2 654196
0
1 131713 1000000
1 588664 1000000
0
0
1 768467 1000000
2 352242
2 834754
2 839850
0
1 322458 1000000
2 358680
2 674218
0
1 372904 1000000
1 706919 1000000
0
1 192598 1000000
1 971588 1000000
0
2 410546
0
0
2 570584
1 538930 1000000
0
0
1 259682 1000000
2 881826
1 168822 1000000
1 45676 1000000
1 665667 1000000
0
1 258048 1000000
1 863430 1000000
0
0
2 929520
2 516360
2 699567
0
2 51981
0
1 607821 1000000
1 298304 1000000
0
1 924656 1000000
1 386633 1000000
0
2 59545
2 941387
0
1 822450 1000000
2 725570
1 120134 1000000
2 285153
2 498685
2 239578
1 988078 1000000
2 387077
0
1 682573 1000000
2 739328
0
2 991908
1 869432 1000000
1 484087 1000000
0
2 811991
0
2 20086
0
1 281817 1000000
2 343414
2 169306
0
2 487456
2 263963
2 929618
2 173852
1 494659 1000000
1 764225 1000000
1 670124 1000000
1 465730 1000000
0
0
1 449648 1000000
0
1 191772 1000000
2 388804
1 141056 1000000
2 375143
1 989770 1000000
0
2 775891
1 905081 1000000
0
0
2 989654
1 531800 1000000
2 595589
0
0
2 115011
0
1 806238 1000000
0
0
2 263789
1 728487 1000000
1 134467 1000000
1 121347 1000000
2 326689
2 872795
0
0
1 251771 1000000
2 354212
2 856506
0
1 583165 1000000
1 744850 1000000
2 417359
2 794858
0
2 183944
1 218282 1000000
1 471999 1000000
2 285533
1 670327 1000000
2 363451
0
0
2 762671
2 759480
0
1 960107 1000000
0
1 717871 1000000
1 305714 1000000
2 948737
2 10817
0
2 32620
1 615026 1000000
2 55641
0
2 606593
0
1 793221 1000000
1 272525 1000000
0
0
2 108066
0
2 580323
2 707460
1 897830 1000000
0
1 413963 1000000
2 379048
1 639763 1000000
1 990508 1000000
0
2 276455
1 231049 1000000
0
2 508490
2 97255
1 934105 1000000
0
2 15580
1 159741 1000000
2 675214
0
1 599828 1000000
0
1 265006 1000000
1 113975 1000000
0
1 864696 1000000
0
0
2 594353
0
0
0
2 455410
0
1 113639 1000000
2 621205
0
0
1 47030 1000000
0
1 3810 1000000
0
2 544486
1 853447 1000000
2 988496
0
1 532110 1000000
0
0
0
1 106728 1000000
0
0
1 531900 1000000
2 690020
2 427398
1 983573 1000000
1 573012 1000000
0
0
0
2 980836
1 545937 1000000
2 695581
1 194242 1000000
2 681884
2 672650
1 137486 1000000
2 201893
0
2 118487
1 241643 1000000
1 45330 1000000
0
1 421837 1000000
0
2 57380
0
0
2 11188
1 256971 1000000
1 286651 1000000
1 24806 1000000
1 620234 1000000
1 775678 1000000
1 702239 1000000
1 965530 1000000
2 453906
0
0
2 773786
0
2 440727
2 187843
2 514793
1 332902 1000000
0
0
2 862233
0
0
1 630535 1000000
0
2 740683
1 268768 1000000
2 277736
0
2 748073
0
1 617307 1000000
2 970022
0
2 281963
0
0
0
1 388488 1000000
1 332535 1000000
0
1 954623 1000000
0
2 653286
0
1 844172 1000000
0
0
0
0
2 609680
1 429243 1000000
1 437144 1000000
1 47735 1000000
1 542471 1000000
2 448344
2 656436
1 216652 1000000
2 652202
1 560018 1000000
0
0
0
1 817442 1000000
2 676102
0
1 20477 1000000
2 659932
0
2 249612
2 854250
2 113679
0
2 806961
1 157292 1000000
1 495491 1000000
2 511729
1 976617 1000000
2 604131
1 620919 1000000
2 351919
2 257916
0
0
2 96730
1 548848 1000000
1 394668 1000000
2 456240
2 315694
0
1 398822 1000000
0
2 126676
2 936447
1 614661 1000000
2 780030
2 679634
0
0
1 234421 1000000
1 725508 1000000
2 265149
1 776054 1000000
2 175955
2 393605
0
2 433995
1 193287 1000000
0
0
0
1 284289 1000000
2 833805
0
1 996742 1000000
1 365234 1000000
1 884057 1000000
0
2 377464
2 977805
0
2 752220
1 735034 1000000
2 689061
1 652178 1000000
0
0
1 646176 1000000
0
1 526405 1000000
2 229411
2 762874
1 444752 1000000
1 852838 1000000
1 675613 1000000
1 888684 1000000
0
1 563923 1000000
2 926785
2 984313
2 777323
0
1 784028 1000000
1 423525 1000000
1 48289 1000000
2 783304
0
2 675432
0
2 545198
0
1 268749 1000000
0
0
1 842262 1000000
1 656295 1000000
1 563954 1000000
0
1 323952 1000000
1 467924 1000000
2 21556
2 485738
0
1 694654 1000000
2 811807
2 316805
1 980123 1000000
1 122649 1000000
1 749316 1000000
2 925116
0
2 131055
0
1 389379 1000000
2 525282
2 132402
2 285143
1 545508 1000000
2 6180
2 69073
0
2 461576
1 854541 1000000
2 159595
0
0
1 507722 1000000
1 574824 1000000
0
2 697164
1 758925 1000000
0
2 171333
1 581440 1000000
0
0
0
0
1 525579 1000000
0
1 6339 1000000
1 467044 1000000
1 721763 1000000
0
2 729294
0
0
1 169056 1000000
1 178717 1000000
0
2 430166
1 433768 1000000
0
2 120450
1 618535 1000000
1 986656 1000000
2 75342
2 321329
0
0
2 393977
2 126256
1 499516 1000000
0
2 903520
2 782236
2 842045
2 905310
1 418908 1000000
1 776341 1000000
2 136152
2 732345
1 572196 1000000
0
0
1 586102 1000000
2 714388
0
0
2 213640
2 825572
0
0
0
1 424800 1000000
0
2 686797
0
0
0
2 231139
2 689167
2 977430
0
0
1 557278 1000000
2 758311
0
2 104982
1 263133 1000000
0
0
0
1 187036 1000000
0
0
1 855279 1000000
2 573899
2 882698
2 983771
0
0
2 577870
0
2 443532
0
2 146723
2 751592
0
2 775044
1 78429 1000000
0
0
2 894560
1 227717 1000000
1 468729 1000000
1 503621 1000000
2 99213
2 621545
0
1 794361 1000000
0
1 646875 1000000
0
0
1 966115 1000000
2 23810
0
0
0
2 611778
0
2 958676
2 609974
2 903923
2 427499
0
2 757588
2 665730
1 275434 1000000
1 731425 1000000
1 961595 1000000
2 816781
2 240223
1 254911 1000000
0
1 971192 1000000
1 199867 1000000
2 187981
0
1 413653 1000000
0
1 142623 1000000
0
0
0
0
2 784834
1 706090 1000000
1 477592 1000000
2 254592
2 131071
0
1 717219 1000000
1 207277 1000000
1 143797 1000000
1 978456 1000000
2 510472
2 998288
1 415328 1000000
2 827781
2 8897
0
1 724373 1000000
1 504799 1000000
1 858372 1000000
2 576343
2 740413
0
1 675271 1000000
2 105994
0
2 848848
0
1 866708 1000000
1 286376 1000000
0
2 242008
1 607883 1000000
0
1 155978 1000000
0
1 115607 1000000
2 449328
1 456812 1000000
2 177575
2 272846
1 506705 1000000
0
2 442873
2 785905
2 938023
2 566326
2 525367
1 50033 1000000
0
0
0
1 318713 1000000
2 352820
1 58068 1000000
2 180602
2 480268
1 496070 1000000
1 33770 1000000
2 60299
2 759576
2 55712
2 333276
2 464532
0
0
0
1 560156 1000000
0
2 869638
0
0
0
0
2 182283
2 786883
0
2 581968
0
0
1 999924 1000000
2 336398
2 741119
1 145661 1000000
1 68219 1000000
1 360199 1000000
1 810739 1000000
2 697107
2 658927
1 876035 1000000
0
2 220941
1 257864 1000000
0
1 175324 1000000
1 624408 1000000
2 266934
0
1 894785 1000000
0
1 806903 1000000
1 559211 1000000
2 241021
2 21396
2 394542
0
1 953080 1000000
0
2 189197
1 663220 1000000
2 907925
0
2 589955
0
0
2 918046
0
2 345439
2 760546
2 879149
1 322635 1000000
1 417126 1000000
0
1 440241 1000000
0
1 731913 1000000
0
2 531873
0
1 978047 1000000
1 670124 1000000
2 459203
2 440598
2 324121
0
1 39292 1000000
0
2 258307
0
0
0
2 187501
0
0
0
1 947893 1000000
1 739554 1000000
0
2 177153
1 36095 1000000
0
1 944705 1000000
2 856918
1 394069 1000000
1 943863 1000000
2 487413
0
0
2 628502
0
0
2 706609
0
1 485614 1000000
2 655834
0
0
0
2 674937
0
0
2 191024
2 27479
2 460958
2 297702
0
0
2 115439
0
2 158191
0
0
1 61905 1000000
1 230479 1000000
2 275947
1 804542 1000000
2 357905
0
0
1 474425 1000000
2 514823
2 36564
1 991528 1000000
2 520518
0
1 542119 1000000
2 598366
2 144742
2 385020
2 924847
2 661170
1 457905 1000000
2 403077
0
1 881808 1000000
1 559827 1000000
0
1 20467 1000000
2 743642
1 656186 1000000
0
0
2 91540
1 440788 1000000
1 204274 1000000
2 393822
0
2 741479
1 102551 1000000
1 449531 1000000
1 997213 1000000
1 897090 1000000
2 308259
2 23378
1 105500 1000000
1 518700 1000000
1 193950 1000000
2 946917
2 927426
0
1 705391 1000000
2 132551
2 167794
2 31736
0
2 624481
2 379206
0
1 658366 1000000
2 465964
1 393659 1000000
0
1 981017 1000000
1 397337 1000000
1 534860 1000000
0
2 347319
2 330746
1 425366 1000000
1 553358 1000000
2 288868
1 974313 1000000
2 276790
1 692351 1000000
1 255128 1000000
2 421615
1 151355 1000000
1 661755 1000000
2 86505
0
1 611558 1000000
0
2 157707
0
2 562793
1 408354 1000000
1 456058 1000000
2 528293
2 730561
2 163958
2 437381
1 421097 1000000
1 853078 1000000
2 602594
0
0
1 349816 1000000
2 783251
2 234243
2 112000
0
0
2 382321
2 334847
2 522467
0
0
2 562244
2 469190
2 34354
2 691399
0
0
1 942522 1000000
2 254896
2 604584
2 324502
1 11205 1000000
1 248355 1000000
0
1 307753 1000000
2 78517
0
1 277630 1000000
2 361667
1 557623 1000000
2 564901
0
2 243948
2 992151
0
1 404481 1000000
0
2 390530
1 616775 1000000
0
0
0
1 950312 1000000
1 159640 1000000
0
1 84902 1000000
2 852164
0
0
1 619443 1000000
0
2 603838
0
1 150819 1000000
1 130793 1000000
0
1 486058 1000000
2 854093
1 254193 1000000
1 140430 1000000
1 962412 1000000
0
1 261002 1000000
1 287110 1000000
1 312741 1000000
1 143134 1000000
1 48612 1000000
0
1 530998 1000000
1 424986 1000000
2 775338
1 783373 1000000
1 573527 1000000
1 662530 1000000
0
2 939773
0
2 68708
0
0
0
0
2 588354
2 690354
0
0
1 730071 1000000
2 612259
2 323996
2 702564
2 148269
1 78065 1000000
2 216465
1 544775 1000000
1 690012 1000000
2 968423
1 492568 1000000
2 25533
1 776911 1000000
2 978931
0
1 650382 1000000
0
1 218679 1000000
0
0
1 328225 1000000
1 317754 1000000
1 825736 1000000
2 149150
2 604491
0
0
0
1 741489 1000000
0
2 850279
0
0
1 444612 1000000
0
1 580435 1000000
2 429509
2 658939
2 356304
2 36744
2 893102
2 421744
0
2 121293
0
0
2 324540
2 157966
2 474177
2 189108
0
1 573208 1000000
1 962242 1000000
2 184082
0
0
1 749499 1000000
0
2 929745
2 95692
2 476143
1 644809 1000000
0
2 324525
2 864098
2 946448
0
1 977215 1000000
1 541200 1000000
1 47135 1000000
0
1 572398 1000000
2 155765
0
2 732170
1 169679 1000000
0
0
1 292319 1000000
0
2 995323
0
2 772444
0
0
0
2 412848
1 760343 1000000
0
1 170102 1000000
2 719748
2 234423
2 782018
1 979402 1000000
2 650937
2 369128
1 446369 1000000
1 851985 1000000
1 301625 1000000
2 187899
0
1 969057 1000000
2 795072
1 132307 1000000
0
1 568908 1000000
2 607231
0
0
2 291969
0
2 653666
0
0
1 423200 1000000
1 925405 1000000
1 172305 1000000
2 888954
1 218639 1000000
2 652138
1 767039 1000000
2 909589
0
2 52953
2 371266
2 937847
0
1 214980 1000000
0
1 845662 1000000
0
2 721256
1 785320 1000000
2 245731
0
0
1 797967 1000000
2 610738
0
0
0
0
0
2 832806
0
0
0
0
2 104166
0
0
0
2 457672
0
2 429273
0
1 568900 1000000
2 394906
2 89122
0
2 480328
0
2 741151
0
1 358548 1000000
0
0
0
2 383207
2 990041
2 278803
0
2 31110
0
1 740063 1000000
0
0
1 862855 1000000
0
0
0
2 627909
0
2 150926
1 163472 1000000
0
2 587023
0
1 896643 1000000
2 159452
1 501657 1000000
0
2 955701
0
0
2 711587
1 15887 1000000
0
1 70144 1000000
2 446238
0
2 887804
0
1 391957 1000000
2 399351
0
2 580242
2 899269
1 977381 1000000
0
2 498591
0
0
0
1 916437 1000000
1 578387 1000000
0
1 982416 1000000
1 521841 1000000
1 6645 1000000
2 119012
1 478726 1000000
0
0
2 412989
1 387182 1000000
1 74229 1000000
0
1 104959 1000000
0
0
2 9308
1 266374 1000000
0
1 975453 1000000
2 538647
2 785444
1 264929 1000000
2 571025
2 511177
0
2 661300
2 977224
1 484802 1000000
2 459797
1 851481 1000000
1 235425 1000000
1 323205 1000000
2 418502
2 243479
0
0
2 439609
1 799447 1000000
0
0
0
0
0
0
2 494440
0
0
1 773666 1000000
0
0
1 867165 1000000
2 371758
1 526545 1000000
1 511050 1000000
1 466385 1000000
0
0
0
2 479433
2 934671
0
2 854957
0
2 255808
1 552122 1000000
0
2 357465
0
2 365011
1 243194 1000000
0
1 890174 1000000
1 670318 1000000
1 313647 1000000
1 675233 1000000
2 310927
2 911074
0
0
1 89875 1000000
2 934769
2 717936
1 644002 1000000
0
2 117538
1 177139 1000000
0
0
2 44920
2 877497
1 549561 1000000
0
0
0
1 443821 1000000
1 588005 1000000
2 225286
0
0
1 12418 1000000
1 726110 1000000
1 797516 1000000
0
1 64884 1000000
1 815172 1000000
0
2 231298
1 12275 1000000
1 65811 1000000
1 421338 1000000
2 501353
1 294607 1000000
1 880553 1000000
2 559906
0
0
2 994103
1 335376 1000000
0
0
1 766566 1000000
2 577823
2 439841
1 174658 1000000
0
2 876516
1 34732 1000000
0
0
1 921327 1000000
0
1 895946 1000000
1 425836 1000000
1 537394 1000000
1 562425 1000000
1 466133 1000000
2 343291
2 303652
2 576884
0
2 967502
1 955322 1000000
1 528215 1000000
1 120527 1000000
1 993317 1000000
1 52817 1000000
1 742124 1000000
2 676552
0
2 992780
2 147970
2 630279
0
2 464086
0
2 476328
2 329300
0
1 179300 1000000
2 447212
2 339802
2 196519
0
0
0
2 616176
1 780041 1000000
2 213485
2 504090
1 831487 1000000
2 820732
1 935747 1000000
0
0
0
1 398926 1000000
2 774743
1 911637 1000000
0
2 341634
2 643903
1 735003 1000000
0
1 385978 1000000
0
2 205830
0
1 747796 1000000
2 582095
0
1 919979 1000000
0
0
0
0
1 322040 1000000
0
0
2 710877
1 460445 1000000
0
1 269677 1000000
0
2 339617
0
1 906250 1000000
1 888472 1000000
2 830371
0
2 704934
2 470592
2 183338
1 411279 1000000
1 489782 1000000
1 337995 1000000
1 606983 1000000
2 577175
2 725205
1 985440 1000000
0
2 779624
2 888230
2 296118
2 376147
2 767321
0
2 803773
1 823547 1000000
0
1 174462 1000000
0
2 404742
1 46003 1000000
2 80578
0
1 68988 1000000
1 766394 1000000
1 815157 1000000
0
1 31669 1000000
2 253947
0
0
2 181408
2 619717
1 366431 1000000
2 927233
1 166452 1000000
1 281297 1000000
2 137692
0
0
0
1 817829 1000000
1 869516 1000000
0
0
0
0
0
2 792291
2 391600
1 898446 1000000
2 366837
1 606166 1000000
0
0
2 181968
1 242886 1000000
0
0
0
2 551403
0
1 510631 1000000
1 204260 1000000
1 816563 1000000
0
0
1 457370 1000000
0
2 238469
1 699518 1000000
0
2 693212
2 482457
0
0
1 161296 1000000
0
0
1 248690 1000000
2 939425
1 66531 1000000
0
1 573332 1000000
1 234346 1000000
2 858200
2 834777
0
2 828966
0
2 535854
2 258887
0
2 985434
0
2 644999
2 49516
1 74764 1000000
0
2 997483
1 240401 1000000
0
1 446141 1000000
1 504584 1000000
0
2 41751
1 510232 1000000
2 680096
0
2 435722
1 580676 1000000
1 364273 1000000
1 844791 1000000
2 520018
1 539628 1000000
1 575103 1000000
2 892559
0
1 588346 1000000
0
1 868974 1000000
0
2 740325
1 403626 1000000
0
0
2 103900
2 77592
2 105330
1 129234 1000000
0
0
2 309693
1 827782 1000000
2 669495
1 197656 1000000
2 161292
2 316314
0
0
0
0
1 103371 1000000
2 318116
0
1 772975 1000000
1 675831 1000000
0
1 493248 1000000
1 879884 1000000
1 422436 1000000
0
2 889535
1 193765 1000000
0
0
1 462704 1000000
1 296050 1000000
1 403996 1000000
1 834563 1000000
0
2 583768
1 989093 1000000
0
0
1 966705 1000000
2 522897
2 957416
0
2 718351
0
0
1 656024 1000000
2 61201
2 497805
0
2 706440
0
0
2 595224
0
0
1 294519 1000000
0
2 567228
1 552676 1000000
1 287792 1000000
1 417794 1000000
0
0
2 689748
2 325914
0
2 317500
0
1 865741 1000000
0
0
1 16102 1000000
0
1 407878 1000000
0
1 428707 1000000
2 969519
0
0
2 673224
0
1 637267 1000000
0
2 135862
2 549126
2 3374
2 193603
0
2 979267
2 639665
2 491907
1 434175 1000000
1 525665 1000000
2 59633
1 49895 1000000
2 167219
2 737592
2 347411
0
1 944669 1000000
1 794934 1000000
2 386792
0
0
1 436725 1000000
0
2 221596
2 140047
1 771471 1000000
2 678694
2 167002
1 511800 1000000
2 749865
0
0
1 681882 1000000
1 955738 1000000
2 201299
2 417772
2 191477
0
2 489949
2 346941
1 857584 1000000
0
1 677033 1000000
1 427369 1000000
1 667717 1000000
2 459218
0
2 586345
2 516949
0
2 891093
1 133501 1000000
2 309827
0
1 227432 1000000
1 583355 1000000
1 577298 1000000
2 663851
1 82037 1000000
0
1 552845 1000000
2 834659
2 363466
1 46086 1000000
0
1 830423 1000000
2 40446
1 171233 1000000
2 716996
1 884996 1000000
1 278334 1000000
0
0
0
0
2 849524
1 193136 1000000
0
1 554793 1000000
1 610050 1000000
1 290597 1000000
1 461400 1000000
2 290871
2 349572
2 876936
1 488095 1000000
2 804064
0
2 759318
1 43713 1000000
2 748128
1 706557 1000000
1 999156 1000000
0
0
0
1 228416 1000000
2 202221
2 389643
2 506523
0
2 935552
2 64843
1 43822 1000000
2 384696
2 842153
2 162798
2 479787
0
0
1 594048 1000000
0
2 648651
1 524313 1000000
2 973647
1 446456 1000000
1 964502 1000000
1 511214 1000000
1 156677 1000000
1 980285 1000000
0
1 504007 1000000
2 504557
1 605260 1000000
0
2 23292
0
1 824145 1000000
2 794175
2 556244
1 123068 1000000
2 899367
0
0
0
0
0
2 659764
0
1 753593 1000000
2 902343
0
1 654412 1000000
0
0
0
2 456614
0
0
2 652018
1 99701 1000000
1 786622 1000000
0
1 661041 1000000
1 981334 1000000
1 298181 1000000
2 732558
0
0
2 731725
2 255757
1 304821 1000000
1 156953 1000000
0
1 393218 1000000
0
1 830643 1000000
2 605423
0
2 841485
1 631539 1000000
2 121077
2 600084
0
1 632404 1000000
1 176975 1000000
1 926064 1000000
2 725180
0
0
0
0
1 685655 1000000
1 406527 1000000
0
1 813625 1000000
0
0
2 935069
1 548960 1000000
1 527775 1000000
1 177433 1000000
2 907931
0
1 810991 1000000
2 433576
1 625316 1000000
1 376447 1000000
0
2 590953
1 284432 1000000
0
0
0
2 644400
1 934913 1000000
0
0
0
0
0
2 766503
1 264527 1000000
0
0
0
0
1 424633 1000000
0
1 962447 1000000
2 477794
2 89492
0
2 82837
0
1 673462 1000000
0
2 772385
0
2 468520
2 580521
1 456648 1000000
2 841994
2 181790
1 496960 1000000
0
0
2 401601
1 888240 1000000
0
1 868339 1000000
1 329187 1000000
2 997219
2 11575
0
2 971198
1 546122 1000000
2 673038
0
1 609081 1000000
0
0
1 873759 1000000
1 354326 1000000
1 474316 1000000
0
1 700803 1000000
1 976658 1000000
2 307132
2 777474
0
1 108159 1000000
1 599246 1000000
1 906731 1000000
1 72188 1000000
1 460747 1000000
2 921009
0
2 601103
2 952006
0
2 820142
2 939598
1 840780 1000000
1 445082 1000000
0
1 895195 1000000
1 987100 1000000
1 224733 1000000
0
1 295515 1000000
2 834438
2 976486
2 741307
1 32196 1000000
1 47351 1000000
0
0
2 944302
1 602082 1000000
2 866009
2 826936
2 631527
0
1 374383 1000000
0
0
2 590781
1 680433 1000000
0
1 19889 1000000
2 768314
1 383597 1000000
2 422774
0
0
0
0
1 814044 1000000
1 91072 1000000
2 177237
2 427181
2 421444
2 584152
0
1 178724 1000000
1 975212 1000000
0
0
0
0
2 73304
2 13061
2 247644
0
2 109519
2 573530
2 202168
1 858946 1000000
0
0
2 57510
1 585547 1000000
1 362050 1000000
1 775462 1000000
0
1 788345 1000000
1 44573 1000000
2 615105
1 543391 1000000
0
2 674332
1 924600 1000000
0
2 852686
1 900401 1000000
0
1 407737 1000000
0
1 539493 1000000
0
1 308309 1000000
0
2 390311
1 355432 1000000
2 207652
1 72837 1000000
0
1 470410 1000000
0
2 395477
0
2 874172
1 833706 1000000
0
0
1 590666 1000000
0
1 727616 1000000
0
2 370416
1 878231 1000000
1 280778 1000000
1 856345 1000000
0
1 213435 1000000
2 396876
2 854130
2 66792
2 515124
1 666908 1000000
1 24465 1000000
2 896842
2 316524
2 335453
2 984484
0
1 95427 1000000
0
1 961316 1000000
1 79848 1000000
1 955963 1000000
0
2 271449
1 140848 1000000
0
2 244526
0
1 564065 1000000
1 561653 1000000
1 808223 1000000
1 11756 1000000
2 382274
2 715865
0
2 577897
2 612933
2 969080
2 204124
1 641063 1000000
0
2 845888
0
2 522624
2 121964
1 539694 1000000
2 134091
2 98735
0
1 947448 1000000
0
1 300105 1000000
2 367180
0
0
0
1 518383 1000000
2 670675
0
0
2 680007
2 983278
2 482739
1 792042 1000000
0
2 870551
2 837362
1 957924 1000000
0
2 890510
0
1 113483 1000000
0
1 87452 1000000
2 150945
0
0
2 914512
1 688234 1000000
0
1 960904 1000000
2 540489
0
0
2 994097
1 547981 1000000
0
2 958774
2 839717
0
2 604568
2 240776
1 639775 1000000
2 743665
0
0
2 116382
1 680336 1000000
2 662477
1 133771 1000000
1 733146 1000000
2 107637
2 580767
2 884317
0
2 807366
2 116046
0
1 245298 1000000
1 230042 1000000
1 459999 1000000
1 166797 1000000
2 66215
0
0
0
0
0
1 443842 1000000
0
2 753178
1 135493 1000000
0
1 275957 1000000
2 50350
2 875309
1 646419 1000000
2 254733
0
1 627013 1000000
1 440783 1000000
0
0
0
0
2 80709
0
1 541162 1000000
0
1 281600 1000000
2 811804
1 43038 1000000
1 147096 1000000
1 351344 1000000
0
0
2 977179
2 845308
0
0
2 663069
1 677628 1000000
1 228776 1000000
1 845464 1000000
0
1 333416 1000000
2 5746
1 541231 1000000
2 473909
2 49132
0
0
1 313208 1000000
2 875434
2 716216
1 825279 1000000
0
1 447810 1000000
2 959657
2 539494
0
1 892199 1000000
1 102196 1000000
1 601736 1000000
0
1 804759 1000000
0
1 621103 1000000
0
0
1 287716 1000000
1 37969 1000000
2 871289
0
2 430430
2 795619
1 737609 1000000
1 820504 1000000
0
0
0
1 718912 1000000
1 349723 1000000
2 903040
2 620726
1 806003 1000000
2 483794
1 10028 1000000
2 811924
0
0
1 711948 1000000
0
2 12630
0
2 847102
2 987441
1 821680 1000000
1 17585 1000000
1 626099 1000000
1 805305 1000000
2 528035
0
2 679820
0
0
0
1 936768 1000000
2 175624
1 495623 1000000
0
2 660950
2 921864
2 157464
2 4589
0
1 708998 1000000
0
0
0
2 173643
1 232319 1000000
0
0
1 334111 1000000
2 493284
2 60150
1 749933 1000000
1 331221 1000000
1 948838 1000000
0
2 325050
1 744805 1000000
0
1 912385 1000000
0
2 478563
1 457817 1000000
2 556012
2 190118
1 299918 1000000
0
0
2 281736
2 777192
0
2 769908
2 759867
2 552329
1 589357 1000000
0
0
1 508404 1000000
1 61741 1000000
0
1 949112 1000000
1 560172 1000000
1 695820 1000000
1 333807 1000000
0
0
0
2 80384
0
0
1 122153 1000000
2 438181
2 371943
0
2 968361
1 338718 1000000
2 20488
2 768636
1 177942 1000000
0
1 757693 1000000
0
2 628173
1 501641 1000000
0
2 103361
2 893809
1 59718 1000000
1 720040 1000000
1 156562 1000000
1 252799 1000000
2 62586
1 403140 1000000
1 819914 1000000
2 565644
2 195911
0
1 467574 1000000
2 94420
1 680643 1000000
2 665041
1 741106 1000000
2 368839
2 949898
2 790849
2 746817
1 313373 1000000
2 604849
2 633940
1 384692 1000000
0
2 458378
2 847173
1 472857 1000000
1 118547 1000000
1 59966 1000000
0
1 911007 1000000
1 378112 1000000
2 698715
1 616683 1000000
0
0
2 270187
0
0
2 431061
2 835265
0
1 706646 1000000
1 962890 1000000
0
2 583868
2 766944
2 710997
0
2 17948
2 633584
0
0
2 670538
0
2 181191
0
0
2 176947
2 20572
2 181560
0
0
1 770370 1000000
0
1 499029 1000000
0
0
2 727125
2 806407
0
2 907360
1 721559 1000000
2 199792
2 128641
2 68844
0
1 804145 1000000
1 80972 1000000
2 137232
2 293041
0
0
0
1 730321 1000000
0
0
0
2 494721
1 982822 1000000
0
0
1 562502 1000000
0
0
1 609830 1000000
2 147636
2 800637
2 37347
1 569861 1000000
0
2 843038
0
0
1 125895 1000000
2 462202
0
2 801745
0
2 707913
0
0
2 259156
2 859656
2 143851
2 44285
2 21231
0
1 927492 1000000
0
1 927158 1000000
0
2 882677
1 104812 1000000
0
1 219940 1000000
2 633931
1 774715 1000000
2 428564
0
1 133535 1000000
0
2 54338
1 137391 1000000
1 547368 1000000
2 797648
0
2 8099
1 199780 1000000
0
0
1 445215 1000000
0
0
2 396794
0
0
0
1 828444 1000000
0
2 566887
0
0
1 29394 1000000
2 655521
1 6993 1000000
1 754156 1000000
1 253512 1000000
2 881020
0
0
2 56060
1 316093 1000000
1 978040 1000000
2 459282
0
1 645170 1000000
2 703998
0
2 567222
2 697132
0
1 928836 1000000
2 15453
2 125080
0
2 796527
0
0
2 299297
1 27658 1000000
1 850258 1000000
1 768441 1000000
2 297248
1 754882 1000000
2 457784
0
1 545083 1000000
0
2 447971
0
0
0
2 457640
0
2 647689
1 260097 1000000
2 866249
1 452763 1000000
2 458699
2 68540
0
0
1 816560 1000000
0
1 940422 1000000
2 468351
2 592650
0
2 545116
2 78389
0
0
1 732218 1000000
0
2 421373
2 343025
2 21283
2 19415
2 20360
1 727316 1000000
0
1 249351 1000000
0
0
1 164384 1000000
2 272918
1 95741 1000000
1 485718 1000000
2 757786
0
0
0
1 596973 1000000
2 834021
1 755596 1000000
0
2 176182
2 757237
0
2 21430
0
2 138609
2 69062
2 12562
0
1 209356 1000000
1 662168 1000000
2 142767
1 480107 1000000
2 5101
2 344981
2 371586
2 393053
2 207422
1 156778 1000000
0
2 65148
2 103537
2 6402
0
0
1 152368 1000000
2 65619
1 564975 1000000
0
0
1 918024 1000000
2 408697
2 345769
1 41567 1000000
0
2 837861
0
2 10542
1 358164 1000000
1 92876 1000000
0
1 669851 1000000
2 641187
0
2 416581
2 25774
2 20599
2 11829
1 706201 1000000
0
2 333223
2 299422
2 86957
1 220464 1000000
1 733612 1000000
2 461137
0
1 241012 1000000
2 350471
0
0
1 100936 1000000
0
2 218635
1 585043 1000000
0
1 322041 1000000
0
1 811367 1000000
0
0
0
2 443595
2 844572
2 644434
1 356206 1000000
1 291933 1000000
0
0
0
2 151148
2 67891
1 911293 1000000
1 558636 1000000
2 558564
0
2 119095
0
2 340754
1 723801 1000000
2 213791
0
1 54 1000000
2 865100
1 80656 1000000
2 180844
0
2 234439
2 7184
2 171219
1 918231 1000000
0
0
2 149451
0
2 83465
0
0
1 781315 1000000
0
2 468799
1 409385 1000000
2 742111
1 940601 1000000
1 210226 1000000
2 370560
1 886820 1000000
0
0
0
0
0
0
2 716287
1 247539 1000000
2 403572
0
0
0
1 441011 1000000
2 984840
2 562072
1 570122 1000000
2 865715
0
0
2 112055
1 6891 1000000
1 182791 1000000
2 167672
1 600904 1000000
0
0
1 27017 1000000
1 201138 1000000
1 619901 1000000
2 281372
2 169675
2 671500
0
1 145702 1000000
1 756888 1000000
2 808558
1 21297 1000000
0
0
1 854066 1000000
2 358127
2 19881
0
1 335203 1000000
2 934010
0
2 105875
1 638071 1000000
1 180637 1000000
2 569542
1 997353 1000000
1 14649 1000000
0
2 820523
2 494379
0
2 151627
2 16438
0
0
0
1 253099 1000000
0
0
0
2 101453
0
2 166366
0
2 7297
2 1880
2 245
0
0
0
1 942870 1000000
1 917724 1000000
2 896640
2 753886
1 895893 1000000
1 438844 1000000
0
0
0
0
2 952080
2 177280
0
1 558990 1000000
1 948769 1000000
2 603623
1 186602 1000000
1 107835 1000000
1 597975 1000000
0
0
0
2 253303
1 419053 1000000
2 124303
2 571467
1 850717 1000000
2 424850
2 828258
0
1 525363 1000000
1 389775 1000000
0
1 400151 1000000
1 506970 1000000
2 850168
0
2 137807
0
1 209168 1000000
1 192621 1000000
0
2 138058
1 906862 1000000
1 85892 1000000
2 465931
2 426415
2 712885
0
0
2 204904
1 68382 1000000
1 408119 1000000
2 384918
2 319617
2 994510
0
0
0
1 538526 1000000
2 145659
0
1 653183 1000000
2 810538
0
1 381585 1000000
0
1 640506 1000000
2 969656
1 577963 1000000
0
1 545174 1000000
2 300606
0
1 668189 1000000
2 968809
0
2 226515
0
2 712051
2 187021
1 38501 1000000
1 83446 1000000
1 532391 1000000
2 49273
1 731821 1000000
0
0
2 938003
1 870309 1000000
1 67484 1000000
1 653910 1000000
0
2 905103
0
2 403001
1 181313 1000000
2 646343
1 775038 1000000
0
1 341201 1000000
2 723068
0
0
0
0
2 532511
2 28818
2 17495
1 408721 1000000
0
0
0
1 865067 1000000
1 832627 1000000
1 92770 1000000
1 827852 1000000
1 19999 1000000
0
1 644943 1000000
1 487690 1000000
1 280238 1000000
2 838722
1 434932 1000000
0
1 542635 1000000
2 337842
1 882090 1000000
0
0
1 933114 1000000
1 326281 1000000
1 485272 1000000
2 897264
1 832779 1000000
1 909219 1000000
0
1 517098 1000000
1 398119 1000000
2 736425
0
2 425970
2 895372
2 107877
0
0
1 293680 1000000
2 241579
2 497518
0
2 650988
0
1 681686 1000000
1 342280 1000000
2 493822
2 482111
0
0
0
0
0
1 628832 1000000
0
1 933964 1000000
2 587887
0
1 330450 1000000
1 879269 1000000
0
2 377136
1 507470 1000000
1 106094 1000000
1 819694 1000000
0
2 9671
1 149502 1000000
2 419544
2 523153
0
2 762981
2 719802
0
2 476901
1 997913 1000000
1 942290 1000000
1 615483 1000000
0
2 581702
0
1 680090 1000000
1 102940 1000000
1 180491 1000000
2 944991
1 521908 1000000
2 991146
1 193308 1000000
0
0
1 753409 1000000
1 476631 1000000
2 207490
0
2 857747
1 413197 1000000
2 216385
0
0
0
1 545412 1000000
2 371554
2 117065
0
1 452193 1000000
0
2 562496
1 8516 1000000
0
1 131551 1000000
2 747079
0
2 640946
2 958665
1 945613 1000000
1 849192 1000000
2 169921
2 537325
1 56408 1000000
0
1 748326 1000000
0
0
1 729350 1000000
0
0
0
0
1 834295 1000000
1 886548 1000000
0
2 403109
0
0
2 218048
0
1 359164 1000000
1 980210 1000000
0
0
2 62079
0
1 767554 1000000
1 610125 1000000
2 239378
2 616321
0
1 968122 1000000
2 936362
1 200198 1000000
2 511850
0
2 639712
1 468385 1000000
2 232339
0
2 397596
2 873148
2 557823
0
1 656538 1000000
1 382738 1000000
1 510877 1000000
0
0
0
0
1 426435 1000000
2 97871
2 168313
2 919790
2 889594
2 980654
0
0
2 359767
2 313582
1 778959 1000000
0
1 716151 1000000
2 192718
0
1 138976 1000000
2 134116
0
0
2 143800
0
0
2 259378
2 971668
2 409393
2 884618
1 264440 1000000
1 696413 1000000
2 48453
2 510578
1 89230 1000000
1 381954 1000000
1 198782 1000000
1 243206 1000000
1 39744 1000000
2 480501
0
1 465382 1000000
0
2 525532
0
0
1 921809 1000000
0
0
1 8514 1000000
0
2 222478
2 194926
2 761763
2 544464
1 833434 1000000
0
2 715623
1 937305 1000000
0
0
1 389056 1000000
2 291175
2 412821
1 162115 1000000
2 669099
1 65942 1000000
0
2 533918
0
2 620150
2 453840
0
2 931109
0
1 678559 1000000
2 863001
0
2 684399
2 811743
1 962135 1000000
2 160339
0
2 394425
1 163171 1000000
0
2 218614
1 505095 1000000
2 483171
2 234183
2 657212
2 370218
1 889989 1000000
0
1 561566 1000000
2 994435
2 891716
2 341940
1 482120 1000000
0
2 364884
1 395477 1000000
2 338120
0
1 64648 1000000
2 224371
1 561403 1000000
1 1136 1000000
2 7065
2 434780
2 207465
1 111791 1000000
1 75847 1000000
1 974518 1000000
1 517218 1000000
0
2 367716
2 799741
1 939642 1000000
2 369717
1 399248 1000000
1 652508 1000000
2 883935
1 643765 1000000
2 125768
0
0
1 124356 1000000
1 143606 1000000
1 481099 1000000
1 911692 1000000
1 406115 1000000
1 742815 1000000
2 269628
2 845374
2 959004
1 642627 1000000
1 248303 1000000
0
0
2 312747
0
2 50047
1 101415 1000000
1 98376 1000000
0
1 483879 1000000
1 209285 1000000
2 435930
2 162038
2 26441
2 774735
0
0
1 753616 1000000
0
1 501928 1000000
2 728802
0
1 913409 1000000
1 596344 1000000
2 205641
0
2 970938
2 215853
1 457339 1000000
0
2 475069
0
0
0
1 241945 1000000
1 833973 1000000
0
0
2 345137
0
0
1 119539 1000000
2 65470
2 363199
0
0
1 100527 1000000
0
0
1 900670 1000000
0
2 6604
0
2 497614
1 168550 1000000
1 162330 1000000
0
2 689175
1 252654 1000000
1 45957 1000000
1 109494 1000000
2 163090
0
2 271910
0
0
1 697609 1000000
2 795498
0
1 657993 1000000
1 619906 1000000
0
2 203313
1 326247 1000000
1 823926 1000000
1 905959 1000000
2 71827
1 788385 1000000
2 657808
0
2 257639
1 828140 1000000
2 928686
2 622283
0
0
0
1 312837 1000000
0
2 757553
1 213107 1000000
2 714754
1 906250 1000000
1 972130 1000000
0
1 336391 1000000
0
2 997557
1 556860 1000000
0
1 984684 1000000
1 1885 1000000
1 259946 1000000
1 789516 1000000
0
0
2 343294
1 381289 1000000
0
0
1 652330 1000000
2 291758
1 155086 1000000
0
2 45694
0
1 958675 1000000
1 2613 1000000
1 745300 1000000
0
2 826592
2 466456
0
1 629542 1000000
1 307130 1000000
1 197934 1000000
0
2 810102
2 281866
2 911362
1 237016 1000000
1 726635 1000000
2 16437
0
0
2 208329
2 872808
0
0
0
0
1 54186 1000000
0
0
2 383018
2 881792
2 261054
1 987220 1000000
1 239259 1000000
1 290330 1000000
1 336293 1000000
2 359766
0
1 225859 1000000
1 536161 1000000
0
2 628102
1 281074 1000000
1 61307 1000000
1 211056 1000000
1 465973 1000000
0
2 54815
0
1 353862 1000000
1 895982 1000000
1 949785 1000000
2 210847
1 833571 1000000
0
2 468479
2 886451
2 669008
2 128078
2 322544
1 330476 1000000
2 845754
0
1 429439 1000000
1 505436 1000000
2 278590
1 701105 1000000
2 469891
0
2 267702
1 415194 1000000
1 656090 1000000
2 660048
0
2 472216
1 476254 1000000
0
0
2 910182
1 419546 1000000
2 200729
1 363595 1000000
2 788463
2 165796
0
1 135841 1000000
1 800062 1000000
0
2 581657
0
2 321987
0
2 398334
1 825999 1000000
2 207074
2 322585
1 586097 1000000
1 159462 1000000
0
2 24993
2 17395
0
0
0
1 733021 1000000
2 108016
1 60209 1000000
1 862324 1000000
2 849656
0
2 73695
0
1 845340 1000000
1 353900 1000000
2 534042
0
0
0
1 702363 1000000
0
2 509960
0
1 693727 1000000
0
1 946557 1000000
1 691892 1000000
0
2 190256
2 530412
1 189331 1000000
1 28597 1000000
2 876758
2 972543
2 670427
0
1 698996 1000000
1 980414 1000000
2 376191
1 982642 1000000
2 859814
0
1 781854 1000000
0
0
0
1 785591 1000000
2 981291
0
1 1671 1000000
1 429858 1000000
2 729000
0
2 444629
0
2 913759
0
1 695616 1000000
1 839869 1000000
0
0
2 389540
0
0
0
0
1 332069 1000000
2 958314
1 385269 1000000
1 685708 1000000
0
0
1 676647 1000000
0
2 279824
1 413583 1000000
1 491814 1000000
2 318650
2 291267
1 204116 1000000
0
0
1 140743 1000000
0
2 548910
1 660597 1000000
2 978434
2 326198
1 897713 1000000
0
2 67134
1 113300 1000000
0
1 621808 1000000
2 49072
1 507916 1000000
1 780942 1000000
0
2 152440
0
1 426309 1000000
0
0
1 763960 1000000
0
2 498705
1 707669 1000000
2 507388
2 728037
2 677622
0
0
1 805927 1000000
0
0
1 103147 1000000
0
1 3150 1000000
2 602779
2 374047
2 930417
0
0
1 676115 1000000
1 475476 1000000
0
1 960889 1000000
2 432235
2 547148
0
0
2 732674
1 984607 1000000
2 496901
1 767500 1000000
1 894521 1000000
1 164134 1000000
2 35923
1 691968 1000000
2 964192
2 178559
2 165139
0
1 418574 1000000
0
0
0
0
0
2 335640
2 586819
1 654156 1000000
0
1 459211 1000000
0
2 203893
0
2 409738
2 314264
2 188653
2 351064
2 412467
0
2 487809
1 472010 1000000
1 432975 1000000
2 199435
2 785129
1 840206 1000000
0
0
2 748914
2 979673
2 551980
1 3933 1000000
2 921074
2 842983
0
0
0
0
0
1 966004 1000000
1 380137 1000000
2 419401
0
1 339102 1000000
0
0
0
2 89357
0
1 669306 1000000
0
2 741194
0
0
1 449414 1000000
0
0
1 111627 1000000
0
1 549764 1000000
0
1 519121 1000000
0
2 392573
0
2 741056
2 424641
2 119446
1 10126 1000000
2 651674
2 544357
2 293057
0
0
0
0
0
2 645471
1 571251 1000000
0
2 36146
2 340643
1 82799 1000000
1 166926 1000000
0
2 796015
1 470825 1000000
1 558564 1000000
0
2 300143
0
2 570920
2 535577
1 885881 1000000
1 378484 1000000
0
2 646827
2 368912
0
1 155355 1000000
1 965294 1000000
0
2 482697
0
1 188753 1000000
0
1 66466 1000000
1 249180 1000000
1 620892 1000000
1 197770 1000000
2 770806
1 934459 1000000
2 296341
1 842215 1000000
1 987811 1000000
1 114762 1000000
0
0
1 797042 1000000
0
1 910968 1000000
0
0
1 301795 1000000
1 933152 1000000
1 673017 1000000
1 332516 1000000
2 366688
1 11974 1000000
1 788416 1000000
1 587858 1000000
2 382544
1 525318 1000000
1 954874 1000000
0
2 508143
2 220144
2 254319
1 330941 1000000
1 466683 1000000
2 370233
2 226461
1 189380 1000000
2 95682
1 835830 1000000
0
1 411076 1000000
0
2 270630
1 789775 1000000
0
2 391000
2 813503
0
0
1 966227 1000000
2 758428
2 2723
0
1 626789 1000000
1 145783 1000000
0
1 674441 1000000
1 87126 1000000
2 815368
1 474208 1000000
0
2 502348
0
0
2 281859
2 558302
0
0
0
1 535593 1000000
2 730708
1 203450 1000000
1 843368 1000000
0
0
0
1 522172 1000000
2 567161
2 344867
2 880205
1 859717 1000000
1 577357 1000000
2 817732
0
0
1 982721 1000000
2 509162
1 181294 1000000
1 127481 1000000
1 308043 1000000
1 289671 1000000
0
2 655647
0
2 531885
0
2 394961
2 209032
1 884081 1000000
0
1 414982 1000000
2 638294
2 220015
0
0
1 209236 1000000
1 16982 1000000
2 709989
2 729169
0
2 770750
0
1 838714 1000000
0
0
1 774492 1000000
1 617990 1000000
1 997289 1000000
0
2 924776
2 63988
0
0
2 615081
1 560876 1000000
1 88146 1000000
1 375600 1000000
0
1 235216 1000000
1 400280 1000000
1 745036 1000000
2 303025
0
1 472308 1000000
1 406340 1000000
1 918170 1000000
1 622429 1000000
1 473050 1000000
0
0
0
1 272340 1000000
0
0
2 850825
2 140899
1 402200 1000000
2 808253
1 937705 1000000
1 773780 1000000
1 875120 1000000
1 263752 1000000
1 116704 1000000
0
1 839825 1000000
2 39652
1 482788 1000000
1 691328 1000000
2 873117
1 272168 1000000
1 967421 1000000
0
1 832707 1000000
1 720169 1000000
2 870991
0
1 67693 1000000
2 687088
0
0
1 260069 1000000
2 961630
2 245808
1 541519 1000000
1 754122 1000000
2 524447
0
2 941041
1 633468 1000000
0
0
0
2 416253
1 716705 1000000
0
0
2 915099
0
2 953371
2 748941
0
1 783635 1000000
1 486538 1000000
2 921488
2 105138
2 504981
2 884916
0
0
0
0
0
0
1 812796 1000000
1 781632 1000000
2 875120
2 246740
1 909527 1000000
1 816425 1000000
2 53671
0
1 864910 1000000
2 335750
1 678305 1000000
0
0
2 314564
2 536994
0
1 420265 1000000
0
0
2 819321
0
0
0
1 296829 1000000
0
1 465523 1000000
2 622527
0
0
1 490483 1000000
1 900150 1000000
2 710243
2 682934
1 51294 1000000
1 736489 1000000
2 740565
1 841743 1000000
1 954782 1000000
1 643207 1000000
2 240706
1 147931 1000000
2 2263
1 27204 1000000
0
2 359413
0
1 364097 1000000
0
1 33755 1000000
0
0
2 24293
1 928762 1000000
1 467254 1000000
2 315960
0
2 559605
2 456666
1 825571 1000000
0
0
1 84417 1000000
0
0
0
2 311058
1 616687 1000000
1 740755 1000000
0
1 573134 1000000
2 940772
0
0
2 965550
2 821981
0
1 31591 1000000
0
2 111071
2 198507
0
2 315776
2 431327
1 17641 1000000
1 821341 1000000
0
1 641126 1000000
1 673347 1000000
2 989298
2 448208
2 714414
1 584155 1000000
1 990316 1000000
2 715049
1 678578 1000000
1 877983 1000000
2 731641
0
1 350142 1000000
0
0
1 547718 1000000
1 678892 1000000
1 314206 1000000
2 559297
1 966338 1000000
2 785322
0
0
0
2 683531
1 43885 1000000
1 10474 1000000
0
1 645086 1000000
0
2 166151
1 655788 1000000
2 705362
1 102902 1000000
2 110110
2 559232
2 367414
1 96193 1000000
1 595663 1000000
0
0
1 876982 1000000
2 300465
1 969275 1000000
0
0
2 87775
2 247828
2 873196
1 990795 1000000
0
0
2 685991
2 697757
1 290973 1000000
1 545928 1000000
0
0
0
0
2 997609
0
0
1 305634 1000000
1 388880 1000000
2 609384
2 397020
1 239147 1000000
0
2 846890
2 158854
0
2 618463
2 433718
0
2 322546
2 524225
1 288787 1000000
0
2 105001
1 673545 1000000
2 455517
1 105079 1000000
0
0
2 929942
0
0
2 711553
2 285827
0
2 873654
1 577225 1000000
0
0
2 86962
2 743171
2 94166
0
0
0
2 888868
2 365489
1 727724 1000000
2 918278
0
2 233457
0
0
2 60181
2 341360
2 169761
0
1 730797 1000000
1 222210 1000000
1 115910 1000000
0
2 307822
0
2 169485
1 93878 1000000
0
1 538477 1000000
0
2 703230
2 558245
0
1 473470 1000000
1 403967 1000000
0
2 707871
1 934165 1000000
2 344831
1 54633 1000000
0
1 794944 1000000
2 992351
0
2 396786
1 734749 1000000
0
0
0
2 50020
2 454397
1 797131 1000000
1 257680 1000000
0
1 180095 1000000
1 993379 1000000
1 443237 1000000
2 554073
1 931062 1000000
1 990618 1000000
1 38189 1000000
2 489533
0
1 259168 1000000
0
2 555891
2 286199
1 762987 1000000
2 58750
2 858100
2 476817
2 610294
1 496360 1000000
1 863042 1000000
1 42389 1000000
0
1 944121 1000000
1 831693 1000000
0
2 381931
1 497042 1000000
2 200512
1 937123 1000000
2 779591
1 308969 1000000
0
2 925104
0
0
2 13356
0
2 710908
2 367305
0
2 175774
1 665173 1000000
2 770712
0
0
2 386029
0
1 877013 1000000
1 787156 1000000
0
1 83168 1000000
0
2 517903
0
2 612904
0
2 752726
1 651566 1000000
1 297150 1000000
0
0
2 448214
2 235852
2 904508
0
2 356755
1 124356 1000000
2 826466
0
1 138543 1000000
0
2 298489
0
0
0
1 679486 1000000
0
2 904035
0
1 484586 1000000
2 457481
1 251268 1000000
1 517913 1000000
0
1 969509 1000000
2 69948
2 955886
1 395465 1000000
1 122639 1000000
2 299577
2 360923
2 753324
2 352879
1 473505 1000000
1 365207 1000000
2 183384
0
0
2 61415
1 541789 1000000
2 287212
1 868106 1000000
2 622740
2 7821
0
0
0
1 377426 1000000
1 706234 1000000
1 637258 1000000
1 735166 1000000
2 717526
2 452664
2 118726
2 116897
1 444865 1000000
0
2 471984
0
1 397834 1000000
0
0
2 441327
1 803618 1000000
1 543276 1000000
0
0
1 897554 1000000
2 582571
2 108808
1 226451 1000000
1 967860 1000000
1 100348 1000000
0
0
1 162542 1000000
0
0
0
0
0
2 152032
1 479743 1000000
2 663747
2 296960
2 95577
2 383816
2 959971
1 446609 1000000
2 976028
2 273786
0
2 846078
0
2 473381
1 390677 1000000
0
2 345186
2 103321
2 688149
1 951027 1000000
2 184567
1 901456 1000000
2 710679
2 407049
2 246769
2 518781
0
0
0
2 807133
0
2 259420
2 800164
1 358344 1000000
0
1 764821 1000000
2 844782
2 837411
0
0
1 262396 1000000
1 815408 1000000
1 209192 1000000
0
0
2 846774
2 366379
1 565872 1000000
0
2 959853
2 269911
2 352749
0
2 781052
0
1 164404 1000000
1 273383 1000000
1 869772 1000000
0
2 95149
1 401981 1000000
2 862272
0
0
2 669404
0
1 896841 1000000
0
0
1 548198 1000000
1 372541 1000000
2 208802
1 837257 1000000
2 40019
0
0
2 475970
2 415962
1 19282 1000000
1 530564 1000000
1 303046 1000000
2 514027
2 64785
1 120023 1000000
2 689251
2 932944
0
1 421947 1000000
2 489254
0
1 763704 1000000
2 219454
1 149018 1000000
1 837411 1000000
1 570140 1000000
0
1 987708 1000000
2 61156
1 607381 1000000
1 448913 1000000
1 805468 1000000
1 553893 1000000
2 339060
2 273723
2 431954
0
2 419906
0
1 811290 1000000
2 725196
0
1 389064 1000000
1 642440 1000000
1 320985 1000000
1 323610 1000000
1 543342 1000000
0
1 205063 1000000
1 708515 1000000
2 110036
1 36011 1000000
2 141750
0
0
0
1 690199 1000000
2 420024
1 650003 1000000
0
2 699540
1 258054 1000000
1 407442 1000000
1 664202 1000000
1 429836 1000000
0
1 516822 1000000
2 970709
2 269185
1 759469 1000000
1 774870 1000000
2 154931
1 96063 1000000
1 596634 1000000
0
1 864339 1000000
1 35453 1000000
2 125969
2 278241
0
0
0
2 55370
0
2 189304
1 192971 1000000
0
0
0
2 300153
1 275796 1000000
1 520150 1000000
1 236441 1000000
2 651285
1 346391 1000000
0
1 800804 1000000
2 70892
1 448945 1000000
1 698303 1000000
2 181614
0
0
2 907196
0
1 43540 1000000
0
2 132663
0
2 994500
2 397231
2 397062
0
2 310486
0
2 569328
0
1 794027 1000000
0
1 889491 1000000
2 29097
1 114848 1000000
1 382487 1000000
2 562347
0
2 72619
0
2 105492
2 847499
2 972407
1 982702 1000000
1 578869 1000000
1 38691 1000000
1 239490 1000000
1 337636 1000000
1 973795 1000000
1 623084 1000000
1 370923 1000000
0
0
2 529975
0
1 237150 1000000
2 777270
1 870912 1000000
0
2 380853
2 376845
2 741080
2 671422
0
2 184920
1 699300 1000000
2 261181
0
1 876279 1000000
0
2 817796
0
1 416046 1000000
2 264679
0
1 85959 1000000
2 367346
2 145755
1 358564 1000000
0
1 730693 1000000
0
0
2 27264
0
1 784937 1000000
1 738062 1000000
2 881479
1 282614 1000000
0
1 448727 1000000
2 293808
2 915744
1 65204 1000000
2 642613
0
2 759103
2 235354
1 790307 1000000
2 272610
1 90316 1000000
0
0
0
2 932786
0
0
1 875598 1000000
1 613081 1000000
1 22253 1000000
2 227206
0
0
1 226531 1000000
0
0
1 87429 1000000
0
1 585341 1000000
1 240955 1000000
1 251159 1000000
1 104704 1000000
1 7929 1000000
0
0
0
2 88103
1 263447 1000000
2 875164
1 293139 1000000
1 609453 1000000
1 285306 1000000
0
2 430298
2 943293
2 102578
2 821135
2 246669
2 891445
1 275970 1000000
2 59843
2 828266
2 824331
0
0
1 198970 1000000
1 765175 1000000
1 932741 1000000
2 966527
0
2 318026
0
1 993366 1000000
0
0
1 275882 1000000
1 171130 1000000
2 135173
2 731846
2 286540
1 390884 1000000
2 51270
1 451284 1000000
1 918232 1000000
0
0
0
2 438534
1 511171 1000000
0
1 273485 1000000
2 58560
0
1 992693 1000000
2 92016
0
2 385867
1 996995 1000000
2 271366
1 600193 1000000
1 54475 1000000
0
2 743990
1 75383 1000000
2 932591
1 793803 1000000
1 462794 1000000
1 888330 1000000
1 529968 1000000
1 840833 1000000
2 288138
2 634125
1 791091 1000000
2 486843
2 710329
0
2 166744
2 286963
1 23541 1000000
0
2 387456
1 799 1000000
1 619367 1000000
0
0
1 335738 1000000
0
1 352109 1000000
2 542421
1 549976 1000000
1 634864 1000000
2 238608
2 415533
2 391737
2 154861
0
2 273882
2 420269
0
2 676004
2 2061
0
0
0
0
2 48409
1 719920 1000000
1 247329 1000000
1 164278 1000000
0
2 317376
1 780508 1000000
1 784832 1000000
2 221885
2 476712
0
0
1 816547 1000000
0
0
1 610500 1000000
2 48382
2 130749
2 874920
2 545293
2 30885
0
1 797003 1000000
2 161599
2 393465
0
0
1 610804 1000000
2 252477
2 454655
0
2 154151
1 634569 1000000
1 592373 1000000
0
1 529240 1000000
2 648907
2 997717
2 432649
0
1 821438 1000000
0
2 91806
2 906033
1 171129 1000000
2 535801
1 880653 1000000
2 753766
0
2 832091
1 419234 1000000
1 431729 1000000
1 892230 1000000
0
2 343553
1 497012 1000000
1 603098 1000000
1 900647 1000000
1 338578 1000000
0
2 799900
2 251981
0
0
0
1 396833 1000000
1 169767 1000000
0
0
2 864344
1 809025 1000000
2 325926
0
0
0
0
0
2 831454
2 218311
0
1 828970 1000000
2 172064
2 901666
0
2 226112
1 361904 1000000
1 811256 1000000
2 403771
0
1 425695 1000000
0
1 5294 1000000
1 399927 1000000
0
0
1 75469 1000000
1 676007 1000000
2 800893
0
0
0
2 820953
1 150113 1000000
0
1 361937 1000000
0
2 732687
0
2 534443
2 116433
1 592496 1000000
0
1 274729 1000000
2 69324
2 390310
0
2 162175
2 10491
2 547874
0
0
1 591828 1000000
1 995662 1000000
2 254982
2 708695
2 742007
0
1 738118 1000000
2 541716
2 120324
1 333116 1000000
1 339180 1000000
1 172756 1000000
2 674801
2 646401
1 138376 1000000
1 240036 1000000
2 386772
0
1 279434 1000000
1 399535 1000000
2 80808
0
1 862265 1000000
2 799724
1 240549 1000000
0
2 706499
0
0
1 559089 1000000
0
0
2 879201
0
0
0
1 784702 1000000
2 301680
1 463192 1000000
2 841667
1 8781 1000000
0
1 951496 1000000
1 406233 1000000
1 960869 1000000
0
1 131579 1000000
1 184506 1000000
2 771022
2 60748
2 304692
2 672811
1 117990 1000000
1 461712 1000000
1 68972 1000000
0
2 9418
0
0
0
0
2 240186
1 568473 1000000
1 812361 1000000
2 719775
0
0
2 647661
1 530384 1000000
0
1 176186 1000000
0
0
1 863080 1000000
1 341877 1000000
1 827506 1000000
0
1 238289 1000000
1 541446 1000000
2 908356
0
2 59228
1 608929 1000000
0
2 842312
2 834928
1 43396 1000000
1 286852 1000000
0
1 364730 1000000
1 751089 1000000
1 589085 1000000
1 939611 1000000
0
0
2 164500
2 615830
0
2 227378
1 37344 1000000
0
2 729032
2 984628
1 207549 1000000
1 629523 1000000
1 739472 1000000
2 328762
1 284240 1000000
1 955507 1000000
1 186596 1000000
0
1 568816 1000000
1 942071 1000000
0
2 727795
0
0
1 127475 1000000
2 573102
2 966157
2 623259
0
0
1 273992 1000000
2 247227
0
2 643994
1 113523 1000000
2 9243
0
1 237377 1000000
2 39746
1 17069 1000000
1 265203 1000000
0
1 427502 1000000
0
2 92631
2 2476
2 457955
2 752844
0
1 770660 1000000
0
2 643819
0
2 163449
2 166837
0
2 513946
1 184545 1000000
2 127647
0
1 573811 1000000
1 238275 1000000
2 527664
2 809565
1 685682 1000000
2 980706
0
1 684683 1000000
2 838700
1 115987 1000000
2 239401
1 920575 1000000
0
1 503400 1000000
1 667008 1000000
1 24807 1000000
1 897357 1000000
2 750716
0
2 247367
0
2 648680
1 42772 1000000
2 973832
0
1 785555 1000000
1 783338 1000000
2 228913
0
2 282079
1 182631 1000000
1 22632 1000000
2 454436
1 714854 1000000
0
0
0
1 976832 1000000
0
0
0
0
2 832231
1 401516 1000000
2 687608
0
1 122545 1000000
1 655193 1000000
1 462003 1000000
0
0
1 642965 1000000
2 367855
2 182739
1 916000 1000000
2 586464
2 139405
2 232854
1 200804 1000000
1 474822 1000000
2 46783
0
2 785831
2 362914
1 153419 1000000
0
2 77420
0
1 826317 1000000
1 63594 1000000
0
1 83321 1000000
0
0
2 592013
1 930968 1000000
0
1 270352 1000000
1 681850 1000000
1 528708 1000000
1 74846 1000000
1 443341 1000000
2 876669
2 759113
2 336855
2 822029
2 1252
2 966146
1 960463 1000000
1 931647 1000000
2 136768
0
1 627723 1000000
2 952508
2 382509
0
2 896479
1 304444 1000000
1 600232 1000000
1 64529 1000000
2 321526
2 874526
0
1 646931 1000000
2 605787
2 236643
0
0
0
1 81517 1000000
2 463609
2 381295
2 177682
1 180308 1000000
0
2 653717
1 224442 1000000
1 992887 1000000
2 543037
0
1 541523 1000000
0
0
2 761863
0
0
2 608933
2 975125
1 578442 1000000
2 834656
0
2 841773
2 151874
0
0
2 1546
0
1 403732 1000000
1 381980 1000000
1 167520 1000000
2 727555
1 130205 1000000
1 732598 1000000
0
2 340324
1 111023 1000000
2 309656
1 809419 1000000
1 747235 1000000
1 789781 1000000
2 697825
1 313377 1000000
1 161387 1000000
2 9053
2 287182
1 458572 1000000
2 173030
1 121255 1000000
2 571510
0
0
0
2 175251
1 186044 1000000
0
1 208152 1000000
0
1 763963 1000000
0
1 756616 1000000
2 515718
0
0
0
2 663718
2 663766
0
1 583163 1000000
0
2 55504
1 700492 1000000
1 50968 1000000
0
2 627622
2 251279
1 962934 1000000
0
2 667904
1 749686 1000000
1 945565 1000000
2 812778
0
1 309597 1000000
2 258279
0
2 127381
0
2 986578
1 646286 1000000
2 393673
2 697665
1 642127 1000000
1 158184 1000000
0
2 489198
0
1 963705 1000000
0
1 664930 1000000
0
2 979506
2 828486
0
1 533866 1000000
2 203723
1 936669 1000000
1 287274 1000000
0
1 749379 1000000
0
1 815139 1000000
0
2 47905
0
0
0
2 799076
1 722033 1000000
2 398934
0
2 831823
1 947666 1000000
2 34335
2 770948
2 701566
2 168104
1 164712 1000000
1 797530 1000000
1 710828 1000000
0
2 383471
1 451658 1000000
1 75654 1000000
2 493378
0
1 924746 1000000
0
1 175509 1000000
0
0
2 823178
2 428090
2 824739
2 803200
1 792313 1000000
1 2445 1000000
2 508305
1 629717 1000000
0
2 542150
1 738440 1000000
1 482848 1000000
1 615099 1000000
2 674098
0
2 411208
2 810727
0
0
0
1 569900 1000000
2 865336
2 5111
1 939869 1000000
0
0
1 726764 1000000
0
1 335493 1000000
0
1 909226 1000000
0
0
0
1 292818 1000000
2 327336
1 51386 1000000
1 388754 1000000
2 84972
1 850366 1000000
0
1 701838 1000000
2 366532
0
0
1 81055 1000000
0
2 31922
0
0
0
2 635375
2 594327
0
0
0
2 558823
1 203843 1000000
0
0
2 121678
0
1 537473 1000000
2 751779
1 871927 1000000
0
1 987819 1000000
0
1 142606 1000000
0
1 590609 1000000
1 666441 1000000
0
2 579508
0
0
0
2 312782
0
1 134854 1000000
2 993085
2 560284
1 258767 1000000
2 993898
0
2 717456
0
1 44716 1000000
2 187715
2 259912
0
1 548412 1000000
2 298661
1 41464 1000000
0
1 49631 1000000
1 772530 1000000
1 463800 1000000
2 798850
0
2 836306
2 844796
1 301043 1000000
0
2 439812
2 503763
0
0
1 372677 1000000
1 139999 1000000
1 610149 1000000
2 334456
1 742323 1000000
2 745208
1 494433 1000000
2 751343
2 269083
2 544227
0
0
1 585068 1000000
0
1 341752 1000000
1 526778 1000000
2 65367
0
1 560721 1000000
1 672089 1000000
0
0
0
0
2 941973
0
1 765425 1000000
1 549116 1000000
2 281374
0
1 852079 1000000
0
1 941472 1000000
2 887861
0
1 787970 1000000
0
0
1 302030 1000000
0
2 296301
0
2 379947
0
0
2 651363
2 703568
0
0
2 817517
1 457809 1000000
0
2 467700
0
0
0
0
2 159431
1 181960 1000000
0
1 84685 1000000
1 990010 1000000
2 356093
0
1 947304 1000000
1 437675 1000000
1 570984 1000000
1 975915 1000000
0
1 20927 1000000
2 409591
1 193725 1000000
2 691395
0
0
2 786823
2 828062
1 693957 1000000
0
1 952269 1000000
1 616970 1000000
2 368964
2 840227
1 897406 1000000
0
1 255533 1000000
1 193250 1000000
0
0
0
1 453256 1000000
0
2 213867
0
2 780111
0
1 337871 1000000
0
2 230773
2 564504
1 236727 1000000
2 900353
2 839009
2 147436
1 247407 1000000
0
1 151666 1000000
0
2 902528
1 4966 1000000
0
0
0
2 138175
1 516796 1000000
0
0
1 814453 1000000
1 51679 1000000
1 461164 1000000
0
0
1 635002 1000000
0
0
2 702057
2 55413
2 629505
0
0
1 780247 1000000
2 129731
2 955852
2 376549
2 53363
2 347911
2 82026
2 798650
2 938753
2 470891
1 610458 1000000
1 948367 1000000
1 488670 1000000
0
2 929498
0
2 564185
2 823283
0
1 367122 1000000
0
0
0
0
2 926418
0
2 752009
1 961647 1000000
1 572394 1000000
2 78311
2 501712
2 873730
1 173038 1000000
1 723802 1000000
2 955342
2 830714
2 989771
2 248645
0
2 695536
2 848178
1 869128 1000000
2 650308
1 306098 1000000
2 836239
0
2 658927
0
1 903534 1000000
1 228336 1000000
2 741752
1 678038 1000000
1 548769 1000000
0
1 834059 1000000
0
2 561732
2 857552
2 436084
0
2 818876
1 824966 1000000
2 562762
2 606033
2 831397
0
1 816242 1000000
1 900540 1000000
2 908892
2 94894
0
0
2 595318
1 827710 1000000
0
1 704226 1000000
2 739752
1 365475 1000000
2 557336
0
1 593026 1000000
2 519281
2 916533
2 682569
2 451135
0
2 261601
0
0
1 480 1000000
1 833002 1000000
2 265026
2 246497
0
1 192780 1000000
1 236667 1000000
1 528508 1000000
2 408743
1 764781 1000000
1 44909 1000000
1 741715 1000000
1 755063 1000000
2 788846
0
0
1 478961 1000000
1 855013 1000000
0
0
0
0
2 637755
0
1 507747 1000000
2 771162
1 893918 1000000
2 169644
2 263571
0
1 656061 1000000
0
2 465512
2 726801
1 397529 1000000
1 826878 1000000
0
0
0
0
1 869853 1000000
0
1 651985 1000000
0
0
2 940492
1 646964 1000000
1 468746 1000000
1 790597 1000000
0
0
1 406680 1000000
1 957396 1000000
2 263012
1 170148 1000000
1 111653 1000000
2 627905
2 486991
2 254600
1 89319 1000000
1 268797 1000000
2 951085
2 30617
0
2 942467
2 601635
1 227328 1000000
0
1 351079 1000000
0
0
0
1 399014 1000000
2 198953
2 986625
2 917003
0
2 374164
2 70056
2 27646
1 861772 1000000
2 280113
2 435295
2 783927
1 981506 1000000
0
1 818029 1000000
2 52471
0
2 959898
2 502665
1 905248 1000000
1 48141 1000000
0
2 535679
2 645460
0
0
1 822857 1000000
1 421869 1000000
2 905792
2 83919
1 925096 1000000
0
0
1 117959 1000000
1 327271 1000000
1 419785 1000000
0
0
0
2 36810
0
1 132472 1000000
1 424280 1000000
0
2 676184
2 794868
2 913399
2 546660
1 552745 1000000
0
0
0
1 160308 1000000
2 717278
1 525892 1000000
0
1 709628 1000000
1 701001 1000000
1 769409 1000000
1 374738 1000000
1 451581 1000000
0
1 532865 1000000
0
0
0
1 260859 1000000
2 931783
0
1 62150 1000000
0
1 199239 1000000
0
0
1 199495 1000000
2 872420
1 674669 1000000
0
1 393955 1000000
0
2 83562
0
2 392583
0
1 936733 1000000
1 765818 1000000
2 923818
2 482545
2 945469
0
2 368672
0
0
2 451014
0
1 454495 1000000
1 330782 1000000
1 418116 1000000
0
0
2 298639
1 235579 1000000
2 87240
1 817389 1000000
0
1 242777 1000000
2 380513
2 600905
0
1 764408 1000000
0
0
2 193133
1 676455 1000000
2 155182
1 20620 1000000
1 50428 1000000
1 996837 1000000
0
2 594114
2 276494
0
0
2 440842
1 319385 1000000
2 707439
0
2 865927
2 792218
0
2 189228
1 576362 1000000
2 737552
2 208729
0
0
0
2 694032
1 714668 1000000
0
0
1 537794 1000000
2 593143
1 88957 1000000
1 72075 1000000
0
0
0
2 917909
1 653983 1000000
2 577587
0
0
2 460350
2 631116
0
1 953857 1000000
0
2 709951
2 491596
1 936569 1000000
1 13663 1000000
0
2 334348
2 384351
2 918185
0
2 706657
1 533330 1000000
0
2 907733
0
2 634856
0
1 559934 1000000
0
0
0
2 466061
0
2 518804
1 780691 1000000
1 999511 1000000
1 300832 1000000
1 141965 1000000
1 46896 1000000
1 635685 1000000
2 637418
0
2 999925
0
0
0
2 53182
0
2 372272
0
0
2 641159
2 89611
0
2 585687
2 435988
0
2 949658
1 623716 1000000
1 600577 1000000
2 20670
1 40532 1000000
1 238206 1000000
0
2 299530
0
2 135788
0
2 63665
1 103391 1000000
0
0
0
0
0
2 778396
1 329231 1000000
0
2 780423
1 839084 1000000
0
0
2 929831
2 340860
2 169158
0
2 46916
2 57879
1 365649 1000000
1 404419 1000000
0
1 241666 1000000
1 393093 1000000
1 23877 1000000
0
2 735122
0
2 996067
0
0
0
2 857252
2 34488
2 9072
0
0
0
0
0
1 414083 1000000
0
2 107560
1 969074 1000000
2 552274
0
2 594527
2 61408
0
0
2 346092
1 965538 1000000
0
1 24198 1000000
0
2 320122
0
1 279163 1000000
0
1 713796 1000000
2 184177
0
1 373975 1000000
0
2 302542
0
0
2 369291
0
1 688896 1000000
0
0
1 777503 1000000
2 663028
0
2 977805
0
1 148939 1000000
0
1 654418 1000000
2 183175
2 979431
2 927083
2 790386
0
1 723770 1000000
2 763126
0
2 710591
0
2 403497
0
0
1 870944 1000000
1 283139 1000000
0
1 594216 1000000
2 899030
0
2 48215
1 17784 1000000
2 295464
0
0
0
0
1 215497 1000000
0
2 106204
1 541799 1000000
0
1 119684 1000000
1 911269 1000000
1 234381 1000000
1 508032 1000000
2 410958
1 118159 1000000
2 461614
2 314476
2 133201
2 2719
2 136470
0
2 580168
0
1 201736 1000000
2 658796
1 500410 1000000
0
1 18754 1000000
2 563029
2 442643
0
1 709075 1000000
0
0
1 965221 1000000
1 41342 1000000
0
2 810820
0
1 823228 1000000
1 418435 1000000
0
1 988991 1000000
0
0
0
2 536161
1 310475 1000000
2 562953
0
1 132693 1000000
2 258702
2 100686
2 443728
0
1 850874 1000000
1 231301 1000000
0
0
1 920990 1000000
2 11356
0
1 894471 1000000
1 178005 1000000
0
2 557030
1 953648 1000000
0
1 644687 1000000
1 206448 1000000
2 718133
1 976340 1000000
2 521949
1 65721 1000000
1 56807 1000000
0
1 505436 1000000
2 954910
2 282912
0
2 443722
1 891424 1000000
2 281384
2 256395
0
2 822812
1 877255 1000000
0
1 434330 1000000
1 824424 1000000
1 503743 1000000
1 522085 1000000
2 783662
1 758806 1000000
2 745446
2 528484
1 269614 1000000
2 342191
2 655312
2 462113
0
1 211854 1000000
0
2 685579
1 156551 1000000
2 122273
2 986746
0
1 360458 1000000
1 760603 1000000
0
1 569262 1000000
0
1 26055 1000000
0
2 416283
1 842183 1000000
0
0
2 657715
0
0
1 41149 1000000
1 193955 1000000
0
1 392985 1000000
2 939169
0
2 185407
1 261529 1000000
0
2 643118
1 422201 1000000
2 805289
1 189395 1000000
1 674338 1000000
1 818770 1000000
0
2 375317
1 444546 1000000
2 513585
0
2 356530
2 933018
1 728976 1000000
2 687949
0
0
1 961173 1000000
1 589775 1000000
0
1 392071 1000000
1 405760 1000000
0
0
0
0
0
0
0
2 553886
1 869991 1000000
2 414787
0
1 343345 1000000
0
0
1 969418 1000000
0
0
0
1 465798 1000000
2 384422
1 558524 1000000
0
0
0
2 176856
0
0
2 639701
0
2 559960
1 136225 1000000
1 734339 1000000
1 892976 1000000
0
0
2 870126
2 404973
2 326937
2 880501
1 253807 1000000
1 433616 1000000
1 890603 1000000
2 813771
0
1 383483 1000000
2 984592
1 884938 1000000
2 585739
2 786138
2 175401
1 755392 1000000
1 391066 1000000
1 266417 1000000
2 136077
1 760170 1000000
1 283115 1000000
0
1 419231 1000000
2 939676
1 74489 1000000
0
1 449028 1000000
2 983014
0
0
1 907263 1000000
1 805238 1000000
1 627599 1000000
2 433472
2 353340
0
1 911705 1000000
2 786042
0
2 30956
1 427184 1000000
1 432859 1000000
1 218207 1000000
0
0
2 762759
1 890801 1000000
2 489095
1 633262 1000000
2 334964
1 200087 1000000
0
2 375247
0
0
1 241364 1000000
0
1 989440 1000000
1 29279 1000000
0
2 263228
1 187232 1000000
0
2 186298
0
0
0
0
0
1 223613 1000000
0
2 624503
0
0
2 698986
2 460424
2 222884
1 84955 1000000
1 124429 1000000
0
1 62704 1000000
2 85734
2 293841
2 357337
1 691531 1000000
1 881689 1000000
1 802795 1000000
0
0
1 967560 1000000
0
0
0
1 238321 1000000
0
0
1 192866 1000000
1 286216 1000000
2 911638
1 843713 1000000
1 932864 1000000
2 47969
1 363775 1000000
0
0
1 10016 1000000
1 595895 1000000
1 952824 1000000
0
0
2 892103
0
1 429235 1000000
0
2 483567
2 120797
2 739218
0
0
1 796007 1000000
2 178538
2 797748
1 414649 1000000
2 955404
2 395717
0
0
0
0
2 505656
2 99861
0
0
1 552106 1000000
1 732436 1000000
0
2 448346
0
2 457201
1 755284 1000000
2 978679
1 152907 1000000
2 506274
1 583117 1000000
1 624979 1000000
2 131529
0
1 369324 1000000
2 798374
2 543499
2 786327
0
1 591663 1000000
1 273522 1000000
2 500966
2 877548
0
2 707237
0
0
2 546256
1 873792 1000000
2 798375
1 587400 1000000
1 675441 1000000
0
0
1 292778 1000000
1 703289 1000000
1 169861 1000000
1 997764 1000000
0
2 927610
0
0
0
0
0
1 786596 1000000
2 141218
1 444003 1000000
0
2 318238
2 177378
1 360402 1000000
0
1 507611 1000000
0
0
1 972180 1000000
0
1 338131 1000000
0
2 892405
0
0
0
2 6434
1 818384 1000000
2 221482
2 282448
2 358324
1 166819 1000000
0
2 851322
1 624743 1000000
2 928599
0
0
1 275070 1000000
2 162786
0
2 455774
2 270093
2 329478
1 16566 1000000
2 763901
0
1 555982 1000000
1 215374 1000000
0
1 491271 1000000
1 752222 1000000
1 216633 1000000
0
2 284382
2 170392
0
2 537931
1 559460 1000000
1 667749 1000000
2 538681
2 521688
1 816448 1000000
2 404878
2 253778
0
2 316291
2 472813
1 3325 1000000
2 68415
1 364840 1000000
2 360383
0
1 247961 1000000
1 85092 1000000
1 340861 1000000
1 197285 1000000
2 333591
2 377181
0
2 702341
1 90364 1000000
0
1 399919 1000000
0
1 55453 1000000
2 418634
2 443409
1 216132 1000000
2 132793
1 439959 1000000
2 660355
0
1 866765 1000000
0
1 514940 1000000
0
1 542556 1000000
2 489886
2 382807
2 698058
2 535962
0
0
2 183614
1 737637 1000000
0
2 384354
0
1 124989 1000000
1 377409 1000000
2 470518
2 363687
0
0
1 573972 1000000
2 656043
1 872068 1000000
2 9584
1 645400 1000000
2 968806
0
2 885743
2 673156
0
1 358721 1000000
0
1 482114 1000000
2 66272
0
0
1 92746 1000000
1 460923 1000000
0
0
2 409178
2 65907
2 512448
1 637608 1000000
2 826543
1 137624 1000000
0
1 770539 1000000
2 525915
1 364473 1000000
1 469077 1000000
2 487300
0
2 731685
2 998328
2 258799
1 635105 1000000
1 992235 1000000
2 934276
2 324944
1 358192 1000000
0
0
2 520644
1 473195 1000000
2 282445
1 538495 1000000
1 64156 1000000
2 477364
2 144558
2 982441
1 883692 1000000
2 590615
2 699635
1 101471 1000000
0
2 735066
1 422855 1000000
0
0
0
1 168865 1000000
1 481985 1000000
0
0
2 458741
1 149475 1000000
2 182464
2 951762
1 281597 1000000
0
1 87767 1000000
1 907623 1000000
1 324781 1000000
2 19259
2 56265
1 480004 1000000
2 767400
0
1 71047 1000000
0
0
2 409248
0
2 618436
0
1 60959 1000000
0
1 672820 1000000
1 827671 1000000
2 898441
0
1 522195 1000000
0
0
2 378966
1 749630 1000000
2 714436
0
1 713074 1000000
2 396556
2 549417
1 411395 1000000
1 997023 1000000
1 120170 1000000
2 845536
0
2 138645
1 233770 1000000
1 582839 1000000
1 497402 1000000
1 653432 1000000
2 161909
1 447367 1000000
2 642715
2 202314
0
1 395578 1000000
2 227058
2 499779
0
0
2 955514
1 898759 1000000
2 388680
1 957771 1000000
1 907573 1000000
1 527129 1000000
1 861599 1000000
1 421285 1000000
2 484467
2 384484
1 647513 1000000
1 284794 1000000
1 128402 1000000
2 577696
0
1 756768 1000000
2 286207
0
0
0
2 514606
1 7716 1000000
1 546534 1000000
2 776911
0
0
2 583286
0
2 613021
1 693067 1000000
1 787214 1000000
0
1 353888 1000000
2 856724
0
1 703772 1000000
1 895587 1000000
1 397566 1000000
1 866508 1000000
2 417234
2 653218
1 93521 1000000
0
1 559109 1000000
2 54835
2 995460
0
2 313141
0
1 490382 1000000
1 416434 1000000
1 598894 1000000
0
1 931251 1000000
1 600332 1000000
2 276593
2 886043
1 613574 1000000
2 148682
0
1 78865 1000000
2 418243
1 724323 1000000
0
2 517442
2 223026
2 872891
0
1 208059 1000000
2 151532
2 799771
1 250473 1000000
0
0
2 506412
0
0
0
2 731452
1 116347 1000000
1 785461 1000000
1 465825 1000000
2 443664
2 554807
1 463473 1000000
1 862246 1000000
0
1 615986 1000000
2 649778
0
0
1 588113 1000000
0
2 818848
1 510226 1000000
2 632546
0
2 971674
0
0
0
1 473208 1000000
0
1 934830 1000000
2 735648
1 894157 1000000
2 30192
0
1 256446 1000000
0
0
0
1 462011 1000000
0
1 153992 1000000
0
0
2 826311
0
1 868172 1000000
0
1 741298 1000000
1 392729 1000000
1 32395 1000000
2 908051
2 325339
1 198428 1000000
2 627439
2 21908
2 559802
1 396727 1000000
0
2 694895
0
0
1 246757 1000000
1 767877 1000000
2 131346
0
1 296426 1000000
0
2 882551
0
2 335826
1 298136 1000000
2 596961
2 703925
0
1 777222 1000000
0
0
1 816474 1000000
0
1 455614 1000000
2 859755
1 41206 1000000
1 999215 1000000
2 7233
0
2 287309
1 909438 1000000
0
0
1 692611 1000000
1 696671 1000000
0
2 888610
1 252279 1000000
2 435101
0
1 94961 1000000
0
2 216467
0
2 758794
2 231070
0
0
1 82707 1000000
0
0
0
1 416931 1000000
2 353705
0
0
0
1 940574 1000000
0
1 292180 1000000
1 209078 1000000
2 49435
2 14834
0
2 433492
1 699401 1000000
2 352592
0
2 341414
1 622448 1000000
2 982243
1 220922 1000000
0
0
2 562829
0
0
0
0
0
2 821094
1 777363 1000000
0
0
0
0
2 321026
2 65575
0
0
0
2 668451
2 324329
2 514149
2 306381
0
0
2 775101
1 923953 1000000
1 479355 1000000
0
2 360676
0
0
2 421342
2 402957
2 558154
2 276175
2 406380
1 607962 1000000
1 678112 1000000
0
0
2 532662
1 87296 1000000
1 119182 1000000
2 522873
1 27355 1000000
1 893105 1000000
2 321246
1 476463 1000000
2 503917
1 568141 1000000
1 720695 1000000
1 900036 1000000
0
2 60251
0
0
0
1 266649 1000000
1 935203 1000000
2 558439
2 612054
2 739688
1 984661 1000000
2 2793
1 872829 1000000
1 562699 1000000
0
1 266052 1000000
0
0
2 726910
2 138688
0
1 616591 1000000
1 300667 1000000
0
1 954893 1000000
2 184598
1 782425 1000000
0
0
2 529456
0
2 951600
2 644731
1 543228 1000000
2 150946
0
2 566672
2 697988
0
1 426424 1000000
1 788047 1000000
2 840650
2 837877
0
2 828799
1 693100 1000000
0
2 781922
0
0
2 810790
2 838858
1 675521 1000000
2 572278
1 909298 1000000
1 709949 1000000
1 756454 1000000
1 273236 1000000
1 870649 1000000
0
2 467685
1 594245 1000000
0
2 794319
2 699631
0
0
0
1 449742 1000000
1 787001 1000000
2 280132
1 762035 1000000
2 864281
0
0
1 268679 1000000
0
0
0
1 544141 1000000
0
0
0
0
0
1 334607 1000000
1 897540 1000000
0
1 955571 1000000
0
2 356183
2 552512
0
2 730436
1 510996 1000000
2 373830
0
1 507518 1000000
1 714518 1000000
2 386038
1 97194 1000000
0
2 33063
1 720224 1000000
2 877160
2 163871
1 80994 1000000
0
0
1 763667 1000000
1 501511 1000000
1 105917 1000000
0
0
0
2 822328
0
2 453892
2 883988
0
1 979781 1000000
0
1 982422 1000000
0
1 973047 1000000
0
0
2 639457
2 822629
2 453445
1 117872 1000000
1 96509 1000000
2 808204
0
1 843365 1000000
2 761909
2 452070
1 623446 1000000
2 956521
2 3526
0
1 121355 1000000
0
0
2 374628
1 403848 1000000
1 530296 1000000
1 739925 1000000
1 518158 1000000
0
1 374455 1000000
1 413004 1000000
2 495348
2 705852
2 34420
0
0
1 439794 1000000
0
1 745131 1000000
0
2 152417
1 31369 1000000
0
0
0
1 821239 1000000
1 948710 1000000
2 902130
2 330904
1 548509 1000000
2 974840
0
1 172686 1000000
2 905032
2 993441
0
0
1 987129 1000000
1 660798 1000000
1 396616 1000000
2 843744
1 542171 1000000
0
0
0
1 251109 1000000
2 436489
0
0
1 878891 1000000
0
2 942786
0
2 346618
0
1 739048 1000000
0
0
2 682191
1 596480 1000000
0
0
0
0
2 868403
2 316449
0
0
0
2 688653
0
2 223413
1 358542 1000000
2 890087
0
1 752094 1000000
1 98964 1000000
1 28883 1000000
1 543606 1000000
2 122062
1 605480 1000000
2 115830
0
1 854233 1000000
0
