1419
0
0
1 912337 1000000
0
1 579610 1000000
0
2 367454
0
0
0
0
0
1 864003 1000000
0
0
0
1 977980 1000000
2 851999
2 424701
1 441772 1000000
2 738380
2 571421
2 650987
2 80383
0
2 12447
0
1 722601 1000000
1 556731 1000000
0
2 143559
0
2 856462
2 322657
0
1 466264 1000000
0
1 804074 1000000
1 744188 1000000
2 557207
0
0
2 604100
0
0
0
1 21212 1000000
1 463218 1000000
2 513877
1 856023 1000000
0
2 831784
2 626617
2 146121
2 83671
0
1 729415 1000000
2 107684
1 811171 1000000
1 801727 1000000
1 942292 1000000
0
2 602525
0
2 93365
2 73995
2 387181
2 478991
2 385514
0
2 38776
1 89867 1000000
1 233939 1000000
0
1 617879 1000000
0
1 804036 1000000
2 5141
0
2 408500
2 240063
1 151642 1000000
2 983248
0
2 236931
1 718779 1000000
1 717826 1000000
1 178091 1000000
1 456260 1000000
2 603706
0
1 269796 1000000
1 80292 1000000
0
1 559068 1000000
2 461364
2 558388
2 730290
2 498248
2 636508
2 442041
2 131999
2 50384
1 132142 1000000
2 20692
2 94404
2 5518
2 27409
2 11606
0
2 5255
1 695977 1000000
2 265663
2 92278
0
2 29624
0
2 230200
1 223443 1000000
1 399648 1000000
0
2 663706
2 33303
2 1900
0
2 1735
2 581
2 514
0
0
0
2 197
0
0
0
1 586077 1000000
2 77114
2 25269
1 376690 1000000
2 232955
1 418679 1000000
2 559097
1 27479 1000000
2 262663
2 4966
2 103066
2 32080
2 16864
2 40821
1 369286 1000000
0
1 773803 1000000
0
0
2 635012
0
0
0
1 929671 1000000
2 613315
2 650720
1 301081 1000000
2 178051
1 549135 1000000
0
1 422900 1000000
1 695568 1000000
1 320536 1000000
1 676901 1000000
1 232477 1000000
0
0
0
2 401201
2 83072
1 365481 1000000
0
0
0
0
1 807497 1000000
1 274885 1000000
1 903814 1000000
1 865844 1000000
2 767312
0
2 45490
1 900685 1000000
1 876036 1000000
0
1 688293 1000000
2 558669
1 825658 1000000
0
1 188677 1000000
0
1 798528 1000000
0
1 106826 1000000
2 220879
0
0
0
2 856127
0
1 756167 1000000
1 821217 1000000
2 667121
0
0
1 354858 1000000
0
2 658576
2 859597
1 108412 1000000
2 441009
0
0
2 376013
1 34455 1000000
1 90225 1000000
0
0
1 598131 1000000
2 238455
2 252172
2 67882
1 172151 1000000
0
2 899310
1 56769 1000000
0
1 271683 1000000
1 163133 1000000
0
0
1 38870 1000000
1 823331 1000000
0
1 725805 1000000
1 448011 1000000
0
1 654345 1000000
0
0
2 167523
2 414886
2 507656
2 291233
0
2 29400
2 180354
2 378832
1 345057 1000000
2 192384
0
1 206183 1000000
2 355260
2 978133
1 937693 1000000
2 864524
2 895458
0
2 154891
1 930301 1000000
0
1 859935 1000000
1 86950 1000000
0
1 377698 1000000
1 905435 1000000
1 703200 1000000
0
2 614244
0
1 241896 1000000
0
1 890905 1000000
1 113711 1000000
2 418499
1 927470 1000000
1 660009 1000000
0
1 822253 1000000
2 729343
1 55366 1000000
1 937061 1000000
0
2 113699
1 98885 1000000
2 41183
0
1 573635 1000000
1 842362 1000000
1 462453 1000000
0
2 686188
1 621631 1000000
1 810558 1000000
0
0
1 275190 1000000
2 258860
1 28144 1000000
1 999830 1000000
0
2 653221
2 874507
0
2 752799
0
0
0
2 203588
2 709922
2 594382
1 262194 1000000
1 863189 1000000
0
1 39086 1000000
0
1 16135 1000000
1 404818 1000000
0
0
2 854381
0
1 908227 1000000
1 193856 1000000
0
1 517392 1000000
2 759267
2 260395
0
0
0
2 353768
0
1 819662 1000000
2 776275
1 457136 1000000
0
2 433767
1 801810 1000000
1 985346 1000000
1 115579 1000000
0
1 104999 1000000
0
1 863622 1000000
0
2 286097
1 487847 1000000
0
0
2 139992
1 832045 1000000
0
2 225613
2 37855
0
1 993734 1000000
1 364815 1000000
1 904176 1000000
2 200305
1 741579 1000000
0
1 734164 1000000
0
0
0
0
1 741060 1000000
1 643892 1000000
1 977539 1000000
2 645008
2 253748
1 247046 1000000
1 891166 1000000
1 250554 1000000
2 154891
0
2 957821
0
0
2 419310
1 436038 1000000
2 67009
1 38329 1000000
2 829808
0
2 617088
1 577259 1000000
1 731067 1000000
0
2 715180
1 269032 1000000
1 25994 1000000
2 862186
1 201733 1000000
0
1 939725 1000000
0
2 74158
0
2 903469
0
1 386722 1000000
1 135760 1000000
0
1 432923 1000000
2 451114
2 355511
2 801626
0
2 777922
0
0
1 192085 1000000
1 245610 1000000
0
1 313928 1000000
1 65153 1000000
0
1 876571 1000000
2 277548
1 41303 1000000
2 544127
0
2 822156
0
0
1 411055 1000000
0
0
0
1 133938 1000000
2 640072
0
0
1 395733 1000000
2 455166
0
2 431798
2 100526
2 730464
0
0
0
1 957448 1000000
0
0
0
0
2 75377
2 981987
1 401710 1000000
2 563271
0
2 36884
2 749420
0
1 299955 1000000
2 974576
2 651338
2 96920
0
1 262819 1000000
1 555754 1000000
1 709036 1000000
1 417371 1000000
0
2 719247
1 195727 1000000
2 533777
1 925465 1000000
0
1 293243 1000000
0
1 290725 1000000
2 92457
1 309190 1000000
0
1 896620 1000000
1 292298 1000000
1 753824 1000000
1 81912 1000000
2 654334
1 388380 1000000
2 393927
1 721177 1000000
1 639487 1000000
2 822109
0
2 687974
2 126231
1 384135 1000000
1 102816 1000000
1 29996 1000000
1 555418 1000000
0
0
2 625059
1 211744 1000000
0
1 34376 1000000
0
0
1 249341 1000000
0
1 832321 1000000
1 984969 1000000
1 394466 1000000
0
0
0
2 400231
1 257199 1000000
1 554980 1000000
1 185182 1000000
0
2 543063
2 208524
2 635243
1 771153 1000000
0
2 376830
0
2 55996
1 815103 1000000
2 697962
0
2 696462
1 904743 1000000
0
0
1 238355 1000000
2 74357
0
2 506361
1 101907 1000000
0
0
2 638142
2 41741
0
1 567646 1000000
0
2 38123
0
1 945505 1000000
2 274727
2 21651
2 695017
0
0
1 167238 1000000
0
0
1 382330 1000000
0
0
1 622703 1000000
2 720602
0
0
0
0
2 337024
1 18001 1000000
2 957235
1 939419 1000000
0
0
2 653251
0
1 650803 1000000
2 63674
2 937528
0
1 483102 1000000
1 503683 1000000
0
1 266436 1000000
1 684914 1000000
1 823717 1000000
0
1 399128 1000000
0
2 572469
1 688570 1000000
1 587364 1000000
0
1 808252 1000000
1 257568 1000000
2 991265
1 814142 1000000
1 316037 1000000
1 875362 1000000
2 467370
1 180233 1000000
0
2 863915
0
0
1 817859 1000000
2 309645
1 26287 1000000
1 90703 1000000
1 26630 1000000
2 375981
1 860055 1000000
0
0
2 50680
0
0
0
1 507749 1000000
2 909476
0
1 458868 1000000
1 157498 1000000
2 631478
2 613807
0
1 572826 1000000
0
1 251246 1000000
0
0
1 816247 1000000
1 43332 1000000
0
2 570995
0
2 21148
1 516078 1000000
2 439660
1 128474 1000000
0
2 434469
0
0
1 140988 1000000
1 55703 1000000
2 427370
0
1 314167 1000000
2 979447
1 251307 1000000
0
1 173192 1000000
1 188501 1000000
2 189900
1 15766 1000000
1 681035 1000000
1 534348 1000000
1 929991 1000000
2 724083
2 548074
0
2 23023
1 973263 1000000
2 447606
2 819241
2 792288
0
0
2 382936
0
1 568867 1000000
2 688618
1 412466 1000000
2 79505
1 47023 1000000
0
1 654588 1000000
0
0
2 548083
2 761435
2 499394
2 950563
1 676987 1000000
1 526847 1000000
2 569135
1 715334 1000000
0
2 983665
2 364126
0
2 862643
1 157555 1000000
2 338425
0
2 898776
0
0
2 208319
0
2 363849
1 104287 1000000
0
2 150625
1 674166 1000000
1 865076 1000000
1 332533 1000000
1 816713 1000000
2 272802
1 854202 1000000
0
0
2 12537
0
1 253569 1000000
2 604122
2 674838
1 520592 1000000
1 719149 1000000
1 407421 1000000
1 836354 1000000
2 406349
1 674135 1000000
2 475144
0
2 463931
2 798247
0
2 603091
2 29571
0
1 926025 1000000
2 196266
1 133998 1000000
2 717770
1 651554 1000000
2 160774
1 639429 1000000
0
0
0
2 72773
0
1 496045 1000000
0
1 891274 1000000
0
1 949012 1000000
2 652245
2 31824
0
2 977982
2 144197
0
1 599775 1000000
2 805131
2 152669
2 351442
1 265679 1000000
1 307875 1000000
1 515829 1000000
2 485542
1 828504 1000000
2 868301
1 589092 1000000
0
1 223448 1000000
0
0
0
0
2 969176
2 577377
2 405106
1 392718 1000000
2 436040
1 141961 1000000
0
2 972787
2 620848
0
1 109691 1000000
1 486543 1000000
2 94945
1 597355 1000000
1 645350 1000000
1 100764 1000000
0
1 829991 1000000
1 745062 1000000
0
0
1 828503 1000000
2 163714
0
1 650264 1000000
2 188023
0
1 630121 1000000
1 721261 1000000
2 451063
1 800131 1000000
2 95459
1 977456 1000000
0
1 462011 1000000
0
0
2 965053
0
2 987642
2 583176
2 914491
0
0
1 134778 1000000
1 432029 1000000
0
1 262421 1000000
0
2 823495
0
1 285747 1000000
1 339817 1000000
2 417420
2 90314
0
1 600159 1000000
1 471043 1000000
2 155388
1 708894 1000000
0
0
1 421619 1000000
2 103608
2 591840
0
1 337339 1000000
0
2 931569
0
0
2 572341
2 75219
2 490227
2 839750
2 442909
2 151004
1 912169 1000000
2 729550
0
2 421159
1 231170 1000000
2 460778
1 433247 1000000
1 932717 1000000
1 941383 1000000
1 769220 1000000
1 941453 1000000
1 950228 1000000
2 65544
0
0
1 51418 1000000
2 38660
2 96600
1 980363 1000000
1 227002 1000000
2 988693
2 254581
0
0
0
1 788823 1000000
2 784267
2 47859
2 365237
2 541565
0
0
0
0
0
2 198696
1 401173 1000000
2 133565
2 443454
0
0
1 201159 1000000
1 89454 1000000
0
2 401383
2 782850
2 887764
1 44323 1000000
0
2 941829
2 438041
1 721604 1000000
2 709873
0
2 557278
2 635767
2 69671
1 167626 1000000
0
2 908605
0
1 491298 1000000
2 519587
1 252465 1000000
0
0
1 845300 1000000
2 13737
1 679423 1000000
1 278531 1000000
0
1 247088 1000000
0
1 426398 1000000
2 292833
0
1 644103 1000000
2 335623
2 135628
1 416748 1000000
2 519290
2 950026
0
1 60737 1000000
1 854495 1000000
2 296772
1 370585 1000000
2 763121
2 968895
0
2 385325
0
2 305085
1 947054 1000000
1 445294 1000000
0
1 519106 1000000
1 478732 1000000
2 570918
1 516925 1000000
0
2 523523
1 705133 1000000
2 769310
2 267848
0
2 894964
1 919392 1000000
2 232982
1 672261 1000000
2 313086
1 469467 1000000
2 982034
0
0
1 172919 1000000
1 303906 1000000
1 457149 1000000
0
2 780454
2 175032
1 418789 1000000
2 204068
2 674154
1 56856 1000000
1 295548 1000000
2 929374
1 717051 1000000
0
2 542649
0
1 502387 1000000
1 22963 1000000
2 750203
0
1 815420 1000000
1 318198 1000000
2 502961
2 159944
2 138854
2 476167
2 795730
2 355077
2 194219
2 946445
1 703949 1000000
0
1 717742 1000000
2 406191
0
1 341002 1000000
2 159729
0
2 396470
0
1 682663 1000000
0
1 355690 1000000
1 303 1000000
1 425412 1000000
2 507558
2 777524
0
0
1 683005 1000000
1 619662 1000000
1 673817 1000000
1 623166 1000000
0
1 142305 1000000
2 150187
0
2 167166
0
0
0
2 937684
1 731493 1000000
0
0
0
1 433401 1000000
0
0
1 107431 1000000
0
1 411108 1000000
0
1 101945 1000000
1 126020 1000000
1 629401 1000000
2 276851
1 353569 1000000
2 955426
1 629565 1000000
1 414017 1000000
1 474232 1000000
0
1 413081 1000000
1 672073 1000000
2 300729
1 441695 1000000
2 223507
1 294360 1000000
0
1 44437 1000000
2 720976
0
0
1 661327 1000000
1 132983 1000000
2 834134
0
0
2 621479
1 898060 1000000
2 380899
2 538900
2 266409
2 874338
0
0
0
2 580119
1 41656 1000000
2 512112
1 505878 1000000
1 863478 1000000
1 932617 1000000
0
0
0
2 286319
1 615569 1000000
1 964687 1000000
0
1 653018 1000000
0
1 713767 1000000
2 16778
1 848565 1000000
2 626446
1 260561 1000000
0
1 288288 1000000
2 382655
0
2 551322
1 304728 1000000
1 48325 1000000
1 647326 1000000
0
1 170821 1000000
2 777822
2 822720
0
2 170164
1 788551 1000000
0
0
1 266317 1000000
0
0
0
0
2 520462
1 66099 1000000
1 542061 1000000
0
1 884627 1000000
0
2 955419
2 254867
2 623036
1 839459 1000000
0
0
1 425494 1000000
0
1 814117 1000000
0
1 203928 1000000
1 727661 1000000
2 837
2 858824
0
2 432349
2 602700
2 717631
0
0
1 667295 1000000
0
0
1 140120 1000000
1 448357 1000000
2 99080
0
2 928261
1 459989 1000000
1 803593 1000000
1 850092 1000000
0
1 541448 1000000
0
1 484420 1000000
2 391559
2 313982
1 474319 1000000
1 350780 1000000
2 822353
1 591550 1000000
1 627193 1000000
0
1 972196 1000000
2 929543
0
1 717279 1000000
0
1 999503 1000000
1 59187 1000000
2 924892
0
1 91646 1000000
2 447024
2 355887
0
0
1 727182 1000000
1 394861 1000000
0
2 358509
2 318741
0
1 644575 1000000
1 423587 1000000
0
0
2 353551
2 910055
0
1 160179 1000000
2 81657
0
0
0
0
2 413727
1 327232 1000000
1 800532 1000000
2 414254
2 765729
1 857995 1000000
1 795669 1000000
0
2 919202
0
2 680456
2 660264
2 982062
2 142800
1 207516 1000000
2 970590
1 57928 1000000
0
0
0
0
2 304354
0
1 371198 1000000
2 836098
0
0
1 97304 1000000
2 741172
0
2 514839
0
2 181957
1 320421 1000000
1 476688 1000000
0
1 184581 1000000
1 442984 1000000
2 464400
0
2 996905
2 504937
1 19836 1000000
1 437531 1000000
1 611359 1000000
2 479265
0
1 434989 1000000
0
1 524357 1000000
1 106364 1000000
0
2 151423
0
0
1 248768 1000000
2 368071
2 751474
2 709938
0
2 533205
2 353252
0
0
1 296790 1000000
2 956705
2 819485
1 950315 1000000
2 506907
1 121780 1000000
0
1 886293 1000000
2 842336
2 920812
2 89104
2 65020
1 488838 1000000
1 533090 1000000
1 701269 1000000
1 773980 1000000
0
1 102843 1000000
2 588083
1 674144 1000000
1 308214 1000000
2 991006
1 810595 1000000
2 738882
2 322875
1 210928 1000000
1 742405 1000000
1 988902 1000000
0
1 193027 1000000
0
0
1 525306 1000000
1 173980 1000000
2 144034
0
1 840859 1000000
0
2 524509
1 694192 1000000
2 679767
1 402412 1000000
0
1 824120 1000000
2 597509
1 350535 1000000
2 364054
2 385274
1 198181 1000000
1 907044 1000000
2 476595
2 945695
2 89341
1 762612 1000000
0
1 351315 1000000
0
2 823686
1 466634 1000000
2 57267
1 241173 1000000
1 357356 1000000
1 568434 1000000
0
0
2 97873
2 777114
2 858580
1 367735 1000000
2 502182
0
0
1 335377 1000000
0
0
0
2 279383
1 94420 1000000
2 691664
2 973963
0
0
0
2 532638
0
2 578866
2 765466
2 864
2 973442
1 944742 1000000
1 291031 1000000
0
0
0
1 59725 1000000
1 349688 1000000
0
0
1 456913 1000000
1 599128 1000000
2 76938
1 129782 1000000
1 479446 1000000
2 210849
0
1 152815 1000000
0
2 629118
2 364085
0
0
1 946448 1000000
0
2 545257
2 930929
0
0
1 559134 1000000
2 773642
0
1 900386 1000000
0
1 802774 1000000
1 366627 1000000
0
2 713835
1 289050 1000000
1 371410 1000000
0
2 772528
0
2 211540
1 580521 1000000
1 410981 1000000
2 155258
1 153347 1000000
0
2 671803
2 309990
1 190078 1000000
2 902035
2 308928
2 369305
2 385029
0
0
0
1 296450 1000000
2 919404
0
0
1 455918 1000000
2 329622
2 351441
0
2 684297
2 483241
1 39904 1000000
0
