7642
1 439901 118610
1 200914 422980
1 957850 388815
1 926449 967821
0
2 188536
0
2 194704
2 673495
2 201775
1 884149 903307
0
2 84446
0
0
2 514997
0
2 303349
0
0
0
0
1 878621 946959
1 15721 956923
2 858961
2 586027
1 137003 967935
2 545410
1 139841 568459
1 602324 261893
1 242281 498509
2 160462
2 115029
1 859395 479852
2 844663
1 859135 437014
1 744113 696925
2 877544
0
2 946153
1 901297 739649
2 743509
2 71993
2 643857
1 68970 36327
1 428012 309747
0
0
0
0
1 62138 880522
0
0
1 425591 66766
2 702324
2 386769
2 86140
0
1 631318 26061
0
1 661553 889130
2 946642
1 409923 84926
0
0
0
2 675605
2 42195
0
2 49449
0
2 7733
2 8437
1 718510 308065
2 216936
2 338743
2 14522
2 6429
1 774858 704595
2 550433
2 375065
0
1 453206 768451
0
1 296157 880037
0
2 544355
2 149785
1 250647 969984
0
1 903158 153259
1 106503 270281
1 979793 809446
0
1 164744 133790
0
2 189848
0
1 219019 939035
1 150976 924496
2 784568
2 115212
2 296034
1 789715 170710
1 890589 697466
0
0
2 984476
2 798051
2 919603
2 45884
2 155702
0
2 149320
2 253
0
2 346
1 917152 865511
0
2 447149
2 299162
2 60511
0
1 387221 523003
2 143513
1 4021 992604
1 599405 887166
0
0
2 44824
2 101572
1 352325 2591
1 338678 163621
2 489045
0
0
1 815850 722472
0
2 593555
1 88218 531886
0
0
2 135893
2 985913
0
1 814720 170929
2 27576
0
1 350862 663710
0
2 619749
2 476749
0
2 137937
1 189682 574322
2 13628
1 277302 723128
0
1 521410 109570
1 955253 526054
1 576157 925655
0
2 379033
0
0
1 815146 686825
2 348351
2 26973
0
0
0
2 992116
1 881127 165550
0
1 386827 3618
0
1 380326 875963
1 961598 622337
0
1 633334 374586
0
2 391902
0
0
1 897421 158921
1 739504 203049
1 958677 708413
0
1 181562 157296
1 82079 792172
1 384532 448515
1 494393 857947
2 27799
0
0
2 546463
2 324140
1 994612 40845
0
0
2 108268
0
0
1 159741 424999
2 96434
0
0
2 382374
0
1 935445 128328
0
1 993402 929549
2 775840
0
0
1 570703 572576
1 909737 503398
0
0
2 781911
0
2 214397
1 462831 13540
2 697691
0
2 644860
1 906172 684465
0
0
1 899624 258302
0
2 885450
2 371302
1 791406 210258
0
0
2 803417
2 243146
0
2 567826
2 987538
2 963638
1 977171 661567
2 117942
0
2 509346
0
0
1 732781 270323
1 604776 47636
1 641940 309866
0
1 223884 145858
2 765056
0
2 200584
0
0
2 300675
0
0
2 770567
1 696608 308314
0
0
2 572369
2 228901
1 881800 625069
0
2 240935
0
2 642315
0
0
1 842713 214089
0
2 330378
2 592158
2 75870
2 509620
1 338029 80609
2 15762
1 572719 906488
1 604311 59720
2 201616
2 608318
2 930041
1 730981 703372
0
2 346055
2 46722
0
0
1 21561 355664
2 475928
1 156211 693290
2 561608
1 358575 369405
1 243695 181138
1 246648 103175
0
1 624247 125485
0
1 881780 374196
2 496617
0
2 93596
1 217654 640076
0
2 800650
1 920491 175097
1 430900 428438
2 145972
2 503626
2 743029
2 258453
1 704179 324012
0
2 344995
2 641716
0
1 505787 712069
0
2 886329
1 114031 853177
1 470471 553538
2 701290
0
0
1 135421 729008
2 197606
1 908123 934298
0
0
0
1 99029 567014
2 495286
1 587342 743529
1 263014 360877
1 540250 969266
1 550620 265837
0
2 437616
0
2 715195
1 25687 135453
2 230274
0
0
0
0
2 137601
1 927236 908327
1 502419 745340
0
0
2 151522
2 42587
0
2 417298
1 232676 745996
1 328724 697896
0
2 36151
2 975612
0
0
0
1 480087 529279
0
2 188262
2 348931
2 431334
2 885360
1 585564 572569
0
2 393600
0
0
1 373863 169590
0
0
0
2 379156
1 304443 824311
2 747552
2 527388
2 258081
0
0
1 479608 496814
0
1 821406 869096
0
1 30426 182024
2 91166
2 551340
1 78570 46945
0
0
0
2 484323
1 33859 11546
1 783271 809633
0
2 246896
0
1 12850 965924
0
1 329419 539413
2 299842
0
1 146500 513703
0
1 379425 86129
2 636597
2 123815
2 825400
1 516533 448299
1 280850 371332
0
2 334628
0
1 406982 945110
2 199702
2 84795
0
1 16405 884721
1 344553 249188
1 170359 529628
0
0
2 490009
2 711981
0
2 938584
2 59519
2 603690
0
1 938065 852915
0
1 132969 906459
1 132034 378912
1 497718 405670
1 338012 580577
2 420305
1 488642 512018
0
1 568465 578724
1 473860 835820
2 201747
0
0
2 144531
2 580383
0
1 460570 514481
1 735661 586343
0
0
1 36120 887766
1 628666 95891
2 292652
2 594909
1 279369 546733
0
1 532850 378275
1 229779 778966
0
1 702938 236618
2 455984
2 513197
1 42468 182236
2 629535
1 733778 884908
0
0
2 501053
2 75200
1 957614 826416
2 56872
2 4849
1 531163 603431
2 420402
2 460807
2 211304
1 967240 766468
1 376704 72869
0
1 721783 847304
1 486712 834302
1 268543 798146
0
0
2 876625
0
2 983386
1 694683 532720
1 879191 199131
2 566801
1 958651 839072
2 352082
2 275753
2 463900
2 814583
0
1 907110 47629
0
2 960516
2 288516
0
1 859664 5841
0
2 455978
2 763949
1 368461 654903
1 677039 763364
2 386767
1 723148 430214
2 324898
0
0
0
0
1 693110 410764
0
1 154924 759755
1 908383 811360
1 901328 116424
2 39881
1 522575 381048
1 381370 218496
2 361768
1 527631 844741
0
0
0
2 643589
2 268679
1 139563 573556
1 858729 722587
0
1 33850 162807
0
0
0
0
0
2 525536
0
0
1 770907 851669
2 481305
0
0
0
2 999550
0
2 372331
0
2 98551
1 146199 394663
1 314776 28421
0
2 694647
2 786029
0
2 341227
1 727986 890257
2 816243
0
1 104212 352706
2 14580
2 924582
0
0
1 754829 357007
1 315242 963545
1 454257 862442
2 986372
2 868692
2 257137
2 720435
2 689538
1 325155 104104
1 183330 836278
0
0
0
2 259027
2 728536
1 700737 344162
2 991904
1 298762 197160
0
1 332885 635039
1 996537 111944
1 192714 65962
2 421713
2 470772
2 719421
2 875955
0
2 975824
0
1 153746 51890
2 566829
2 536898
2 281806
1 448344 721694
2 50459
2 193571
1 478565 212174
2 899753
0
2 193027
1 881454 82594
2 971150
2 390818
1 637150 411600
2 639259
0
1 624008 979780
1 504789 331013
0
2 952843
0
1 866466 306150
1 938760 121663
1 503115 409626
1 308398 296556
2 606045
0
1 66380 917465
0
1 467891 549940
1 741662 167730
2 454402
0
0
0
2 801848
0
2 672420
0
1 762504 959784
1 226533 878067
0
0
2 976023
0
0
2 765902
2 683633
2 269618
0
1 543170 910686
0
1 702839 580469
1 251110 923857
0
2 963829
0
1 895626 603378
0
1 36503 24108
2 909506
2 891618
0
1 48935 674441
2 248668
2 181313
2 142310
0
1 783122 957725
1 589330 999002
2 695556
0
0
0
2 81164
1 37434 232499
1 203838 355371
2 268541
0
0
0
1 149504 230444
2 836879
0
1 565373 567531
2 511413
1 306002 578354
0
1 544484 954771
0
1 2775 193988
0
2 880259
2 17002
2 9097
2 8297
2 3614
0
0
0
1 591533 289547
2 282435
2 41893
0
1 60485 483212
0
1 722790 130404
0
0
0
1 810804 619651
2 406462
0
0
2 895790
0
2 218316
2 240853
2 728
0
2 35651
2 57142
0
0
0
1 639583 757881
2 531112
0
1 46289 471490
1 201975 305063
1 222153 832633
1 651877 335999
2 703766
2 220160
0
2 239240
1 51476 996316
2 6516
2 117687
0
0
0
1 631586 707521
2 59
2 404192
0
2 141119
1 200202 303152
1 63878 432153
2 254333
1 118835 437464
2 7025
0
1 519104 504638
2 276889
2 189565
0
1 994026 579103
2 660779
2 545463
2 50320
0
2 1057
2 1504
1 616237 647824
0
0
2 295214
2 65109
2 109216
1 691257 632808
2 88405
1 395709 113673
2 950272
0
0
2 12780
1 546699 754791
0
2 678117
1 896172 297522
1 502836 699308
0
1 270898 325670
2 363968
2 41360
0
0
2 597641
1 827373 708816
2 447231
1 660215 925067
2 46544
1 47318 302271
1 956670 454256
1 200282 568758
2 27453
2 815960
0
2 178357
0
0
0
1 486151 759180
1 518206 121862
1 475176 269252
0
0
1 414448 301974
2 354848
0
1 863942 69294
1 335745 353624
0
2 743880
2 402263
1 891999 248749
1 280972 851558
1 113515 383603
2 112912
0
1 250028 161955
1 617303 434164
1 509075 990712
0
2 504345
2 661632
1 607780 398287
1 171768 852043
0
2 847102
1 421998 227083
2 879018
1 969923 149515
0
1 599804 884878
2 618310
1 103384 418580
2 980599
2 498703
2 514721
0
2 947979
1 338537 830977
0
1 139625 632068
0
0
1 403523 364453
1 557321 111292
0
0
0
2 868007
2 415332
1 248224 992282
2 36229
1 655133 875874
0
0
1 684886 839886
0
2 337082
2 328027
0
0
0
2 128577
2 740028
0
0
1 487758 274221
1 125256 722440
0
1 519396 10822
1 115828 631743
1 521554 882326
0
1 41057 554152
0
0
0
1 995554 491038
0
2 753770
1 723014 442960
0
2 208277
1 155282 280420
2 13142
1 624674 4168
0
2 763137
1 718884 249165
1 775266 233324
1 382991 853807
2 485953
1 116476 755420
0
2 698294
1 783850 344662
1 840571 36674
1 289690 777697
1 11638 465372
1 342580 830199
2 856020
2 147515
2 307399
2 287491
1 103026 617770
0
0
0
2 226594
1 954634 985023
0
1 727035 332048
2 967083
0
2 368139
2 93027
1 339099 391193
2 723769
1 80168 8014
2 855486
0
0
1 30817 438579
0
1 619676 755710
0
2 361280
2 121176
2 339725
0
1 466800 635654
2 778045
1 754949 519374
2 60410
1 453671 243463
0
2 305168
1 279494 398583
1 169450 954010
1 749318 258617
1 205336 262949
0
1 422110 954876
2 833221
1 149038 815269
1 234506 479730
2 464623
1 922308 994680
0
0
0
1 526334 110822
2 136558
2 532174
0
1 361998 1450
1 376959 141527
2 70836
2 807022
2 547153
1 496061 158184
0
1 424981 36711
0
0
2 978211
2 639394
1 194283 187195
2 114522
0
2 157726
1 808139 688841
2 29640
1 365967 477272
2 179265
0
0
0
0
2 174389
1 104029 323340
2 321619
1 665072 211688
1 468674 366356
0
0
1 998234 974386
1 832043 390211
2 116689
2 758988
0
1 773540 719172
0
0
1 865144 905984
1 160880 60575
1 427886 954788
2 301915
0
2 358161
1 899961 428346
0
2 595357
2 125100
1 586440 727139
0
1 754694 79204
0
2 610565
2 726089
1 863002 631910
1 475401 813599
0
1 718716 979201
0
1 123977 359981
2 330369
2 382166
0
1 937280 345586
2 44219
2 956080
2 478227
0
0
0
0
1 912340 739784
1 491957 662143
0
0
1 37622 308752
1 803736 679191
1 431983 923023
2 125553
1 719100 960311
1 110386 732686
0
1 784929 657691
2 680069
1 340227 656013
1 206769 474930
2 593882
1 162149 397168
2 396830
2 949191
2 548847
1 971574 30481
0
2 394692
1 30089 455606
2 454151
0
2 774000
1 47581 993602
1 115362 503394
0
0
1 319955 119970
2 22415
0
1 145855 978962
1 547441 973735
1 748525 471567
1 978778 94633
2 952465
0
0
0
2 935823
0
0
2 466991
1 647719 230852
1 328665 122873
2 312325
0
2 395580
2 958290
2 516662
2 980463
1 896789 743669
2 60194
0
2 394862
1 806833 296831
2 391268
2 428797
2 355354
1 139650 213017
0
1 744870 704622
0
1 412008 482731
0
1 968281 284850
2 555921
0
2 261239
2 254592
2 844987
2 84543
1 262684 107685
0
1 803259 976413
1 122463 806861
2 88456
2 253400
1 656715 362458
0
0
2 339655
1 568854 658771
1 436641 380413
0
1 344814 957208
0
0
1 80109 968086
0
2 905304
0
1 959717 615888
0
2 915355
0
1 281457 485021
2 643775
1 598440 295062
0
2 565317
1 486577 178574
2 243791
0
2 491167
1 881284 753054
2 551587
0
1 392701 934239
2 344613
1 158460 249922
2 897863
1 178156 1935
2 727474
2 167118
1 711482 927696
1 288439 227897
2 797484
1 920380 943033
2 755700
1 275326 156734
2 644439
1 856121 191298
2 194035
1 673649 886966
2 640582
0
1 725263 495101
0
2 718470
0
0
1 884793 879087
2 938812
2 282978
1 539429 139206
1 636535 880595
1 843097 119273
2 382844
2 25426
1 407597 474104
0
2 882255
2 283192
1 301356 738579
1 829435 435142
2 34195
0
2 168877
2 477254
1 893554 450895
1 244083 548672
1 308346 69454
1 721074 380405
0
1 828463 205309
0
2 299254
2 502228
1 213297 208928
0
2 730287
1 440655 946805
2 164685
2 197913
1 304371 427447
2 934005
1 283177 202192
2 10125
1 649091 291231
1 535978 843539
1 534496 301115
1 365564 951579
2 930165
2 427206
2 407072
1 505813 806201
2 153062
2 816142
1 357047 409184
0
1 691557 704565
1 596737 247772
0
0
1 733660 646928
1 934456 285339
2 295328
2 383851
1 127475 913027
1 724460 355939
1 902104 21939
0
0
2 103420
1 76166 955136
0
1 762541 992191
1 639249 352467
1 856407 555952
0
2 399437
0
2 851038
0
2 184231
1 116638 73119
1 668996 584250
1 877540 620498
2 354026
0
1 932852 152012
2 616483
0
2 28604
1 332515 356681
1 868156 610613
0
0
2 121886
0
1 130638 149825
1 919369 63183
0
0
1 808184 383379
0
0
2 760300
1 842969 746892
2 769879
2 39780
2 310204
2 842379
1 49956 463943
2 217467
2 969623
1 945340 69931
0
2 749270
1 180772 403928
2 159847
2 63069
1 409390 999916
0
0
2 758362
2 759786
1 236916 143686
0
1 621053 241458
0
0
1 827139 156128
1 122716 956609
0
2 462169
2 145659
0
1 655198 664942
2 33409
0
2 874340
0
0
2 396030
0
2 628407
1 702699 490352
2 78068
2 566267
0
1 197418 777165
1 221878 768691
1 678114 565407
1 718094 233506
0
2 556723
0
0
1 945212 690547
0
1 655983 600584
2 295021
2 237941
2 229035
0
0
1 339043 128006
0
1 803886 126575
0
0
0
1 213501 987597
0
0
0
2 498077
2 85778
0
2 321687
2 335424
2 981179
0
0
0
1 865005 791955
1 637156 293004
2 486939
2 125716
1 324766 437951
0
0
0
1 483155 781626
0
2 650885
1 540101 573907
0
0
0
1 881861 538635
0
2 984419
0
1 831634 519918
1 561246 137372
1 631681 220980
2 392722
1 627726 40306
0
0
0
2 315684
0
2 841217
2 670965
1 923131 653313
2 955848
0
1 524082 15013
2 248635
2 178457
1 668385 329748
0
1 150327 97566
2 443094
0
1 305731 524806
2 347070
1 255343 325637
2 344744
1 823224 149454
2 875287
1 310578 568827
1 929933 643601
2 154237
1 860730 519336
1 597262 306135
1 238066 370139
1 299742 713797
0
2 785933
2 617712
1 388063 368437
0
2 40412
0
0
2 59384
1 5122 386944
0
0
2 208969
0
1 482322 373275
2 801630
0
1 666901 225056
2 447448
2 311936
2 254017
1 846321 268418
2 370117
2 29409
1 949351 48079
1 302717 603684
0
2 245802
2 116438
2 252326
0
1 600575 171424
1 815365 953896
1 814474 862748
0
1 998103 222909
0
0
1 431836 722873
2 902991
1 891196 644824
0
0
0
2 17419
0
1 691419 629871
2 326621
2 389924
0
1 387079 152577
0
0
2 672050
0
1 654055 778774
1 777136 256829
2 501520
0
0
2 933922
2 495075
2 709875
1 169498 838741
1 150507 16879
1 302454 924425
2 341913
2 212259
2 818615
2 852479
0
2 301701
0
1 511103 257944
1 551042 606195
2 13094
2 721388
2 143122
0
0
1 35979 723736
1 39779 649674
0
1 577681 6169
0
0
1 496909 424329
0
2 590074
0
0
2 157033
0
2 372264
2 811178
2 698075
1 654493 760719
2 906930
1 385793 431112
0
1 753160 879118
1 244049 285986
1 498242 598388
2 172323
1 678987 304356
1 483179 911357
2 640109
0
1 61817 504327
2 425363
1 531318 321806
0
1 925138 60922
2 955229
0
1 212597 438049
1 939617 236893
0
2 592612
2 293939
1 880535 514035
0
1 455605 858002
1 545246 349737
1 355859 184534
2 758496
2 454117
0
0
0
0
2 560151
0
1 850971 702696
1 11929 924356
2 23092
0
0
2 427462
2 287652
2 505599
2 186695
2 822170
1 951423 98277
2 862314
1 935768 937021
2 198862
0
0
0
1 476111 125105
0
1 410846 490192
1 716872 872290
0
0
2 43413
1 737584 805064
1 347725 677958
2 743744
1 973811 11210
1 233304 343355
2 714699
0
1 328779 41468
0
0
2 78093
2 619802
1 411223 177853
0
1 734501 33401
1 990680 693780
0
0
2 917920
0
0
2 660067
0
0
2 962452
1 104711 457359
1 661412 218131
1 782328 408659
2 270459
0
1 395200 905551
0
2 76669
0
1 927671 746369
2 308625
0
1 640952 468401
1 406602 215272
0
1 511908 543203
1 561239 101758
2 955148
2 632661
1 515920 155881
1 250211 789807
2 394260
2 910386
1 136948 882294
2 637865
1 130672 34339
0
2 919315
0
0
0
2 761586
1 861466 332437
2 652829
2 413627
0
1 792592 266880
2 130331
1 451402 240131
1 669229 989033
2 975390
0
0
1 952625 125269
1 4584 929847
2 721740
1 155556 498104
0
0
0
2 304017
0
1 182068 106176
0
2 451218
2 442968
1 175926 484639
1 388013 268640
2 162283
1 604230 953333
0
0
1 374975 153014
0
1 956899 302030
0
2 595151
2 448201
1 399898 513953
1 901939 14863
2 44786
0
2 805450
0
1 299249 501173
0
2 429264
2 154545
0
0
1 391578 580812
1 564361 374254
1 914608 715265
2 100413
1 150929 332849
0
1 62354 461062
0
2 658965
1 216898 827398
2 500187
1 742718 480204
1 35695 620070
2 650739
0
2 54393
1 604642 554198
2 621420
2 473915
1 949769 829082
1 616353 302648
2 721466
2 246351
1 426176 863336
0
2 406114
2 961021
0
1 778158 531816
0
2 751388
0
1 690321 417101
1 708429 173843
0
2 454226
2 772346
0
2 129188
1 383995 106336
1 981616 865040
1 662633 13766
0
2 168232
1 38983 950278
2 102346
0
1 490340 486264
2 384207
2 63667
1 350493 913877
2 854269
1 326584 561971
1 798834 961805
1 250577 458393
0
1 696658 296898
2 996765
1 581952 173283
0
0
2 120972
2 419101
2 126440
1 746369 450050
2 317789
1 136068 465179
1 785382 941374
2 443061
0
2 676252
2 596746
1 96356 713582
2 107524
0
2 396792
2 160909
1 949103 835215
1 183879 743255
2 184588
2 192665
0
1 545074 108461
0
2 493604
1 836670 130647
0
0
1 952141 333878
0
1 97679 909998
2 177748
0
2 56298
1 460721 527679
0
2 845052
2 733992
0
0
2 54261
1 303119 746297
1 707409 667277
0
0
1 153826 835081
0
0
1 346071 731932
2 9044
0
1 31125 872721
2 238961
2 323032
0
2 761393
1 700954 265391
0
1 992115 464144
0
0
2 949448
1 799287 738945
2 931478
1 638426 700132
0
0
2 393256
1 558671 102067
1 476391 625737
2 995236
0
1 846627 806848
2 265700
2 851021
2 209232
2 346015
1 95176 48219
0
1 581064 285298
1 595021 368679
2 765087
2 209211
0
0
0
2 392622
2 517058
0
0
1 32893 95004
0
1 852927 55677
2 56283
2 985599
0
0
0
0
1 459335 146790
0
0
1 312252 381842
1 719049 999292
1 239405 599562
2 294338
1 389150 275840
2 15849
0
0
0
1 463000 74990
2 936776
2 309095
0
0
0
0
0
2 874982
0
2 10183
1 778753 17377
2 424004
1 94695 589632
0
2 456558
2 627280
0
2 901495
1 896211 972315
1 791642 516385
2 286739
1 199662 551572
1 611230 16703
1 506925 467191
0
0
2 386279
1 129857 450506
1 934284 111355
2 727866
0
2 165946
2 885830
0
2 677454
0
1 687615 565945
1 738464 59062
1 114176 615973
1 449086 904391
0
1 672543 860773
0
0
2 575881
1 794741 401300
2 789538
1 462285 433633
0
0
0
0
0
0
0
0
1 740449 179711
2 226591
2 470936
0
0
0
2 701602
1 922906 745424
2 756017
2 707627
2 572253
1 806087 692352
2 690452
2 596622
1 106803 79674
2 992308
1 422112 954529
0
0
0
2 565197
1 590097 693221
1 644761 869639
2 353065
0
1 697041 426994
2 505033
2 474565
1 125926 821758
0
2 264587
1 107127 56596
0
2 533811
2 577211
1 247063 443573
0
2 832250
0
1 15773 317131
1 649209 94000
1 800978 342372
0
0
1 692405 112109
0
2 850477
0
2 418747
1 160346 636117
1 4256 113055
1 522866 192201
2 483276
0
0
2 854464
2 158814
0
0
2 498582
1 496316 298552
0
2 639579
0
1 306285 684087
0
0
1 122245 907083
2 639140
2 354851
0
0
1 977364 59116
1 99151 382536
2 245574
1 593022 250828
2 983159
0
2 624642
2 551752
2 283372
2 532706
2 318332
1 581500 164712
1 300244 741967
2 305039
1 784704 752792
2 901354
1 210978 547696
2 528286
1 358791 998858
1 87418 322172
0
2 960430
2 228118
1 95819 805730
0
1 505149 674972
2 171633
0
0
1 967623 146867
0
0
1 594708 549208
0
1 860701 285536
0
2 567113
0
0
1 754267 109677
1 668872 767646
1 150174 13039
1 955759 227568
0
2 10287
2 701761
0
1 578912 143543
0
0
1 535038 521888
1 440187 770783
1 95909 691792
2 421964
1 798528 793850
0
0
2 861729
1 151140 591431
1 873168 289360
0
1 829136 713263
0
0
2 785387
2 839290
2 127121
1 457199 627222
2 234166
2 328817
0
1 666016 203432
1 591418 31930
2 158508
1 119459 755753
1 167573 484458
1 109293 68312
1 48121 632646
1 831052 728282
2 545846
2 957268
2 693240
1 657038 909086
0
2 990425
1 615599 9318
1 900428 162722
0
0
2 851736
0
0
2 160315
1 55191 623623
1 56314 914601
2 512822
2 412133
0
2 376815
1 253460 48027
1 837883 209612
1 89023 778455
1 111938 845502
1 213790 533127
1 960392 937397
1 96228 887678
2 797421
2 563286
1 709886 221308
0
0
2 512438
1 717147 33290
1 570642 892165
1 324454 751545
0
1 552943 197051
2 148685
2 755492
2 290297
0
1 762205 227936
2 100960
1 593134 526242
2 284794
0
0
2 684159
2 48684
1 135366 887148
0
0
0
1 33722 618093
0
0
0
2 936363
0
2 949508
0
0
2 330559
2 333206
0
0
0
2 280850
0
0
1 163597 4393
1 74431 206004
2 219278
0
2 395968
2 695181
0
0
2 232850
1 99258 351190
2 788376
0
0
2 365629
1 100370 351549
2 919161
2 444893
1 162656 612384
0
1 156258 586676
1 364466 417530
1 940958 152416
0
2 501107
0
2 657817
0
1 463611 21289
0
1 403159 877572
0
0
0
0
2 620133
0
2 896584
2 237670
0
0
2 220803
2 554018
2 818993
2 485011
2 661958
0
0
1 775957 867440
2 759434
0
0
0
0
2 102686
1 505643 73162
0
0
1 731545 626063
0
2 123040
2 68859
1 804382 818151
2 416477
0
1 689760 835099
1 840806 422390
2 151453
2 95573
0
0
1 106436 597779
1 859331 292268
2 680546
0
2 74271
1 88231 259993
1 585246 850648
2 780678
0
1 713757 640648
2 754861
2 114171
1 731742 195954
1 725370 317077
2 401851
0
1 732023 458831
0
0
2 329115
1 104438 540931
0
1 369537 73152
0
0
0
1 297884 248581
1 399895 636284
2 446782
1 84726 413689
1 408742 797017
0
2 329202
2 305804
0
0
0
2 253292
0
0
1 366632 627713
1 683030 790344
2 940491
2 258889
2 764070
1 579004 709036
1 858733 323184
2 670097
2 291732
2 737124
2 71063
2 489948
0
2 419845
0
2 63772
0
0
0
0
2 453695
2 250820
0
2 602606
0
1 78152 589541
0
2 647600
1 271575 137111
2 986375
0
0
0
1 102401 812326
0
1 862130 953804
1 259765 578500
2 650041
0
2 819168
1 157284 823759
1 45925 210956
1 548421 848550
2 766420
1 601657 178317
0
0
1 951663 136057
0
2 622051
1 787076 932385
1 1913 260632
1 301413 450278
1 413023 471667
0
0
1 648811 895034
2 116751
2 931558
2 386801
2 281279
0
0
0
1 984382 502623
0
0
2 653121
2 939022
1 256208 158194
2 614223
1 655684 220221
0
0
1 103294 923556
1 706275 449986
2 839684
2 940354
0
1 393924 713568
0
1 636780 923465
0
0
0
1 228034 6142
1 688564 198130
0
2 783477
0
0
0
2 302346
1 984282 136994
2 631778
0
2 50256
1 77829 54460
1 372336 252685
2 31025
2 668507
1 732659 266312
2 880109
1 533000 542554
1 570220 741445
1 150500 796821
2 387597
2 776651
0
1 828065 900461
2 438207
1 65682 16293
2 451340
0
2 424707
1 170454 856587
0
2 469277
0
0
0
2 181101
2 819400
2 229724
1 206594 645030
1 429254 259796
0
2 312279
0
1 400703 674488
1 188331 713258
1 93504 831273
0
1 939576 69571
1 613054 425672
2 999478
1 735176 481495
2 616900
0
1 966816 667293
1 995682 677362
2 898648
1 342970 644247
1 713676 603084
2 282892
0
1 114710 685576
0
0
2 25401
0
2 428873
1 333861 55577
1 133897 455068
2 379563
2 545625
1 598317 570405
2 228603
2 439107
2 562078
0
2 99687
1 282048 102275
0
0
2 303815
2 458988
1 823965 545683
0
1 853467 999911
2 889819
0
2 479554
0
0
1 703040 895693
0
0
0
2 867430
1 871293 344730
0
0
1 954555 851062
0
1 686246 438893
1 987119 990550
2 960352
0
1 238346 383343
2 237984
2 114126
1 252213 791157
0
0
2 569535
1 12975 515315
0
2 976481
0
0
1 124560 418175
1 214508 754406
0
2 56079
1 113736 218855
2 295363
2 938748
2 990849
2 674696
2 680286
2 262320
2 773483
0
2 491082
2 762491
2 308182
2 640989
2 664511
0
1 993157 403283
0
2 514719
1 484112 998941
1 169135 636266
2 555604
2 337329
2 261275
1 603581 344048
2 994708
0
0
0
0
0
1 971710 449873
0
1 98707 166700
0
1 1010 617086
0
1 85995 880295
0
0
0
1 36731 274398
2 65800
1 210007 466148
0
0
1 201811 405978
0
1 289026 835545
0
1 85269 948678
2 161825
2 929235
0
0
2 956394
0
1 668493 737254
0
0
0
1 491548 783525
1 233275 209747
0
2 408317
2 708067
0
2 265210
1 968539 953222
2 752586
1 655249 110202
0
1 938399 703031
2 215305
0
2 345412
0
1 283998 280391
1 788793 526000
0
2 951174
0
2 481577
2 285811
1 230692 978568
2 858772
0
1 679481 248671
0
0
0
1 794472 172746
2 374954
0
1 543342 614786
1 521906 74445
2 870573
1 672853 261606
0
1 582751 632230
0
0
2 362239
1 696083 683925
2 117212
0
1 297889 667081
0
2 528791
2 434721
0
2 883951
2 919745
1 507781 991021
1 112242 647441
1 283501 42456
2 256175
2 426441
1 582248 997388
1 625972 956735
1 549739 273865
1 83470 275893
2 472417
0
2 506006
2 84655
0
0
2 676447
2 768265
2 17829
0
2 555205
0
1 747093 244426
2 541785
1 217817 830561
2 523105
0
0
2 865171
2 132868
0
2 938654
1 33237 786303
2 579386
2 733559
2 691121
2 241134
2 696687
2 743865
1 881629 34890
1 96847 332888
2 605741
2 428836
1 263587 635950
1 92950 822313
1 338089 468681
0
1 331253 619846
1 100896 35030
0
2 823000
2 660258
0
2 524063
0
2 467350
2 849807
0
1 400134 414840
1 581811 162700
2 407730
1 336220 282386
1 759237 765350
0
1 698776 707346
0
1 184729 401023
0
0
0
0
0
1 446526 592441
2 859224
0
1 572024 206014
1 470014 382779
0
1 576868 290037
2 509655
2 576029
2 269930
0
2 784057
1 155048 823113
0
2 439299
2 892345
2 203903
2 354355
1 976693 871486
0
0
1 198682 479144
0
2 157646
2 471100
2 912209
0
1 599894 642208
1 166734 736677
0
2 976453
2 255123
2 797720
1 102795 791440
0
2 667649
0
1 566091 879842
2 14222
2 107074
1 66948 610602
0
2 878178
2 396923
0
1 324574 422409
2 435946
1 988742 637915
1 908566 449750
1 297388 720702
1 155794 859315
0
0
2 272984
1 523382 644678
0
0
1 642704 170860
0
2 620638
0
2 150707
0
0
2 305166
0
2 20811
1 268320 425458
1 687598 137769
2 179528
0
1 86405 393177
1 789598 306055
1 234194 302460
2 328798
2 361086
0
2 194326
1 778398 860783
0
0
1 753865 769703
1 833005 230167
1 560617 659086
1 167215 808561
1 709234 803018
1 218507 375727
0
2 292557
1 345197 44482
1 493523 90014
0
1 249181 508643
1 999322 236952
2 762511
2 3160
1 458062 587743
2 647393
1 436987 513912
1 860702 874668
0
0
0
2 604235
2 542596
0
2 761475
1 449756 494747
1 414017 192810
2 923761
1 20566 654442
0
2 845368
2 577862
2 503066
1 64647 996101
1 456669 393002
0
1 957389 526431
0
1 894033 156918
1 743203 555821
2 330544
0
1 145885 57803
0
1 627937 427795
1 224046 608995
2 955862
0
2 16585
1 401854 971893
0
1 228109 985375
1 392171 309700
0
1 113802 912791
1 352445 441881
0
0
2 379709
2 614390
0
2 987698
0
2 857987
1 501802 528985
1 693382 126590
0
2 914186
0
1 689105 581330
2 430335
2 565829
2 201598
1 133773 798907
0
0
0
2 421247
2 225127
0
0
1 407181 444336
2 584972
0
2 802873
0
1 142438 154381
0
1 484571 58236
0
1 579800 163665
0
0
1 807988 245817
2 756578
2 754263
0
0
1 36954 680070
2 512845
1 771594 64405
2 843275
1 369512 101877
0
0
2 370174
2 273404
2 15587
1 789013 227899
1 188259 83957
0
1 355935 210033
1 176297 123518
2 31801
2 461405
2 604595
0
1 287508 712240
1 756018 301545
0
0
2 513217
1 163878 850933
2 20331
0
0
0
0
2 115268
2 771909
0
1 312106 220073
1 977738 22735
0
2 295927
2 684143
2 63047
2 546689
2 331934
2 970947
2 305832
0
2 144327
1 642847 738022
2 938315
0
1 472569 620663
1 809665 572457
2 921423
2 238722
0
1 824495 510251
0
0
1 280707 716301
2 518634
0
0
1 739378 206343
2 163305
0
0
0
2 66070
1 861705 849290
1 429156 422640
1 16521 969298
2 672144
2 47225
2 801051
2 238836
0
0
2 279654
1 860911 485983
1 725371 774380
0
1 175935 114064
1 132787 699694
1 722611 954150
0
2 840860
1 784956 157334
2 462878
0
0
0
2 631540
1 598946 201912
2 865851
2 108332
2 366161
1 239352 118638
2 437265
1 148776 466456
0
0
0
0
0
2 965199
1 685685 203575
2 314162
1 846948 689747
0
2 909099
0
0
0
0
2 329452
0
0
2 198673
0
2 287939
1 484905 89130
1 597178 154827
2 688992
2 491560
1 881551 78048
0
2 571464
1 661391 177145
2 738213
2 524454
2 459310
0
2 140065
1 337337 993249
0
0
1 107418 722012
0
2 302908
1 229484 36134
1 529376 122090
0
0
1 711253 503627
1 740506 496219
1 759754 685401
1 523534 522588
2 358563
1 97324 771058
2 581036
2 731621
2 383147
1 840097 90160
0
2 408261
0
1 163499 772498
0
2 464097
1 574763 992642
1 744288 345022
0
2 665099
0
2 664025
2 765232
2 161452
1 897824 512377
0
2 436947
1 337931 596195
1 366866 744769
0
0
1 286207 346362
2 550919
2 871905
2 431245
0
2 95154
0
2 655233
1 424971 633315
2 932792
2 457833
2 17587
2 56242
1 400614 262303
1 553079 958187
0
2 132111
0
1 245259 356370
1 493673 679560
1 705127 488192
2 926204
2 227402
2 376787
2 14476
0
0
2 349186
2 875554
0
0
0
0
0
2 493090
1 848062 429028
2 727499
0
2 854721
2 435418
1 238434 610423
0
1 580488 939719
1 848862 567189
2 236464
1 705374 31502
2 438531
2 550422
1 808907 826256
0
2 937119
0
2 286703
1 155887 360480
1 965208 469906
2 397923
0
2 308037
1 524809 645235
1 740117 468004
1 885593 270255
0
1 215636 675340
2 649727
2 163030
2 695757
2 321958
2 826205
2 366352
0
0
2 970580
2 972206
1 313061 805474
1 15397 539804
2 184280
0
2 779812
1 636219 730983
2 467327
0
0
0
2 752443
2 391492
1 4321 756167
2 588233
2 6835
0
2 44838
1 495480 816338
2 218780
0
1 970390 81718
2 715345
2 18376
2 262029
0
1 443625 112084
2 416631
2 95444
0
0
2 141911
0
2 103836
2 21068
1 48395 776717
0
1 133193 115839
0
2 97797
0
0
2 50934
0
1 104931 71417
2 29535
0
2 62705
1 671962 37511
1 473800 350470
2 640789
0
1 111265 203034
2 644048
2 13065
1 862083 573215
1 483134 614234
1 77404 868647
2 837537
1 863157 982170
0
2 227388
2 329663
0
0
0
2 99410
0
2 310367
0
1 878134 833699
2 249419
0
0
0
1 517867 5602
1 521086 653803
1 995618 205176
2 877119
2 490977
2 631638
0
1 525189 884667
0
1 624719 940924
0
1 133340 789397
0
1 75154 65255
0
2 113945
2 582115
1 930032 194185
2 817167
2 114820
2 645954
0
1 735316 428511
0
0
1 894169 111693
2 471720
0
0
0
2 240616
0
0
1 350755 677455
1 830312 51386
1 286758 996055
2 963234
1 986003 921899
1 824022 316043
2 397450
2 199727
2 944547
1 331021 364159
2 184557
0
0
1 712570 847650
1 343463 410613
2 405625
2 626442
2 131136
0
2 409812
0
0
0
0
2 758199
2 567897
0
0
1 52242 479322
1 342742 912568
0
0
0
1 278258 631240
0
2 458979
2 179367
1 321940 749391
0
2 908859
0
1 787824 110454
1 520049 359863
2 600432
2 524367
0
0
2 170640
1 838180 714128
2 766212
0
2 182010
2 480081
1 290031 645880
1 155787 887768
0
2 188572
1 80057 308517
1 277186 103740
0
2 194471
0
0
0
2 100278
2 248838
0
1 713087 814142
1 291946 473498
1 712349 968919
0
2 824157
1 778803 360170
0
2 908789
1 768449 460768
2 983821
0
1 740222 481877
1 774312 436165
2 614508
0
0
0
0
1 747193 996415
2 577144
0
2 289508
1 662356 156948
0
2 616339
0
2 117418
1 839982 989570
2 808882
1 565895 54015
1 187371 755838
2 405194
0
2 4869
1 138000 332992
2 126380
2 935725
2 678043
0
0
2 29892
0
0
1 214738 253443
1 562733 722782
0
2 64409
1 295013 54524
2 429921
0
0
2 279846
0
2 40288
1 612327 830061
1 681385 844126
1 726614 861959
1 669214 379780
0
2 142682
2 969124
2 390488
1 593861 291166
1 355659 62297
1 632941 216369
0
2 18769
1 790755 781461
1 463096 979146
1 389097 887157
2 981209
1 352805 579917
1 244554 559
1 777596 2746
2 752747
2 791178
2 937059
2 875350
0
2 427224
0
2 647270
2 108356
1 393528 486202
1 80795 54046
0
0
1 765668 193131
1 225323 682056
1 835133 585177
2 727587
0
0
1 171389 132334
0
1 934479 658952
1 888830 292817
1 295729 290683
1 600926 634455
0
0
2 495420
0
2 914788
1 571041 688590
1 304383 322669
1 675859 631603
2 724344
0
1 123539 440203
2 22776
0
2 519560
1 265299 897135
0
0
0
1 763737 482586
2 156320
0
1 122475 943357
0
1 947660 478408
1 713848 751233
1 336548 21471
0
1 621832 180529
2 922402
2 770559
0
0
0
2 104871
2 600793
1 488181 390297
0
0
0
2 905201
1 116602 721314
1 317535 840681
0
2 335838
2 312894
2 822875
1 828934 501658
2 461378
1 538143 758304
0
2 975494
1 722822 625756
0
2 449439
1 646131 519762
1 334309 449630
1 448769 330840
2 41685
1 918910 340150
2 942951
0
2 912324
0
0
0
0
1 336051 657307
1 303254 984479
1 139879 145299
2 746313
1 567208 896671
1 705552 290695
1 264944 613851
2 495480
1 328355 483201
1 234508 1671
1 669257 416325
2 220981
1 583563 306747
1 204252 14383
0
0
2 583141
0
2 907040
0
0
0
2 346629
2 597278
2 686309
1 989580 754694
0
0
1 93571 215279
0
2 797027
0
1 368337 947491
0
2 112430
0
1 232453 579620
2 471213
1 661575 448442
1 477810 6764
1 709473 550720
2 953431
2 514963
0
1 482041 776964
1 496829 678495
2 301311
1 697683 398350
0
2 638767
2 250872
0
2 61292
1 635514 91847
0
0
1 662076 788708
0
1 72415 798928
0
0
1 255931 96402
2 178979
1 158460 776548
0
2 193128
1 168107 989489
0
0
0
1 10346 53099
1 254518 497351
0
2 521222
0
2 758947
1 68588 950406
1 256296 911655
0
2 847520
1 927847 143110
2 740377
2 642596
0
0
2 628684
1 913633 88668
0
2 960398
0
0
0
1 766573 395188
2 943673
2 676476
2 473016
0
1 670598 553483
1 889444 220119
1 526691 772385
2 142493
1 552125 853479
0
0
0
0
2 561920
0
2 895185
0
1 254008 520193
2 26116
1 941267 437634
0
1 49986 365029
0
1 141543 557215
2 896932
0
2 817350
1 960824 401608
2 863682
1 515543 38858
2 734389
0
2 430427
2 319755
1 814068 466853
0
2 291470
1 695472 303458
1 759106 509012
0
1 283442 440070
0
2 434080
1 786091 4834
0
2 990181
1 197812 437083
2 825910
1 425349 338392
0
2 255938
0
0
0
2 778699
1 119453 293774
2 522932
1 758921 669032
1 967011 968722
0
0
0
0
1 733996 204236
1 586219 619341
2 953129
0
0
1 733870 441227
0
2 611947
2 802406
1 354916 468238
1 645568 413059
1 565029 624447
2 884160
0
1 680765 632896
2 554060
1 926316 7603
1 311130 194661
0
0
2 188734
2 176296
0
2 831936
1 43122 367916
0
2 159427
0
0
0
1 101279 108944
1 7321 364127
2 356034
1 499580 644406
1 845316 580699
2 493853
1 221835 43726
0
0
0
0
2 852854
1 329973 553914
1 669445 335320
2 152953
0
2 866916
0
2 693987
1 459618 197462
2 249133
0
0
0
1 57700 728280
0
1 226364 461390
1 366116 10008
1 878504 897479
0
0
1 92860 579630
0
0
2 811853
1 87758 228997
0
1 652455 770667
0
1 887520 521478
0
0
2 483319
2 483674
0
2 158442
2 993503
2 387095
2 354970
0
0
0
0
2 431565
2 478362
2 595599
0
1 791925 573814
0
1 778240 715369
2 841011
1 33180 85997
0
1 376332 299931
0
1 560780 21434
1 930417 804841
2 813442
2 106551
2 928832
0
1 970715 714785
2 294419
0
2 270235
2 512386
2 174831
1 887286 811780
1 10824 849609
1 896094 682375
2 66727
0
2 647454
0
0
2 347072
2 75965
2 592378
1 526580 117714
1 97883 720212
2 257146
1 254011 150430
0
1 705271 830847
1 624737 819215
0
2 935853
2 49580
1 713837 106218
1 246420 596949
1 335145 822967
0
2 244204
1 755612 386727
0
0
1 359794 189192
0
2 971999
2 708459
1 236595 839646
2 102723
1 241941 697962
0
2 968858
1 618742 128705
0
1 911095 853152
2 724753
1 713657 854085
2 842037
2 579317
2 663093
1 31529 837067
0
1 622013 434895
1 503195 508265
1 31650 70686
2 559425
0
2 599988
0
2 23056
2 508382
1 564273 86447
0
0
0
0
0
2 348773
2 280493
1 661412 333939
2 595600
1 988416 514447
0
2 570101
1 660798 227702
1 768432 193509
1 623507 552700
2 679168
0
2 556208
2 352615
1 661221 54747
1 919546 114626
1 915698 307617
1 150843 879476
0
2 419917
2 60310
2 687798
0
1 247972 704887
1 330063 843895
2 177321
1 732853 678233
0
0
2 713232
0
0
1 934201 280706
1 740834 607500
0
1 298175 615632
1 106226 849718
0
1 679248 310056
2 786972
0
0
1 571090 44386
1 669662 924026
1 982410 829040
1 42946 615808
0
2 732070
2 736712
2 419212
1 274148 813912
2 389025
0
1 819320 112101
0
1 149155 74500
2 969663
0
2 962854
2 136523
2 215888
1 724760 100367
0
0
0
0
1 468285 930157
1 314067 602249
2 209818
2 94409
2 701903
1 850340 111163
1 187097 628208
1 692590 903149
1 673884 304223
1 381171 759581
2 295867
2 927924
0
1 120913 960635
1 351186 826796
2 894600
2 380441
2 903925
1 184068 703565
0
2 85655
1 393018 256301
1 351113 155438
1 214351 494813
2 811666
2 959867
0
1 212051 753263
2 791478
2 166691
0
1 234241 79194
0
0
1 26651 180900
1 840065 255764
1 547625 830810
1 257097 398432
0
1 708111 384691
1 774922 423191
1 156090 244897
1 774321 84635
1 839829 921080
0
1 107907 87360
2 306146
1 450644 824633
2 912161
2 852142
1 461101 613026
1 276190 522320
0
0
2 475426
0
2 856684
0
1 841852 504918
0
1 562991 450954
0
0
2 578422
0
0
2 360265
2 383335
2 644353
0
0
1 959817 555471
2 39726
2 33102
2 788042
1 598107 299528
1 825691 678740
0
0
0
0
1 105064 303633
0
1 522115 909465
1 109018 247159
0
0
1 513995 549364
0
1 329905 474906
2 247190
0
1 442678 642067
2 939203
2 183361
0
2 761285
1 189850 635011
0
0
2 650345
0
0
2 325546
1 346141 619508
0
1 454121 373937
0
0
0
1 710202 423184
0
0
1 556755 754432
0
1 176332 475680
1 235334 45763
0
2 478155
1 954330 224823
1 65542 956975
0
0
0
1 536243 812830
1 747691 543331
0
0
2 801057
1 438450 316525
0
0
0
0
0
0
1 55547 607857
1 577308 809312
1 731459 843091
1 146498 689330
2 777435
2 761938
2 797597
2 341065
0
0
2 664904
0
2 493765
1 458712 278089
1 410275 464105
0
1 687828 517988
0
1 341111 448301
1 868136 416733
2 803391
2 444691
0
0
1 692625 480012
0
1 818547 298338
0
0
1 357568 901524
0
0
2 760256
0
2 873292
1 588477 62953
2 249021
2 972127
0
0
1 304856 59127
2 898469
2 737647
2 515801
2 299303
0
0
2 472791
0
2 440532
1 755928 445319
0
2 961979
0
2 505196
0
0
0
1 11106 469064
2 816069
1 63398 27231
1 700890 969330
0
1 673729 546791
0
2 969538
1 669054 905748
2 790649
1 643003 313508
2 714998
0
2 930361
0
0
1 287628 122315
2 210366
1 772106 67093
0
2 327842
2 184209
1 329168 21535
0
2 913444
1 916718 216335
0
2 284967
2 233395
0
1 881965 684538
2 146418
1 987567 3367
2 346468
1 54824 289723
0
1 672151 133242
1 70763 104939
0
0
0
0
1 688656 662648
1 397688 622319
0
0
2 643665
1 625635 410346
1 324953 743832
0
2 918315
2 978461
1 726236 972512
0
1 281089 433333
0
2 286445
1 225646 310986
1 184897 705036
1 286646 320390
0
2 73039
0
2 476056
0
0
0
1 291475 241922
1 410804 17947
1 868582 787749
1 740790 317934
0
0
1 958205 407729
0
1 773628 153194
1 279450 542927
2 35991
0
0
0
1 84266 169655
0
0
2 843561
2 187995
2 75863
2 150400
1 117261 249025
0
2 252679
2 102406
2 921189
2 446169
0
0
0
1 616473 277062
2 251364
2 153493
0
1 169194 92509
2 999867
1 527321 338826
1 531670 801347
2 238535
2 355369
1 406930 933365
1 20550 906911
2 319262
2 539456
1 428187 38373
2 340519
0
2 11030
2 212217
0
0
0
1 200817 228706
0
0
0
1 719770 745177
0
2 362491
1 126793 945129
0
0
1 506827 394075
1 194964 201608
2 662545
0
2 224268
0
0
1 510189 662477
2 271566
2 502697
0
1 882729 71356
2 666447
1 253893 935308
1 675379 834414
0
0
2 438872
2 839847
0
2 5338
0
2 216319
0
0
0
2 710348
1 659241 599947
1 869925 756234
2 610033
2 83296
2 27332
2 234467
0
2 183751
2 892895
0
0
1 840950 165715
0
2 704330
1 187856 640443
1 32623 464820
0
1 477671 41574
1 294925 469040
0
0
0
1 261839 457140
2 816217
0
1 758587 727936
2 678516
2 285280
0
2 105731
0
0
0
2 189637
1 523138 207679
2 506675
1 371472 857108
0
1 258874 491472
2 525400
0
1 918420 645862
1 590529 637927
2 150742
2 967331
0
1 320286 73551
0
0
2 529475
1 562259 853931
2 617107
2 350207
2 517241
1 436948 556570
0
1 380175 510629
2 229235
0
1 521279 808524
2 13071
2 684797
1 356887 291363
2 725096
1 811160 164832
2 641357
1 91176 64673
2 619572
2 629435
2 762732
1 152260 952047
0
1 511187 874101
2 815056
0
0
2 763502
0
0
1 835955 807310
1 537001 85752
2 408698
0
0
2 116
1 149834 448308
0
2 367197
1 454448 314736
1 926958 166099
2 435819
1 990593 603955
0
0
2 565928
2 84393
2 711967
1 355837 935265
0
1 825160 754324
2 615563
2 836249
0
2 920893
0
2 484019
2 32177
0
0
2 222572
2 796112
0
2 637459
1 522438 607992
0
0
2 529098
1 505651 657342
0
2 854608
0
0
2 401345
1 850215 125529
1 293040 825988
1 718754 581572
2 622008
2 45619
0
2 335445
2 709406
1 965772 159269
2 640948
2 158631
2 782625
0
0
0
2 659775
0
1 427941 469017
2 937332
1 975119 788308
1 488226 423686
1 691697 125122
2 158746
0
0
1 237884 700501
0
1 603668 416002
2 395858
0
1 32345 779175
0
1 802038 265303
0
1 473246 940142
0
0
0
1 553703 144914
0
1 248228 618211
1 15933 825194
2 554654
0
0
1 806441 654676
0
0
2 273314
1 582264 153058
2 621455
1 387300 189672
2 812254
1 655039 593871
2 303539
0
1 864862 196391
1 864113 244943
2 21246
2 786515
1 605291 455723
1 931475 720531
2 635006
2 266151
1 860664 461941
0
2 395437
1 485877 989725
1 194166 678148
0
2 163823
1 807453 204272
0
2 947620
2 638201
1 651419 168017
0
0
2 2394
0
1 729585 127614
1 631146 88723
1 833357 263500
0
0
1 334157 565151
2 79389
2 283946
1 666910 169574
1 776065 181485
2 36724
0
0
2 622594
2 418163
0
0
0
0
0
0
2 861022
2 10554
2 137079
1 642641 869713
1 297889 492884
2 297448
2 948394
2 400828
0
1 541261 164283
2 651541
0
2 387066
2 532558
2 367275
2 692301
2 876442
0
1 138030 585291
2 919636
1 921488 382549
0
1 510481 773201
1 163472 897352
1 509230 828540
1 599220 199481
1 418030 187557
0
2 633738
2 202733
2 908681
2 214773
0
2 939949
0
1 616625 140294
1 930578 172325
0
2 453136
0
2 542847
2 118161
2 223573
1 77533 955708
2 218902
2 228560
1 31663 227472
2 443611
0
1 181564 539861
2 300393
1 787170 147643
2 718099
1 834030 677558
2 111186
0
1 93015 255931
0
1 41415 592123
1 635527 870760
1 928144 893863
2 84890
1 969737 676303
1 13434 800167
0
0
0
2 446432
2 667350
2 740236
2 977958
0
2 184384
0
0
0
0
2 425717
0
0
0
0
2 631570
1 342854 324188
1 742800 22071
1 731814 990468
1 867158 704535
0
2 413086
0
1 778736 42337
1 701078 949848
0
1 212004 409862
0
1 522420 866817
0
1 3098 883373
0
0
2 968556
2 316931
1 323533 95035
0
1 59140 80142
2 426706
1 123258 397821
0
0
1 932659 636383
2 402963
0
2 876408
0
0
1 728700 561433
2 163662
2 345629
0
1 928257 515171
1 578223 189205
1 633712 638904
1 882710 700414
0
2 516712
2 363532
1 428101 660105
0
1 66473 562820
2 315830
1 905384 28134
1 223835 681949
1 929554 451221
0
0
0
0
0
2 539503
2 896863
0
1 646218 617515
1 161225 581612
1 687574 532519
2 754174
1 681359 296902
0
2 646366
0
1 904293 807745
0
2 347119
2 470799
0
1 523010 389989
2 567261
2 511366
1 943600 130366
2 773265
1 737194 907024
0
2 404639
1 302328 137386
1 586059 901263
2 166732
1 444369 52497
2 122554
0
0
0
2 826455
1 155472 882270
2 29034
1 644276 199412
1 723611 351800
0
0
0
1 395857 904039
1 119037 233066
1 800388 116501
2 986017
1 439099 756418
0
1 40529 241558
0
1 33777 839241
1 515668 231630
0
1 677225 137484
2 390928
1 768214 283919
1 183012 590969
1 997514 808798
0
1 94851 851585
0
2 619852
0
2 295206
1 879041 632825
1 892382 164940
0
2 611026
2 27089
2 842063
2 256294
2 803564
2 92631
0
1 19309 947944
1 825325 292234
2 193339
1 654658 603333
0
0
2 280624
2 992532
1 18327 979175
0
1 749421 914690
1 202867 164928
1 467186 745622
2 998255
1 998689 739530
2 752210
2 622047
1 149574 27754
0
1 391579 774005
1 86793 565502
1 521137 972925
0
1 813126 78613
1 404705 898343
2 245773
0
1 879769 25923
2 555798
1 7042 875711
2 265158
1 29227 701472
1 29975 192776
0
2 996709
2 628551
2 391689
2 471250
0
1 314265 527010
1 820603 70582
1 924336 340091
0
0
2 12795
1 937886 814770
2 921662
1 656795 839610
1 6249 878233
1 168462 493407
1 579076 694424
0
2 179766
0
0
2 759424
2 131896
2 318549
1 653436 473169
1 444679 198541
1 291261 661999
2 729935
0
0
0
1 987844 197742
1 245361 286606
1 448329 96835
0
2 318293
0
2 525693
1 395181 371750
2 367044
1 466399 552615
0
1 525541 79181
1 441606 152677
1 266375 339273
0
2 821207
2 10300
0
2 124492
1 45601 547230
2 425149
0
2 231699
2 911267
0
0
0
2 795568
0
0
2 439398
2 691749
1 186395 539529
1 651679 434194
0
0
0
1 112258 327586
2 715070
0
2 854101
1 268112 208611
2 631325
1 257283 938732
1 106719 652097
1 716479 525864
2 662185
2 824054
2 799383
1 484194 901608
2 602711
1 21984 697071
2 261067
1 284136 74600
2 615237
2 138805
0
2 98142
2 276271
0
2 130014
1 755098 820599
2 637606
1 660926 819754
1 531947 64869
1 825426 920058
0
1 263019 602904
0
0
2 200762
0
1 561849 723390
1 491705 410783
2 357926
1 170210 566984
1 238928 840092
2 346528
0
0
2 397174
0
1 519789 460051
1 592414 769879
2 521644
0
0
2 345875
1 884656 481555
0
1 783613 822604
0
0
1 430806 769094
1 420729 420334
0
0
0
2 982847
0
0
1 296844 556599
1 752347 681431
1 516920 785605
2 744623
0
0
2 39515
1 587534 133240
1 682376 803039
2 370688
0
1 512859 335174
0
0
0
1 763257 98558
2 103701
0
1 853572 504371
0
1 583069 469534
0
1 220798 340547
0
2 302718
0
1 64089 658436
0
1 30869 362796
0
2 350884
0
1 328785 701451
2 998113
0
0
1 891003 513030
0
2 429050
0
0
2 913943
2 770635
1 247766 24755
1 935912 792416
0
0
1 725746 455207
0
2 457435
0
1 269553 816743
1 646892 722075
0
0
0
2 685705
0
0
2 888870
1 45864 642192
0
0
0
1 115364 864235
1 351285 929477
2 981216
1 655171 503734
1 410333 221336
2 628026
0
0
0
0
0
0
0
1 497919 668724
1 554735 907861
2 947504
1 457071 670447
2 333517
1 847533 912765
0
1 174816 764023
2 794654
1 860725 591081
2 824481
2 297121
2 8366
1 631941 893962
2 155936
1 331011 517771
1 672801 845013
1 665190 138351
2 280532
1 709890 820765
0
2 295232
2 302075
2 155017
1 155220 920662
2 772119
2 246571
2 324910
0
1 23847 224005
1 217064 267213
2 60761
2 900572
0
0
0
0
1 74752 176015
0
2 28289
1 736260 820248
0
1 958434 614214
1 608410 741915
2 446294
2 729188
1 134407 566071
0
2 219855
1 961636 272232
2 726185
0
1 55180 187349
2 672476
2 855723
2 934700
2 204738
2 360068
0
2 591145
0
1 323893 525709
1 328681 694908
2 275199
0
2 315546
2 987121
0
2 687339
2 926410
1 379009 624082
1 869159 114953
2 204290
1 621913 826284
1 37164 678168
0
0
2 902306
1 804679 516511
0
2 884697
1 973366 154185
2 554397
2 915169
0
2 53364
2 627524
2 466664
0
2 260041
1 166038 712292
2 244544
2 129377
0
1 351912 763102
0
1 806465 477417
0
2 752944
1 585125 419064
1 218015 144286
0
2 127386
2 542118
1 963706 278334
0
1 874997 310594
2 42963
1 87649 390632
1 734819 27397
2 699675
0
0
2 312602
0
2 528600
2 333152
2 539060
0
2 278633
1 392807 542705
0
0
2 468142
2 5377
0
0
1 664332 478921
1 619795 829147
2 263834
1 230866 961815
2 899902
0
0
1 42274 877971
1 999253 395939
1 151119 476126
1 695314 16783
2 666858
2 833767
1 39462 681230
2 476303
1 532678 30580
0
2 198555
0
0
1 214476 127499
2 780060
2 266035
2 799701
2 496045
2 771166
0
0
1 643883 915437
2 695125
2 387393
2 35442
2 595545
2 840091
0
0
1 911705 841536
2 418353
2 723913
2 832969
2 862718
2 400023
0
2 923085
1 602223 639731
2 163156
2 266173
1 217563 824069
0
0
1 39620 998274
2 547382
0
0
0
1 529584 739507
1 593513 357832
0
2 383435
2 905492
1 299150 777675
0
0
1 195040 981433
1 753334 887768
1 544503 291465
0
0
2 337083
2 758832
1 609180 538857
1 679823 927200
2 481325
1 925735 726998
1 923642 77333
0
1 239928 489976
0
1 224680 445614
1 659380 604957
0
1 539216 622663
0
1 949045 872088
2 582222
2 476655
0
1 695566 21788
2 295480
1 425922 936421
1 865869 123959
2 524430
1 582045 328555
2 685996
2 114587
2 176100
0
0
2 130036
0
1 161924 514883
2 567761
2 576441
2 171041
1 872451 302077
0
2 286710
1 588745 846053
0
1 520715 932656
1 381993 346979
2 438458
0
0
0
1 368728 653050
1 933346 487056
2 77543
2 312041
0
1 603466 670992
1 657255 630000
1 311288 547501
0
1 79169 638055
1 286520 168451
2 812643
2 56620
1 161127 935805
1 601884 425521
2 978109
0
0
0
1 144104 297008
2 708986
0
2 489302
2 39568
2 725607
1 391855 152407
2 259577
2 298504
0
2 296772
2 530693
1 446545 14886
2 729632
0
2 601364
0
1 148626 159527
2 347362
2 637083
1 478773 906606
1 79516 566993
1 761935 611904
2 539132
1 638348 977532
2 127167
0
0
1 90361 48272
2 356045
0
1 62104 288152
2 249884
1 946625 956355
0
0
2 818046
0
0
0
1 666155 625875
2 732271
0
1 915604 76650
2 557285
0
0
2 48152
2 766090
1 418593 830011
2 579433
1 904594 899829
0
1 529438 238236
1 273891 740459
0
2 799255
2 142427
0
0
1 296473 706671
2 378709
1 273777 904101
1 877617 436601
1 378655 125395
1 998955 899591
1 649527 85955
2 816338
2 203147
2 566505
2 665127
1 189871 674467
0
1 136600 978949
2 897594
0
0
0
2 42396
1 733604 648390
0
1 377426 679151
2 607874
0
2 570821
1 733285 473773
1 666331 78285
0
1 388434 747366
0
1 454993 422378
1 274743 330155
1 908230 266281
0
0
0
2 641128
2 269666
2 629338
0
0
0
2 799068
0
1 193147 387537
2 423646
1 837332 773393
0
1 837566 596340
0
2 510791
0
0
2 356800
2 284839
2 927285
1 563937 715785
1 632539 561863
0
2 73627
0
1 208874 752801
0
2 118236
2 208183
2 799987
2 529806
2 367157
2 147120
2 154644
0
0
2 8413
0
1 357094 759027
2 429659
0
2 7566
2 31437
2 461480
2 114344
2 483111
0
1 726355 136747
0
2 402698
2 280889
1 149790 535682
0
0
1 930562 871609
1 589843 856331
0
1 873571 202142
2 432903
1 534997 877358
1 496714 963077
0
2 334360
0
2 531082
1 988297 638513
0
2 343570
0
2 627327
0
1 256840 110995
1 212375 858312
2 61224
1 451397 579864
0
1 718795 890135
2 396616
0
1 102759 12787
1 522002 554182
2 424292
2 617154
0
1 140888 568524
0
1 160205 468726
2 121854
0
1 815948 417869
0
1 75315 341612
2 676637
0
1 576331 99125
1 473315 559821
2 13758
0
1 204772 25278
2 497861
1 196708 561087
0
1 645215 134318
2 361317
0
2 906322
1 167463 685474
1 375473 125922
0
0
1 856438 178894
2 894803
1 470891 461482
0
1 538813 482161
1 843472 150976
2 458094
1 433300 776070
1 938196 14830
0
2 20812
1 449380 935729
0
1 236453 800898
0
2 521321
1 467585 676262
2 502003
1 877498 205008
1 892605 785529
1 384654 573590
2 812578
1 20885 57811
0
1 676097 101812
0
1 453282 239084
1 25184 655899
0
0
0
0
0
0
0
0
2 229715
0
2 431337
2 36740
0
2 885391
2 700511
0
0
1 929580 844856
0
1 515853 889051
0
1 168780 473337
0
1 214447 15330
0
0
0
1 812419 163902
2 534439
2 512550
2 530462
1 397721 6691
1 443805 641019
0
1 391089 948946
1 538776 246867
2 126707
1 483489 683966
2 686101
1 351682 740643
2 988299
2 209937
0
1 12591 304372
1 856762 786868
2 981817
1 364328 883317
0
2 520485
0
2 223701
2 641326
2 679838
2 87352
2 290002
0
1 973712 583813
0
1 715691 787071
1 116348 837209
0
0
2 583568
1 844512 947433
2 833820
1 274339 343220
1 749582 98537
0
1 58768 390155
1 267126 612923
2 537558
0
1 814171 150145
0
1 710934 14706
0
0
0
2 111799
0
0
0
0
1 291316 212560
0
1 514363 966271
0
2 768542
0
0
1 708586 116516
1 920692 785443
2 7996
2 740303
0
0
1 270028 461125
0
0
1 146698 38143
2 690920
1 953540 23333
2 607931
2 295652
2 3049
1 109052 230327
1 914965 88214
1 794706 585961
0
1 235639 178016
1 513779 681845
0
1 800134 448071
0
1 235075 528294
2 212191
1 699177 708451
1 794129 270677
0
2 752121
1 386295 556682
0
1 695877 659324
0
1 862890 681362
0
2 934300
0
1 916650 115477
0
1 751861 947274
0
1 91579 680357
0
2 402675
0
1 296430 665720
1 829453 183051
1 292095 992905
1 631974 448143
1 808848 587661
1 542993 961682
0
0
0
0
1 25133 528141
2 806545
0
2 262995
1 259691 69909
0
0
0
0
0
1 606151 290308
1 523570 513084
2 314004
2 915872
0
0
0
2 706648
1 524827 975918
2 462122
1 127980 237838
0
1 190378 46611
2 856403
0
2 206157
0
0
1 442908 378590
1 190367 227308
1 219454 393152
0
2 893941
1 193260 967853
2 557015
2 149688
0
1 726591 457419
2 899505
2 353978
0
0
1 14865 113756
1 573557 787546
2 322950
0
0
0
0
0
2 18720
0
0
1 898795 72709
0
1 227582 817870
2 582868
1 935638 270669
2 932207
2 415180
2 604944
0
1 781476 356904
2 842456
0
1 63290 73561
2 987078
1 564565 58346
1 81802 723423
1 71707 162559
1 116338 866175
0
0
0
2 532796
0
1 279338 353608
0
1 987390 929853
0
0
1 127824 522110
2 995458
1 594512 350271
2 498926
0
1 813123 311684
2 576863
1 14186 976038
2 212672
1 363714 59976
1 157289 538989
2 661942
2 535515
1 783924 27981
2 525056
0
0
0
2 170640
2 569916
2 947889
1 727049 478778
2 338252
0
0
0
0
2 581074
0
0
0
2 169415
1 521101 766024
2 602066
2 556206
2 138698
0
0
2 202635
0
1 328013 739142
0
2 364686
0
1 630695 381237
2 797364
1 402287 363926
1 144633 690793
2 466885
0
2 947677
0
1 982322 811050
1 730586 501364
1 387944 562729
2 823854
2 260461
0
2 505593
2 182317
1 855414 731841
2 880574
1 366565 153664
2 702643
1 777817 158011
2 493260
1 299242 523756
2 997093
2 308901
1 942209 140107
0
1 400623 550911
1 147380 692592
0
2 393450
1 379304 315513
2 461978
0
2 229124
1 7539 491644
0
1 737075 669669
0
1 944239 833193
1 860752 250217
0
1 989230 683424
0
0
2 512689
2 963153
2 311312
0
2 482611
1 328459 209176
2 993625
1 174963 64402
1 82624 578733
2 561105
1 313730 740029
0
2 729421
2 333288
2 950808
1 717166 994319
0
1 322659 336104
2 614743
1 399390 934581
0
1 627992 947261
2 21432
0
1 654963 516976
0
0
0
2 198933
0
1 477170 74320
1 59780 920080
0
2 258582
2 871862
2 478230
2 956301
2 799746
2 660280
0
1 908445 856112
0
1 700966 261300
1 3244 209821
2 280767
0
2 24067
2 479832
0
2 9112
0
1 377538 970633
0
0
2 929801
1 771205 893177
1 89720 679780
0
2 505690
1 594421 95196
0
1 145105 288784
0
2 547233
1 224377 634915
1 940949 449450
0
1 980951 599643
2 280474
2 909630
0
0
1 12886 861556
0
0
1 566675 553750
1 59895 32082
2 739956
1 268024 788278
2 688708
1 789035 585177
2 313645
1 395617 761157
2 876118
0
2 404584
1 536515 359473
0
1 659985 324027
1 355486 561619
1 809040 569986
0
2 179002
0
1 562573 302687
0
0
1 5983 656230
2 427263
0
1 224973 461134
0
1 627889 783276
1 439358 10546
0
0
0
2 553645
2 538823
2 542450
2 547387
2 537190
0
1 476500 505725
0
2 50440
1 453603 248397
0
1 863839 857953
1 278669 134516
0
1 793687 675311
2 119690
0
2 59848
0
1 943010 861152
0
0
2 163850
0
1 842493 890990
0
0
0
0
0
1 718350 803537
0
1 781944 598590
1 461699 554249
0
0
0
2 342834
2 717718
0
2 495650
0
1 689475 403188
2 149120
1 116581 578259
1 503093 9555
2 706908
2 827653
1 604237 167548
0
0
2 5292
1 527350 146165
0
0
0
2 461702
2 403932
0
2 838206
1 256566 10059
0
2 32457
1 961781 842900
0
0
1 541578 515034
2 296123
1 630136 970788
1 427363 686729
1 352280 541427
0
0
1 237801 814313
1 506774 551136
0
2 931052
2 415951
2 552149
0
1 839186 984152
0
0
1 531670 7587
1 61128 38718
1 350980 399925
2 558561
1 314882 506149
0
1 774890 219421
2 160855
1 237128 64604
2 549785
0
1 791333 102337
0
0
0
0
2 366851
1 828709 131927
1 157497 831558
1 68085 139525
2 725388
0
2 789769
1 335789 862449
2 448987
2 797099
1 674558 134110
1 191353 492987
1 280517 453767
2 270785
1 719932 898067
1 811629 710214
1 741641 974687
1 966275 61245
2 140037
1 546248 692983
0
2 158246
2 188540
0
2 466889
1 335399 43772
1 260784 473021
0
2 518932
1 523379 138785
2 111905
0
0
1 468197 872260
2 986366
2 495586
1 246677 402657
1 933067 839472
1 520191 990204
0
0
0
1 365966 235912
1 594258 136081
2 360630
0
0
1 932745 432601
2 576981
0
2 111593
1 616417 845647
0
2 924436
2 862537
2 626966
1 108306 401297
1 96549 186861
0
1 806212 972684
2 901528
0
1 586213 54635
0
2 873607
0
0
2 504601
2 648120
2 723271
0
2 97378
0
1 838375 972226
0
2 172027
0
0
0
0
2 788559
1 1343 574661
2 22770
1 168061 777513
2 397589
0
1 153657 723042
1 235077 521955
1 443155 653767
1 179307 247909
0
0
1 346747 350546
0
1 215254 527637
1 596401 91199
1 80686 392735
2 262101
1 595336 194224
1 559402 802246
0
1 163247 202268
0
2 655351
2 471490
2 215240
2 280906
0
0
1 662347 76769
2 448021
1 515405 27299
1 10795 119896
0
0
2 240639
2 75573
2 5967
1 984090 866741
2 642227
1 17590 678604
0
2 587477
1 404591 61155
2 657774
1 868167 480227
2 541458
2 746177
0
1 970595 863605
0
2 622560
0
0
2 524641
2 938798
1 511743 31758
2 959356
0
0
0
0
2 253466
2 417641
2 989045
2 569659
1 515052 274633
2 631064
2 468304
2 483150
1 69015 434423
2 11186
2 654320
1 390017 608231
1 812240 65522
0
1 453662 800550
0
0
2 943629
2 461875
1 875195 261760
2 841636
2 88427
0
2 8562
2 376506
1 17382 733395
2 231506
2 389461
2 313076
2 194108
0
2 596136
2 794314
0
0
1 494882 383381
2 42985
0
1 598041 519389
1 652595 83812
2 272975
2 482470
2 109278
0
1 424478 670663
0
0
2 820658
1 699542 366839
1 371080 763359
0
1 284787 847151
1 201569 345056
2 75683
2 272331
0
0
0
2 130402
0
1 791839 46198
0
2 932002
2 974288
0
0
0
1 848041 843880
0
2 268373
2 434467
1 763871 630974
0
0
0
2 140632
0
0
2 385537
2 844930
2 473833
2 188274
1 501021 882961
2 343064
1 962280 423370
2 190521
1 407361 17589
1 569582 205883
1 736876 987221
2 311012
0
0
0
2 919394
2 226829
1 396185 903433
2 356509
2 290524
2 135841
0
0
1 921999 623162
0
1 895109 642029
1 727330 642136
1 390756 325752
1 66589 264085
1 944422 456774
0
0
2 260081
2 679314
0
2 565779
1 560431 109799
2 746211
2 619993
2 841938
0
1 307242 873939
0
2 436027
1 599576 454806
2 202574
1 825941 351155
1 650537 28550
2 842832
1 222647 254585
2 851201
1 48216 870161
0
1 642142 456167
2 902105
1 606754 515297
0
0
2 601685
0
2 627463
2 248222
2 927102
0
1 693317 40773
0
1 574010 409275
2 951733
1 57710 496839
0
1 776925 377476
2 27931
2 640569
2 37574
1 563495 367598
1 431624 146391
0
1 457580 202297
2 467054
0
1 31185 820237
1 238890 495000
0
1 54425 923736
0
1 666201 904785
2 415293
1 919025 914239
1 218225 60228
2 189331
0
1 601668 214144
1 228559 132359
0
2 970283
0
2 634023
2 940631
0
0
2 944469
2 189281
2 623648
0
1 401521 573058
2 369404
0
1 388614 480041
0
0
0
0
1 547488 54411
1 142909 976421
1 970245 970619
1 915471 170456
2 331447
2 246659
1 128397 397231
2 4734
2 266978
1 312567 213396
1 650335 341939
2 540079
2 103009
0
2 424873
0
1 815333 679459
2 543741
1 694727 221086
0
0
0
2 731982
1 412995 888554
2 103974
1 394385 467877
0
0
1 168850 491835
0
2 222784
0
0
0
2 369823
1 741997 586198
0
0
0
1 793942 277121
0
2 255272
2 90943
2 120638
0
1 321509 109203
0
0
0
0
1 459982 776993
0
2 813825
1 404487 644013
1 115023 285243
1 985013 26566
1 326906 795407
0
1 583073 255207
1 40598 915484
0
2 196821
1 513222 527474
0
1 173502 184752
1 3116 915037
1 630126 411083
2 968814
0
0
2 614844
1 433409 570214
0
0
0
1 575142 628529
2 537270
0
1 10383 862405
2 500484
1 522076 301957
2 161186
1 342851 792218
1 16381 971644
1 105488 319947
2 517166
2 842779
1 292702 753107
2 986399
2 46364
2 610364
0
1 505758 139405
2 529873
1 778048 203949
2 267894
0
1 641939 530773
2 138717
1 782407 494889
2 274554
2 328370
2 191212
2 568287
1 330901 310058
2 245549
0
1 952154 228148
2 95562
1 216871 577943
0
1 410983 241746
1 948154 262773
2 369075
0
0
1 559001 602328
2 297475
2 803423
2 754894
2 247852
2 230389
2 567043
0
1 233275 648198
0
2 952263
0
0
0
0
0
0
0
2 919653
1 935086 464110
0
0
0
1 908347 124188
2 230153
1 39716 166549
1 822985 201657
2 780861
2 794157
0
0
2 989414
1 577877 358002
1 135868 643184
1 173347 186621
0
1 491511 542452
0
2 727081
2 154463
0
1 709217 262796
1 428182 644137
1 287453 146570
2 203929
0
0
0
1 431021 190679
2 568155
0
2 232824
2 661977
2 912117
1 32918 58682
1 747262 708346
2 209014
2 391430
1 869634 517675
2 534684
0
0
0
1 288240 384637
1 806038 935776
2 725250
0
1 201974 262498
1 716064 695059
2 303337
0
0
2 392235
0
1 230467 97640
0
2 813438
1 924207 583884
1 186013 72709
2 961240
1 394528 28482
2 131092
0
2 939438
0
2 818645
1 957601 817440
0
0
1 681057 586604
2 228985
1 491888 389079
2 522322
0
2 155850
1 301961 416218
0
1 656066 443976
0
0
1 986521 8144
0
1 501733 852647
0
0
0
1 597182 580745
1 957353 812724
0
0
0
2 277393
1 871633 721967
2 969253
2 746565
1 248603 422379
2 552064
1 257603 258344
0
0
2 822106
1 598577 664541
2 318234
2 194023
2 852934
2 82250
2 203070
0
1 138245 199636
1 638620 97278
2 235076
1 757696 515599
0
1 146950 59012
2 906713
1 937973 709561
2 527059
0
1 407090 231271
2 90316
0
0
1 477872 89035
0
0
2 546303
2 306246
0
0
1 329099 21780
0
2 204016
1 38980 529906
0
1 56855 862982
0
2 933937
0
1 198844 425161
0
1 597124 603465
0
2 201030
2 856693
0
2 352799
2 616964
1 164145 740347
0
0
2 215979
1 338929 12720
2 322491
2 125484
1 273629 248993
1 233384 240295
1 772985 495334
1 491409 234603
1 373198 77656
2 847193
1 12822 348898
2 486474
1 857019 913997
1 313414 462934
1 516738 588556
2 807719
2 230193
0
0
2 168479
2 5009
0
2 201594
1 696706 406354
1 179358 834973
1 160920 889170
0
0
0
0
0
0
2 251596
1 552366 855387
2 340444
2 486822
2 895539
1 823141 370333
2 168543
1 411500 362798
0
0
0
0
1 480133 733237
1 996814 749440
1 451241 21458
2 525068
2 298128
2 433636
1 602589 791653
2 327633
0
2 256294
1 81185 274992
2 427476
2 885827
1 52383 197833
0
1 195083 232203
1 49500 621377
1 495221 571991
2 160476
0
2 600743
0
2 947436
2 155361
0
2 521634
2 465647
1 680647 747693
0
0
1 843557 838663
1 593707 935
1 281682 172606
1 174960 202605
2 735336
2 907249
1 453896 141724
0
0
2 253337
1 105208 815875
0
1 499198 46899
1 156871 223824
2 708695
0
0
1 630810 862610
1 262506 929849
1 995208 821067
0
1 364140 886478
1 243114 85731
0
1 988496 166568
1 656723 396888
1 270111 826354
2 748800
2 42484
0
1 820272 114779
2 563623
1 595710 71901
0
1 170867 352431
0
0
0
1 245240 249231
2 177313
1 566454 496571
0
0
0
0
0
0
0
0
1 767593 755040
1 603918 398853
1 613330 43409
0
0
0
0
2 714334
0
2 583110
0
2 123713
1 617420 624125
1 212422 34463
1 29706 466108
2 114846
0
1 340006 818851
1 55372 84038
0
0
0
2 907810
0
2 49255
1 48449 99031
0
0
1 839700 953503
2 747312
1 920223 423951
1 829012 597049
1 615811 798986
1 164805 502792
2 300669
0
2 834998
0
0
0
1 871003 177802
1 618590 534854
1 840289 792509
2 585396
2 171324
1 81429 55799
1 591207 919847
1 251086 641507
0
0
1 477506 996509
2 670105
2 12932
0
2 449343
2 289848
1 166934 390069
0
2 264939
0
2 404729
0
2 504265
2 934043
1 195654 455824
0
1 284234 502646
1 668669 394263
2 583403
2 314380
0
0
1 596128 844875
2 8890
0
2 250372
1 346061 493073
2 448914
2 535121
1 395273 64400
1 252824 20742
0
1 396391 509362
0
0
1 767470 820206
1 24696 647427
2 473279
1 787633 573574
0
0
0
0
0
0
1 80456 885702
0
1 222566 371200
2 676095
2 528235
1 112150 430267
0
1 609073 266581
1 697587 686975
2 71735
1 875792 927546
1 17064 692185
1 813195 41772
0
0
2 886071
0
1 975860 873790
1 115379 885047
1 877269 431842
2 195494
1 439520 972466
1 994416 355497
0
2 130768
0
2 77120
2 489407
2 635514
2 994713
0
0
1 717313 986375
1 181217 805839
1 187284 643832
0
0
2 49311
2 840312
1 905276 403315
2 324928
1 903139 499306
0
2 187498
0
2 137652
2 733150
1 352935 610203
1 536991 834277
0
0
2 987238
1 873521 498578
1 880867 265938
2 897386
2 543003
1 486147 633112
2 662755
1 467771 839403
0
2 606710
0
1 633683 920732
1 285915 943995
0
2 39007
1 112493 129747
1 574223 859144
0
2 102439
2 718143
1 107879 242798
2 463559
1 806564 605740
0
0
0
1 228472 254113
2 355587
1 955282 132531
1 873077 511068
2 260976
0
1 223092 659660
0
2 206455
0
1 609034 850892
1 688195 943678
1 177673 925536
1 954694 766330
1 909835 403618
1 285104 297531
0
2 396771
1 336298 191447
1 168667 276143
2 964405
0
1 916127 532627
1 828992 419288
1 781196 835386
1 36235 585151
2 813489
2 95447
1 769551 294775
2 993666
2 666429
2 666
0
0
2 730590
0
0
2 511502
0
1 420962 773596
1 608015 956782
0
1 43052 485398
1 887911 413751
2 282311
0
1 41103 528303
1 960078 484789
0
2 812312
0
2 21754
1 767583 922387
1 340135 971326
0
0
0
0
0
0
1 865915 369149
0
2 957493
0
1 726529 907565
2 355329
1 988758 614237
1 189931 151714
2 805382
2 146404
0
1 535921 170052
1 670656 278207
0
2 892061
1 245987 285341
2 468977
2 907849
2 772512
2 704248
2 565672
2 439736
1 882176 124272
0
2 493616
1 13481 22206
0
0
1 560793 792105
0
1 870534 877414
0
0
1 307492 623653
1 280125 824238
2 776707
1 524761 530523
1 447458 774762
1 472343 720055
2 562920
2 225409
1 678465 466642
0
0
2 722555
0
1 211379 136816
1 902498 120088
2 511077
2 866526
0
0
2 434177
1 981493 609083
0
0
2 607064
1 538006 842853
0
0
2 672643
0
2 189268
2 892895
0
2 228467
2 745969
0
2 67642
1 898419 885331
0
0
2 231667
1 539417 142236
0
0
1 743541 661601
1 429599 356704
0
0
1 433915 561242
0
1 512513 886504
1 963073 267226
1 520955 682091
2 322217
0
1 690538 389278
1 841145 379164
1 554180 488342
0
0
0
0
0
0
0
1 524489 746164
2 678643
2 362101
0
0
2 693417
2 893570
1 305847 271639
0
2 68754
0
1 631184 964506
2 577125
0
2 480407
1 960269 560212
0
2 194813
2 64126
2 292888
1 472621 13259
0
1 231998 50484
2 825291
2 294550
1 423320 246890
2 514276
0
1 831699 688623
0
1 613971 417775
0
1 994080 551539
0
0
0
0
2 549058
0
2 40156
2 416038
1 949240 396575
2 512335
0
2 785816
2 145682
1 523568 778883
0
1 262337 81157
0
2 665530
1 508016 223067
0
2 211764
2 407499
0
2 830494
1 879849 171197
2 369342
1 697861 139944
1 327518 803625
0
2 311137
0
0
0
0
1 767374 925719
2 765186
2 158052
1 912910 586008
1 201697 358200
1 439808 193846
1 497452 35416
0
2 1947
2 387090
0
1 172859 528042
2 180578
0
1 154602 257102
1 342212 5572
0
1 900812 931649
2 637471
1 5626 809813
0
2 409255
2 118518
1 222997 17259
0
1 257724 183955
0
1 174397 8880
2 754263
1 500176 970312
1 516910 578289
2 351212
0
1 601169 731602
1 123171 756401
2 135478
0
1 913036 33270
0
0
2 560659
2 540624
2 365299
1 669355 696926
0
2 113983
2 603583
2 607737
1 922692 4371
1 315413 986414
0
1 433166 222113
2 845774
0
1 880739 287803
1 520139 34717
2 360018
2 101750
1 702688 308358
0
0
0
1 779784 294828
2 573421
0
0
0
0
0
1 715691 718114
0
2 670329
2 618313
1 29054 914022
1 563459 867303
0
2 958429
0
2 174778
0
1 301504 374228
1 683258 409419
0
0
2 611212
1 693011 636176
2 858536
2 556871
2 13761
2 978569
1 467070 913682
0
0
2 993023
0
0
1 849074 542157
1 809858 409671
0
2 802811
2 712271
2 815297
2 816293
0
2 158867
1 776679 124734
2 292981
2 707912
0
2 171352
2 344651
2 257353
0
0
1 781595 230133
2 538794
2 520671
0
0
2 283177
1 386703 406515
0
1 295895 871574
1 142675 181471
1 605034 891210
2 981608
0
2 686269
2 566466
2 166781
1 101900 364154
2 399260
2 347416
1 534538 166872
1 765986 967129
2 456182
2 938502
2 223626
0
0
0
2 428453
2 557610
2 222540
2 44145
2 69003
0
0
2 524683
1 664028 502422
1 69577 715498
0
0
1 186794 585455
2 586204
2 449546
0
1 497835 919649
0
0
1 166140 943704
0
0
1 544991 636373
0
2 459648
0
1 859844 902807
1 600580 740249
2 806219
0
1 45091 238696
2 79182
1 988212 376628
1 703318 850504
2 521852
0
0
1 294652 636697
2 533668
1 339329 987809
2 592501
0
2 52952
2 866466
1 192615 513115
1 660652 903724
1 889288 933721
0
2 899806
0
1 408639 625565
2 338373
2 441006
2 309603
0
1 879720 761764
2 986573
0
1 819105 607531
2 517502
2 808806
0
0
2 722754
1 160767 979101
1 914707 396970
1 340274 534439
1 727223 372329
0
1 237789 127462
0
2 724667
1 792720 114457
2 312335
0
1 782443 217768
0
1 194307 343447
2 165159
1 374672 952812
1 104470 742267
1 605727 971379
1 354069 920435
2 351294
1 571573 273776
1 979882 166329
0
2 643225
1 332566 602820
0
2 369375
0
1 653959 823824
0
2 28981
1 561323 408215
0
2 356293
1 357364 706679
1 279484 89117
2 713604
0
0
1 41232 701469
0
1 185480 857025
2 423889
0
2 452882
1 557956 472858
0
1 685910 17262
2 647228
1 271628 772132
2 717777
1 420038 592569
2 765325
0
1 186205 353547
1 145096 762873
2 768439
2 450041
1 844060 431897
1 181204 476388
2 214800
1 358149 987265
0
0
1 286311 663515
2 189712
1 406158 774358
0
0
1 900327 756849
2 322551
2 65500
1 5174 677350
0
1 490734 258918
1 545170 626244
2 790850
2 102497
2 431620
0
2 384403
0
0
2 610176
1 13473 568145
1 791554 27521
1 87236 450210
2 652521
2 605523
1 151510 357088
0
2 58900
2 844583
1 834033 146099
2 362956
2 268591
1 135760 557950
0
2 755481
0
2 851561
0
1 244955 558929
2 202629
1 436732 846284
2 106701
2 702400
0
2 970045
0
0
0
0
2 336395
0
0
2 391814
0
2 480671
1 154448 915694
1 525326 455762
0
0
0
1 186702 847681
0
1 448471 309690
0
1 770540 30565
0
2 317471
0
1 723514 793048
0
1 417684 399624
0
2 711450
2 847061
1 780094 883583
2 563984
0
0
0
0
1 836314 831623
2 552668
2 33423
1 957808 390896
0
1 105271 213190
2 264705
0
2 605197
0
1 80990 707497
1 638783 627494
0
1 565952 619710
2 714517
2 910940
2 162883
1 630614 561136
1 648707 538707
0
0
0
0
1 149118 542328
0
2 923894
0
0
1 565224 403363
2 225497
2 463870
1 510409 893485
1 555660 672459
0
2 517611
2 453591
0
1 166241 63255
2 146871
1 119878 789848
2 6261
0
2 395374
0
2 847815
2 223509
1 427126 523216
0
1 832040 776728
2 837468
1 378555 341729
1 344166 956714
0
0
0
1 593951 294897
0
2 663847
1 526274 946782
0
0
2 282069
2 665437
0
0
1 912471 886872
2 94949
2 385727
0
2 414285
2 845642
2 832855
0
0
0
1 516197 413017
0
2 627759
2 591348
2 132449
0
2 962058
1 830325 374807
1 964388 229875
0
2 656635
0
2 900740
0
0
1 225 945960
2 397273
1 978027 794457
1 6998 6783
1 151441 397527
1 217706 428943
2 356034
2 310978
2 19131
2 48073
2 457289
0
1 564429 777197
1 682650 379799
1 187167 269251
0
2 355330
1 913848 985706
0
1 924838 636124
1 788399 700930
0
2 372665
2 8844
0
0
0
0
2 644422
1 276082 315598
0
1 786813 835215
2 752652
1 318774 974084
1 555928 594460
1 101796 365929
1 625257 47449
0
2 313210
1 87466 698945
2 755171
0
2 581233
1 970574 724150
1 796999 239305
1 358488 372184
1 60209 456261
2 502450
1 839107 259470
1 945944 997995
1 952687 449525
2 624374
2 491987
0
1 297518 736074
2 484689
2 293128
1 591453 778521
1 51428 179713
1 474352 79402
0
2 42229
2 947840
1 863338 47306
2 762617
0
0
2 297464
1 488209 914267
1 132245 183024
1 926801 746270
2 799721
1 337148 179149
1 731070 11987
0
0
0
0
1 674523 661112
0
1 950025 556555
2 187184
0
2 565465
2 803395
1 196488 545684
1 908412 290696
0
1 70678 651028
0
0
1 696268 249341
0
0
1 418697 477362
1 172550 335993
0
2 402729
0
2 918777
2 666107
2 156876
2 236944
2 273632
2 970730
0
0
1 379380 328083
2 72017
1 205447 488374
2 298556
0
1 990043 379853
2 169202
1 64784 380650
0
0
2 774671
0
2 58127
0
0
1 615099 830675
1 965309 912805
0
0
0
1 110837 555002
0
0
0
1 65420 468277
1 698979 928760
2 427566
2 262580
0
0
0
0
1 826992 734821
1 303598 895784
2 128388
1 999835 833088
0
1 884656 137651
0
0
2 44705
0
0
1 517214 284951
2 38152
2 730959
0
1 174078 410457
2 530077
1 81263 152909
2 581966
1 929557 604762
2 716710
2 953869
1 518618 519563
0
1 676388 554768
0
2 755127
0
1 520231 135585
2 785493
1 873464 215839
1 30771 527037
2 47671
0
1 28195 451257
1 517797 336753
1 958872 423778
2 703805
2 878221
1 553404 851258
0
1 936193 74504
2 648834
2 383559
0
1 564931 149748
1 596196 591125
1 132319 795649
0
1 745461 246444
1 739653 684257
2 564005
2 190376
1 212158 192941
0
1 518153 388560
1 584811 349396
0
2 216592
1 96125 12015
0
1 328313 174474
0
2 847470
2 696786
1 224345 686709
2 806698
0
1 831353 752560
1 591731 417384
2 289963
0
0
0
1 815643 169379
2 936293
1 366543 361577
2 456682
2 647640
1 786416 837959
2 370957
1 1319 172056
2 261570
2 567071
1 732741 74980
0
1 453081 10367
1 677796 676064
1 242261 930830
2 425840
0
2 85335
1 959865 774774
2 347717
0
0
0
0
2 862835
1 34025 88112
2 233482
1 500239 237412
2 601328
1 331913 777272
0
0
1 774182 523957
2 49428
1 677718 623176
0
1 880641 296364
2 310696
1 765707 854489
2 58434
