1906
1 201326 369152
2 9858
0
1 568078 701725
2 754814
2 928
0
1 336335 709874
1 7111 44894
2 107278
1 788320 440916
0
0
1 455027 428260
1 829879 921468
0
1 960395 381311
1 948517 618836
0
2 429563
1 73282 372930
0
0
0
0
1 854544 10519
1 789740 702091
1 129004 519758
0
1 120049 862796
2 891447
1 883535 789189
1 793564 814617
2 82873
0
1 168623 699495
1 793321 544693
1 775608 593391
1 621498 499020
2 510995
2 473947
0
2 801621
1 805392 846415
2 474477
2 753334
1 403503 791651
2 655775
2 624826
1 284919 166613
0
1 235 75650
1 240832 597619
2 856282
0
0
1 168258 420846
0
2 381841
0
2 251075
1 946024 216395
0
0
0
0
0
2 64419
0
1 374158 828092
0
1 347865 672122
1 974346 328334
2 87903
1 992059 328348
1 364343 365724
0
0
0
1 285222 745120
1 529230 20588
0
0
2 781997
0
0
2 555129
2 545142
1 717525 486645
0
1 210904 766998
1 681774 939531
0
1 934396 489739
0
2 256339
1 456986 553818
2 350486
1 429747 261573
2 756432
1 966225 287944
0
2 304890
0
0
2 366056
0
2 39444
1 522177 663445
2 800795
1 679246 153714
1 627292 52894
0
0
2 472267
2 393282
2 615689
1 584285 550531
1 848381 866931
1 121151 644697
2 384525
0
1 814230 154900
2 897327
1 203365 336890
2 314733
1 168300 781883
2 680466
0
2 567013
1 921287 247769
0
2 766320
1 53719 925617
2 871100
2 687556
1 239800 379219
1 163611 784076
1 222629 215081
1 661756 445455
1 897734 145648
2 36523
1 562070 997293
2 349324
0
0
0
1 698714 441390
1 51541 708177
2 851784
2 9240
0
2 598895
1 793553 615799
1 185228 263329
1 761672 403499
2 953094
2 25073
2 337906
2 264196
1 240506 227040
2 821638
0
0
2 411765
1 85762 680883
1 136453 390301
0
2 896627
2 182981
2 142435
1 742156 533857
2 695586
2 168634
0
1 12715 754385
0
2 885900
2 970635
1 800356 517706
0
0
1 45656 953899
2 947963
2 5577
2 973508
1 972636 43314
2 977897
1 367778 247345
1 271029 189158
2 122637
1 832955 536280
1 80245 376313
1 623138 563471
2 328198
2 826942
0
2 879084
2 810562
0
1 912483 465207
0
1 859806 464315
1 91524 539202
2 757126
2 341616
0
2 383943
0
2 149883
1 895608 439516
1 618057 171504
2 398541
2 624812
1 833049 888886
0
0
0
1 848964 812272
2 169669
1 488060 143347
0
1 834782 581176
0
0
0
0
2 531104
2 237679
1 18329 275607
2 369216
1 576573 741842
0
1 273954 877355
2 725952
1 374765 670961
1 498625 897535
1 319896 936659
2 457780
2 534855
1 28342 612945
1 267250 4327
2 193695
2 512174
1 974792 895712
0
1 153717 478065
2 275762
1 808528 31510
2 414115
1 89037 854806
1 314422 959373
0
1 566081 184542
1 965115 745029
0
0
0
2 100218
2 773926
1 559874 563578
0
2 83946
0
1 985277 414868
2 828735
0
2 761163
0
2 733439
0
0
2 224439
2 792344
0
1 731835 514303
2 981428
0
0
2 212858
1 951578 771655
0
0
2 593236
2 981928
0
1 327651 868814
0
0
1 822632 281357
1 32827 759160
0
1 35034 437560
2 361878
1 189094 357550
2 685570
2 830647
1 937317 31996
2 76967
0
1 127324 552596
0
2 766028
2 509037
2 848545
1 420537 298661
1 963908 148648
1 877332 7623
0
0
0
2 715527
2 314433
1 236164 183864
0
1 496854 7750
1 377532 232584
2 805380
2 539090
2 893809
0
2 251566
1 341450 511873
2 420327
2 789559
1 255728 946435
1 554341 446669
0
1 113117 518138
2 819309
2 360206
2 199583
0
1 379702 835471
0
1 468151 278670
0
1 422200 406641
1 578841 286478
2 920504
2 150231
1 672465 471821
1 573367 211269
1 821067 727717
2 315037
1 478277 57756
0
0
2 729487
1 712368 391602
1 198807 841264
2 882062
1 410480 399068
2 523763
2 412667
2 451088
0
2 323305
2 880308
0
0
0
2 732167
1 408251 718024
1 418899 674918
0
1 980879 647182
0
1 858955 796446
1 274642 591918
0
2 460097
1 813907 847641
1 162370 816255
0
0
0
0
1 159870 101064
1 452376 80592
2 199128
0
2 980164
0
0
2 505326
0
2 851851
1 240595 223076
1 680649 6370
1 789534 914821
0
2 978294
1 784483 552217
0
2 356321
0
0
2 773717
1 762460 778688
2 521024
0
2 565307
1 428884 977802
2 934286
2 47808
1 508556 516208
0
2 555229
2 391869
1 787257 108
1 684431 571540
0
0
0
1 195727 330152
2 798789
2 984738
0
2 674033
1 287646 956107
1 168466 646495
0
2 351353
1 24623 651292
1 805553 662215
2 657898
1 181587 217628
0
2 121978
2 496866
0
1 303905 372982
1 684634 586574
1 345614 816561
1 61877 175554
0
0
2 321930
0
2 337141
0
0
2 624394
1 250045 27631
0
0
1 191423 207641
0
2 407666
1 609564 499598
1 463183 133997
2 379148
0
2 659122
0
2 851565
0
1 332866 828233
0
1 962754 997933
0
1 742214 595964
0
0
2 704317
2 99200
0
1 644925 561624
2 981341
1 976483 331778
1 373973 773346
1 838499 204204
2 594991
0
2 601345
2 906528
2 34257
1 508085 821579
1 362111 898835
2 139916
1 543676 329070
0
2 492337
0
2 894765
2 945007
0
2 49830
2 567504
2 205658
1 191399 622184
2 123005
1 564568 391443
1 803159 982367
2 615532
2 349146
0
2 64
0
0
1 820853 764696
1 996289 380367
0
1 854450 915452
2 859673
1 374528 973274
2 171256
0
1 795118 276172
0
2 106249
0
0
0
2 458384
2 379337
0
1 950823 704179
1 330420 422167
1 389481 390634
1 520642 646127
2 861720
2 57747
1 254560 797164
0
2 85110
2 340782
1 890282 133547
2 378890
2 178633
1 218854 548172
1 947644 938176
2 981488
0
1 270050 187728
2 512617
0
1 841894 221568
1 52458 810216
2 30439
2 751540
1 854038 669612
0
2 452276
0
0
2 411014
0
2 462718
1 749150 624739
1 533375 849132
1 627118 855096
2 431765
0
0
2 731578
1 379268 115895
1 616602 10748
1 829186 584625
0
1 259513 809194
1 942395 169915
1 688163 271954
2 22708
1 663333 318061
0
2 765814
2 254075
1 433352 862346
2 279475
0
1 270385 207891
0
1 939967 977134
2 443565
1 409576 563223
0
1 23379 286702
1 508080 392385
1 154549 930075
2 66561
2 830579
1 898420 222090
1 773962 210480
0
2 463714
0
1 252564 396559
0
2 921963
1 293154 521192
0
1 266818 973381
0
0
2 67570
0
2 838464
0
0
0
0
0
0
1 821636 652111
1 133296 248133
2 154502
2 678838
0
0
0
0
2 171755
2 243637
1 176045 705780
1 642255 567875
0
2 833987
1 440629 989904
2 539275
2 740471
1 810840 906899
2 679851
2 853179
1 381922 665543
1 848964 202999
0
1 515629 101315
2 517343
2 689519
1 532486 885515
0
2 640830
2 618680
1 837522 335755
0
0
0
1 657511 528108
2 178597
1 592040 868808
1 995896 574190
1 401660 571578
0
1 234398 342037
0
0
0
2 771296
0
0
0
2 304344
0
1 816791 318417
1 751027 803527
2 268194
2 599673
2 117748
2 383097
0
0
2 751387
1 924336 726761
2 730182
0
0
1 582138 372715
0
1 553415 662637
0
2 726300
0
1 275375 864604
0
0
0
0
2 87890
0
1 328981 144248
1 103538 531553
1 921239 125276
0
0
0
2 707643
1 571856 448573
0
2 755578
1 782509 53498
1 508980 206119
2 657710
0
2 388828
2 300287
1 979467 472602
0
2 622212
0
1 306543 205642
2 593953
1 673012 928307
1 230943 909801
0
0
1 410901 538864
2 88929
0
0
2 812873
2 212307
2 104354
2 370292
0
0
2 909288
0
2 373681
2 515851
1 747368 929039
2 246365
0
0
1 991272 862965
0
0
1 191619 143351
1 935294 300956
2 861165
2 877909
1 987378 899111
0
0
2 172782
2 446785
2 752122
0
0
0
0
1 811422 231167
2 862144
2 897496
1 649362 272460
1 283418 70189
0
1 47569 473963
0
0
1 903732 887013
0
0
1 260022 689132
2 528345
0
0
2 816984
1 531479 890732
1 850726 738235
0
2 744646
0
2 79183
0
1 884121 169640
0
1 248202 600225
0
2 424727
0
1 655466 959358
1 914193 508887
2 477892
0
2 181155
1 237222 993268
2 517071
0
1 809125 713707
1 286279 629434
1 368582 582050
0
2 149100
2 181841
0
2 926156
1 436704 75025
2 650268
2 340604
1 608117 832433
2 994060
0
0
1 661273 236684
2 653594
0
2 497156
2 413827
1 182399 709508
1 987631 906338
0
2 793044
1 46034 474147
1 201640 79684
2 879713
2 167212
0
2 674002
0
1 122851 623809
1 212123 183604
1 678912 578186
0
1 675248 893656
1 869780 494724
1 434164 899433
1 755088 412472
1 660235 544555
0
0
1 551317 956035
0
2 403102
2 401101
1 43115 666246
2 419025
2 315816
2 402099
2 193247
2 583810
1 563522 39131
2 215100
2 640233
0
2 232546
2 577075
0
0
1 537896 25861
2 981600
2 582036
1 309637 888635
2 286205
1 325040 977679
0
2 619752
0
0
2 717719
2 603672
0
1 513069 532127
1 634246 380480
1 806908 70027
2 448160
1 697072 746069
1 745341 670896
0
1 474301 977666
2 428430
2 401441
2 324865
0
0
2 241245
1 512898 436377
0
2 405318
0
0
0
0
0
2 26695
2 468234
2 745658
2 855396
1 771900 157026
0
0
2 963338
1 315873 593956
2 115564
1 972791 183592
2 858259
0
0
1 814020 245833
0
0
0
1 419099 298412
0
2 860728
0
1 211541 745104
0
1 725431 107544
0
2 250641
1 21422 810727
1 683213 407622
0
2 140562
2 631402
2 340379
2 974084
2 955606
1 136285 197107
2 687196
0
2 651108
0
1 402266 461911
2 387398
1 64106 427884
0
1 390912 587111
0
2 890157
2 906287
1 914048 236197
1 176401 445778
1 816137 963154
1 969019 646563
2 742579
1 512825 95810
0
2 55055
2 478723
1 137139 629226
2 576478
2 623141
2 227601
2 615426
0
1 774662 892257
1 62450 792751
2 33494
1 264276 586705
2 514505
1 53666 214394
0
0
2 819715
2 876614
2 749644
2 32538
1 595253 962227
2 16734
2 354062
2 617229
1 104453 222151
2 24223
1 890170 770513
1 196349 413673
0
1 203962 132481
1 101423 167817
2 945017
2 867895
0
1 203067 463275
2 50943
2 152473
1 256350 356065
2 251021
2 1455
2 4908
0
1 298173 36121
0
0
1 672076 119639
1 795268 447762
2 395846
2 366492
0
2 226518
0
0
1 422560 269375
0
0
2 652124
2 183019
2 326968
0
0
2 15051
2 14202
0
2 4268
1 293825 110045
2 156518
1 591125 742923
2 269804
0
1 665482 266840
0
2 837653
0
2 179630
1 4830 168866
0
2 97552
1 632072 678485
2 311890
1 681250 373648
1 545063 743354
2 292207
2 459301
2 327979
1 93521 752568
0
1 640679 575033
1 804397 323016
2 355607
0
2 279404
1 762605 98660
0
0
1 175570 615711
2 736976
1 821865 574654
1 488110 142485
0
2 358735
1 588092 277753
0
1 476405 361440
1 399788 794070
2 720916
2 441126
2 792123
0
0
0
1 353507 73315
1 651110 785092
1 358727 638635
1 532902 290774
1 340064 700946
1 169726 807723
2 453579
2 254958
2 525227
0
1 603681 689945
2 166612
1 976882 26433
0
0
2 398871
1 994026 804972
1 44899 726077
1 314918 856611
1 543630 500248
1 178 122327
2 664011
0
1 983410 380031
2 193507
1 846757 69169
1 426472 683740
0
2 208926
0
2 572032
0
0
1 807356 986277
1 80208 147494
1 816968 512783
1 516683 305151
2 144483
0
2 541216
2 583107
0
2 272961
2 513954
0
0
0
2 601642
0
2 14319
2 840627
2 561270
2 871796
1 416285 791280
2 421422
2 807688
2 183467
0
0
0
2 183426
1 716662 102852
2 112772
0
2 702523
2 775858
0
2 433403
1 483544 825036
2 761011
2 83431
0
0
0
0
0
2 55303
2 482184
2 438629
0
2 40033
0
2 12224
1 623651 430110
1 272210 671291
1 504428 573742
1 103403 329904
0
1 157493 733103
2 108337
0
2 933641
1 782619 707488
2 677784
2 775793
1 970344 148259
1 867488 365852
2 338086
2 129207
1 182475 730400
0
0
0
2 114601
0
1 959135 835511
2 801536
0
2 169172
0
2 984089
0
1 272639 132119
2 97462
2 124300
2 172647
0
0
1 906677 895654
0
2 175971
2 771439
1 200177 695259
1 835762 40824
2 416558
0
0
0
1 151675 754212
0
0
1 480733 81650
0
0
2 5154
0
1 385434 549564
1 578282 73207
2 91871
2 662364
1 943626 163761
0
2 70672
0
0
1 846928 164002
1 953040 903033
1 461961 841230
1 655590 236601
1 129326 925780
0
0
1 834678 729687
2 394163
2 844270
2 54902
0
0
0
0
2 279942
2 466347
2 257782
2 868898
2 218895
2 670671
0
2 941296
0
0
1 519618 731144
2 453835
2 878183
0
2 549151
1 437428 976593
0
0
0
1 582619 613422
1 940966 353638
1 676626 483424
2 516168
0
1 511333 576914
0
2 733321
2 616758
2 849476
0
1 247849 142689
0
0
2 488031
1 467142 214457
1 486465 137943
0
1 911647 138077
2 778777
1 863634 614338
2 129758
1 324363 188745
1 39977 336887
1 852259 356767
2 228402
2 737016
0
0
2 338499
1 537437 828044
2 633000
1 346770 560937
1 49568 66928
1 380719 320724
0
1 575277 766532
0
1 263801 256575
1 473995 650394
2 780631
0
2 426617
2 61224
2 350042
2 235006
1 700455 103482
2 764876
2 341462
1 857028 574756
1 248289 127090
1 221541 771710
0
0
1 76617 844417
2 174132
2 943699
0
2 221396
0
1 149707 645425
0
2 694073
0
0
1 281382 627080
2 780487
2 869118
2 26300
1 754445 88904
1 649241 947198
2 111415
1 463532 606787
0
0
1 222335 236360
2 117562
1 258427 14398
2 386533
0
0
1 164837 723931
1 41773 579368
2 842666
1 445337 876130
1 808131 20060
1 361172 307590
2 502937
2 621478
1 515663 21386
2 661562
1 718476 214674
0
2 824086
1 600860 976202
2 198363
1 984207 69248
0
0
2 856691
0
0
0
1 659378 548810
0
2 105799
1 339408 720680
2 875742
0
1 645571 115354
0
2 652367
2 198369
1 792291 919786
2 432324
0
2 652105
0
0
2 656906
2 142184
0
0
2 388465
2 69353
0
0
2 127033
2 20243
0
2 1111
0
2 890
2 61
1 458378 323630
0
0
2 53754
2 70563
1 76976 252794
1 736646 601126
2 477016
0
2 165859
0
2 199281
0
0
0
1 357441 224329
2 372645
1 798134 567226
0
1 401035 523260
0
2 430565
2 823521
2 144933
0
1 230788 486868
0
2 116126
1 310032 605570
0
1 37854 235582
0
0
1 436256 108372
2 890043
1 623530 792276
2 271911
0
2 248487
0
0
1 65549 248223
2 242784
2 16111
2 6342
1 418576 529248
1 747194 285253
0
1 426120 432492
2 395026
1 414878 520044
2 130379
1 132070 828198
1 704647 801465
0
2 542417
2 385164
2 119014
1 692471 955508
0
2 271241
2 606939
0
0
1 404842 337484
0
0
2 735772
0
2 268374
2 25506
2 11046
2 331244
1 577865 546309
0
1 867633 658205
1 472758 400934
2 53347
1 715757 544197
0
1 859384 22997
0
0
1 839114 550027
2 718369
1 173751 269145
1 306281 855859
0
0
1 362392 805382
2 424914
0
0
2 974595
0
2 517002
0
2 394151
0
0
2 923129
0
2 470162
1 482366 22214
0
0
1 94164 850542
0
2 508154
2 401114
0
2 358013
0
1 915866 843037
1 508443 913415
0
0
0
0
2 197330
2 693760
0
0
1 559101 495503
0
2 821260
0
0
0
1 294015 627920
1 637491 144181
2 347509
2 907017
1 348899 208491
0
1 48835 499707
0
0
2 370494
1 973527 863073
2 609410
2 196520
0
1 893508 388412
0
0
0
1 303174 582347
0
2 79213
2 369765
2 235291
0
1 852589 891888
0
2 336523
0
2 657453
0
1 383521 711088
2 524555
2 304451
1 927699 879505
2 78148
2 519411
0
1 36925 54728
2 23945
0
2 356041
0
1 680777 84350
1 179813 73278
1 217146 988065
1 302435 137862
1 238954 817386
1 184877 207909
2 459172
0
2 855315
2 353390
2 11128
0
0
1 5930 811636
0
2 168761
0
2 121178
0
2 5182
2 19757
0
0
0
1 334221 453530
1 113085 784541
1 473662 359476
2 108450
1 345407 623881
1 131570 408290
1 307903 178502
1 160451 808349
0
2 952490
1 862888 264295
2 109094
2 249025
2 207019
0
2 72689
2 935351
0
0
0
2 19179
1 265102 199492
1 31308 753360
1 395445 117327
0
0
0
0
0
2 93880
0
0
2 264923
1 937006 629728
1 333363 472941
1 78137 886538
2 344176
1 101437 178972
1 209743 330840
0
2 274725
2 733717
1 59034 670478
0
0
0
0
0
2 604778
1 70299 762028
1 398874 934578
0
1 786161 382016
0
2 305791
1 200365 599336
1 714713 775382
1 861441 277782
2 976268
0
0
2 112440
2 903002
2 774964
1 500574 80563
1 372847 139121
1 364728 980259
1 205099 253449
1 41878 338898
0
1 261214 525942
2 43487
0
1 171519 544746
2 825698
1 546727 464796
2 725649
2 891016
2 84301
0
1 2395 334753
0
2 19351
2 5686
1 417041 257022
0
0
1 693962 631453
1 251667 119485
0
2 645932
0
1 836644 704127
0
0
2 481458
0
0
1 404141 27742
2 390446
2 374322
0
1 40458 400918
1 379332 741200
2 224086
1 762066 353550
1 745312 44153
2 989800
0
1 5981 331302
0
2 482896
1 444937 152111
2 565340
2 170755
2 188558
0
2 288445
1 478083 573697
1 839041 369411
0
1 414766 481450
2 346746
2 118448
1 817206 229096
0
1 139486 925325
2 989696
1 769969 569235
2 255342
1 268800 858119
0
1 96218 415922
1 619994 944199
2 405312
1 526845 676311
1 543220 58782
1 700404 204683
1 516606 901083
1 139922 883431
2 750046
0
1 875910 195126
1 943678 937964
0
0
0
1 551159 799898
0
1 700740 190446
2 313872
1 562547 584525
0
0
1 359387 647008
0
1 866330 442343
0
0
0
0
1 491860 723228
0
2 155121
2 870548
0
0
2 386035
1 399223 744279
1 449548 302161
2 693082
0
2 468639
0
2 586948
2 158576
0
2 743171
0
0
0
2 833952
0
2 481625
1 739355 842395
1 515890 12158
0
2 652142
1 117604 16112
0
0
2 612855
2 618928
1 802574 375544
2 764704
2 98314
2 998432
1 209304 982697
2 553005
2 413522
0
2 275378
2 222822
1 67038 691279
2 951012
2 319927
1 331185 769560
0
2 776342
1 462961 696754
0
0
0
2 52267
0
2 541140
2 43844
1 696687 910038
0
2 135986
2 437927
1 957782 563706
1 858309 153356
0
1 284504 693702
1 208850 71724
0
2 917525
1 582173 25614
0
0
1 426482 350472
1 661508 510704
2 721846
0
2 797006
1 137470 940258
0
2 380283
1 511460 463202
2 79256
1 654704 968413
2 765712
2 939810
2 543218
2 193567
1 307527 761269
0
0
0
0
1 143538 192944
0
2 501794
1 983357 749903
2 102427
2 853815
0
1 652304 762116
2 290459
0
2 86119
0
0
0
2 205152
2 41229
2 6761
0
2 7934
1 905265 755021
2 906955
1 14276 502482
0
1 386564 566222
2 430532
1 958938 157599
1 676877 232420
0
0
0
1 903514 314974
1 225231 293401
1 530705 755475
2 396009
1 873125 917016
0
1 652408 487639
2 411979
1 316075 66965
1 972013 831662
0
0
2 246051
2 428968
0
1 490475 156422
2 332037
2 955113
0
0
1 335867 262143
0
0
1 401698 522231
0
0
0
1 104587 262632
2 175957
2 931398
2 57191
2 77593
2 930560
2 447956
0
2 802457
1 198869 505191
0
0
0
2 931790
0
0
0
1 397116 674918
1 370226 427168
1 719381 35964
1 714069 756536
1 339781 66994
0
0
1 395365 344270
2 191254
1 494552 681323
1 120523 257597
0
1 905876 280339
2 130830
2 875139
2 66955
1 270783 329838
0
0
2 678151
0
0
0
0
2 457285
1 64916 317421
0
1 87981 391526
1 305455 121399
1 154746 67849
1 511206 222622
1 518985 683048
