5049
0
1 910587 201680
1 716048 972288
0
1 694768 327937
1 704691 690432
0
0
1 402001 25727
1 736146 847418
1 937456 348335
0
0
0
0
0
0
1 76176 356580
0
1 584439 256536
0
0
1 134814 707385
1 890504 390302
0
1 634812 739954
0
1 310929 324327
1 405551 438519
1 410905 876004
1 562174 869899
0
0
1 593720 512464
1 910010 405580
1 107325 823337
0
0
0
0
0
1 507397 999209
1 360216 724120
1 77109 217878
0
1 868646 329304
1 328768 448274
0
0
1 206495 532578
1 312930 904616
1 557378 97583
0
0
0
0
1 165450 385846
1 82034 821073
1 139624 867542
0
1 642959 402994
0
1 88283 762172
0
1 649401 305448
0
1 412305 217438
0
0
1 487140 357709
0
0
1 269399 665968
0
1 287634 36278
0
1 894845 582882
1 430775 41055
1 819587 695232
1 709469 671485
1 698411 457446
1 522566 94620
0
0
0
0
1 764688 945175
0
1 479428 689040
0
1 696560 630671
1 403924 890391
1 968950 778910
0
1 257601 546005
1 257973 940417
0
0
1 92409 854382
0
0
1 773265 423016
0
1 82611 412493
0
1 569228 83885
0
0
1 223356 363671
1 726297 209151
1 488085 763959
1 711817 658792
0
1 199279 657875
0
1 619706 389347
1 665110 969682
1 234417 799411
1 828713 628423
1 368927 26228
1 941630 483765
1 43568 74984
0
1 206866 870812
1 819376 200833
1 735713 128588
0
1 636379 61789
0
0
1 799379 207769
0
0
0
0
1 945617 792974
1 44856 618411
0
1 89481 301164
1 409560 905905
1 241668 99860
0
1 912536 941736
1 33157 564435
1 505558 600349
1 600287 367445
0
1 922461 669218
0
0
0
0
0
0
1 739109 499598
0
0
1 787374 316009
1 667474 408457
1 340335 892482
1 262941 22432
0
1 497047 980398
1 138230 752998
1 501352 975815
1 364828 729245
1 520250 368011
0
0
0
1 921870 346230
1 853690 792922
1 955405 561806
1 878047 176887
0
1 791932 834896
1 82821 869472
0
0
1 783278 278382
0
1 549661 581347
1 157136 196432
0
1 11953 110799
0
1 25156 240376
0
0
1 942387 830634
0
1 875466 610744
0
0
1 233526 774041
0
0
1 344128 56054
1 769662 793855
1 441351 551119
1 625762 703822
1 259830 193301
1 714485 949557
0
0
1 488839 233211
1 148025 220502
0
0
0
0
1 847352 742838
0
1 444175 243058
1 492653 939293
0
0
1 955326 816827
1 283078 345525
1 319037 142761
0
1 504537 267882
0
1 919063 160764
1 365088 686356
0
0
0
0
1 303212 981874
0
1 958058 801938
1 39022 963414
0
0
0
1 964256 412872
1 651469 69780
0
1 400621 63377
1 860907 515116
0
0
1 220150 488640
1 137082 122275
1 5350 90109
0
0
1 232047 218672
1 969419 742387
0
0
0
1 361970 572405
1 275974 144683
0
1 384327 521843
1 541218 931472
1 307979 866346
1 137860 852615
0
0
1 388676 538149
0
0
0
1 437940 249359
1 553849 918174
1 52371 23403
0
0
1 277362 468019
0
1 877047 633438
0
1 202777 895319
0
1 889814 201873
1 220425 469315
0
0
0
1 536158 555572
0
1 235116 699939
1 641656 170107
1 385621 610377
1 697079 518644
1 126014 55558
1 702870 415635
1 970679 190324
0
1 777327 820401
0
0
0
1 989245 300671
1 432899 793647
1 44304 846396
1 381158 876377
1 601678 119696
1 519487 254102
1 150782 582988
0
0
1 244813 248112
1 336020 381439
1 569199 365964
1 169586 202983
0
1 12304 134222
0
1 385596 588117
0
1 682844 670725
1 938152 763731
1 413350 423282
0
0
0
1 558660 396484
0
0
1 790928 184934
0
1 628040 971281
1 570491 960402
0
0
1 26508 987013
0
0
0
0
1 385428 667694
1 880449 956869
0
1 815173 386041
1 694288 13314
0
1 21588 157859
0
1 679653 786563
0
0
0
1 600546 415634
1 525925 508979
1 419607 625949
0
1 45871 630976
1 359788 59578
0
1 422475 78122
1 704128 474613
1 21678 390537
1 581133 406483
0
1 737213 922257
1 441894 171831
1 403131 109881
0
1 773985 709986
1 307271 722276
1 799875 651920
0
0
0
1 267505 830380
0
1 795224 629074
0
0
0
1 901018 945169
0
0
1 586622 498369
1 264383 880738
1 464109 44997
1 136333 520953
1 75128 957956
1 493047 973672
0
0
1 883296 396326
1 600263 969903
0
0
1 577979 458989
1 140741 822069
0
0
1 848131 617782
1 387077 263374
0
0
1 523490 547094
1 68661 632320
0
0
1 868007 478713
0
1 182474 815697
0
1 118246 308577
1 486859 668527
1 109995 661826
1 500815 799810
1 745537 248640
1 304673 601618
1 207432 452814
0
1 339272 455675
1 163362 807596
0
0
1 230441 153798
0
1 493511 763954
0
0
0
0
0
1 375764 977912
1 12881 72249
0
1 90025 787426
0
0
1 851959 387230
1 696994 121544
1 13662 474859
0
0
0
0
1 830545 406852
0
1 946073 151346
0
0
1 866475 771823
0
0
1 40588 711370
0
1 809341 748386
0
0
0
1 399837 493708
1 403999 901525
1 891180 516984
1 937298 378641
1 896572 401039
1 433325 26673
0
1 673031 4737
1 585845 12309
0
0
1 430133 413291
0
1 972855 308106
1 645347 181383
0
1 952392 942998
1 967910 984611
1 736540 637509
0
0
1 480337 680398
0
1 285404 797085
1 660207 859381
0
1 480672 914803
0
0
0
0
1 334750 683532
0
0
0
1 724385 646292
0
0
0
1 611581 713612
0
0
0
0
1 394386 321244
1 731410 857913
1 829336 481095
1 297936 269340
0
0
1 728081 922777
1 329622 75337
0
1 126991 984852
1 827288 244663
0
1 162861 930919
1 77356 172585
0
1 66016 164428
1 778071 713357
1 630693 799512
1 155402 967700
0
1 380180 142597
0
0
1 386843 737696
0
0
0
1 690540 216262
0
1 168641 381383
0
0
0
0
1 866644 101709
1 255218 187834
1 980922 444819
0
0
1 70473 207383
1 670505 508096
1 270262 648728
0
0
1 480232 338235
1 459247 998239
1 763352 356282
0
1 419158 660454
0
0
1 456520 209975
0
0
0
1 189628 533221
1 592098 589213
1 950571 970303
1 176129 732091
1 543964 959829
0
0
0
0
1 309474 711089
1 384397 163583
1 905023 749434
1 383811 422004
1 726760 804079
1 384058 127996
1 574264 140920
1 637440 549563
0
0
0
0
1 803340 152900
0
0
0
1 688317 927403
0
1 919629 915387
1 683053 464455
0
0
0
1 32679 57644
1 236711 648328
1 602157 792766
1 696007 952240
0
1 738992 489596
0
0
0
1 962608 462335
1 487540 390855
1 26255 972010
1 2784 35112
0
0
1 645833 856500
1 884415 906057
1 735458 753469
1 617713 983773
1 120896 377131
0
1 813497 742564
1 590014 256750
0
0
0
1 128624 288258
0
0
1 962168 495704
0
1 542259 376730
0
1 526769 990029
1 591881 84030
0
0
1 913381 255671
0
0
1 184810 343568
1 409210 721483
0
0
1 197686 916090
0
0
0
1 351181 591708
0
1 44991 212586
1 489755 887910
0
0
1 872584 444504
1 194793 257518
1 562076 734312
0
1 345725 270016
1 790096 326254
1 649699 447809
0
1 307762 634697
0
0
1 89885 887561
1 761457 522896
1 838664 378495
0
1 974916 486665
1 689812 730933
1 446303 688440
0
1 298773 216624
1 217122 641608
1 23754 967248
0
0
0
1 687488 321673
1 447986 506185
1 704658 559805
0
0
1 949480 207248
1 596940 507050
0
1 407554 576478
1 319486 43426
1 46568 699805
1 477583 909340
0
1 284136 605268
1 555767 670488
0
1 910062 827766
1 340074 749507
0
1 396238 423684
1 471946 165299
1 318512 836994
0
0
1 367131 488726
0
1 771143 766183
1 445825 594734
1 669291 162521
1 570489 439306
0
1 714127 519051
1 185249 590250
0
0
1 50121 177046
1 574662 812917
1 841105 108844
0
1 775706 426842
0
0
1 654352 849536
1 764807 207370
0
0
1 405566 477226
0
1 621442 453397
0
0
1 528064 93288
1 945900 936171
1 204323 86816
0
0
1 830437 714293
1 381829 901102
1 583683 702073
1 702438 343446
0
0
0
1 623628 276826
0
0
0
1 214009 521593
1 848786 667651
1 354315 393452
1 532628 863868
0
1 210661 361512
1 437621 994446
1 416047 325945
1 476036 530341
1 65663 535242
1 971841 797221
1 423612 76178
0
1 407551 625643
1 440853 480971
0
1 281842 194550
0
1 721564 666312
0
1 918783 418815
1 565494 185311
1 665515 30128
0
0
1 869799 643362
0
0
0
0
0
0
0
1 358084 696586
1 994557 2215
1 749140 368441
0
1 214831 423080
0
1 597653 399496
0
1 5221 382528
1 154050 420662
1 76979 340781
0
0
0
1 4059 921873
0
0
0
1 398678 689511
0
0
0
0
0
1 333363 861370
1 774930 251107
0
0
1 747500 862639
1 19756 868069
0
1 493345 953533
0
1 178037 839131
0
1 145232 950416
0
1 940372 791652
0
1 804224 867388
1 321235 938865
1 911147 317431
0
1 326989 13539
1 600791 279941
1 446759 480288
1 125751 234415
1 108274 843651
1 423130 148438
1 264173 49856
0
0
1 161379 42693
1 753090 533814
1 690122 242250
1 775219 761706
0
0
0
0
0
1 146768 104120
0
1 787843 401518
1 298396 52742
1 128209 766836
1 436985 67970
1 312011 593195
1 737868 791467
0
0
0
0
0
1 385752 404717
1 747848 187342
1 374631 717331
0
1 521533 541838
0
0
0
0
1 234260 207626
0
0
1 682488 443952
1 131622 756056
0
0
0
1 351827 92160
0
1 99801 301064
1 335487 302527
0
0
1 255188 674264
0
0
1 48901 415196
0
1 45509 996501
0
0
1 933761 593189
0
1 583749 683172
0
1 981632 603604
1 110410 643016
0
1 625660 947458
1 564707 674428
1 42548 237079
1 742211 860185
0
0
1 688732 10053
1 744576 67074
0
0
0
0
1 395811 489689
1 119370 110530
1 120270 755655
0
0
1 680698 458189
1 362251 206130
0
1 848007 985733
1 166346 890894
1 904650 649394
1 7387 222604
1 206578 901032
1 705631 516676
1 741523 603449
1 547906 673297
0
1 980848 98445
1 904398 941518
1 796991 76939
1 682735 710200
0
1 264043 779623
1 247335 529085
0
1 713935 151151
1 906305 852547
0
1 291530 824319
0
0
1 552858 462302
1 543346 980244
1 679943 760997
1 344172 631892
0
1 965207 257928
1 64987 644364
1 248439 119648
1 765717 443341
1 364353 231839
1 689201 686199
0
0
0
0
1 48352 486431
1 10580 170037
1 950351 883760
0
0
0
1 825504 721246
1 348892 774935
1 643545 750136
0
0
0
1 606191 661999
1 66954 336483
1 820125 491957
1 176824 829829
1 494461 114084
1 32844 734458
0
0
0
1 394706 447123
0
1 671328 482501
0
1 272022 787757
1 210139 853408
1 675258 969624
0
1 491629 114400
0
0
0
1 934166 112716
1 417570 612223
1 645169 922965
0
0
0
1 110340 64888
1 322190 918627
1 797863 18956
0
1 382460 903260
1 99824 408848
0
0
1 774798 570043
0
0
0
1 752806 565908
1 627506 184804
0
1 329612 384879
0
1 775224 240088
0
1 754161 965893
1 511947 344818
0
0
0
1 453873 295119
0
1 180833 367649
0
1 814619 713843
1 513794 235122
1 66137 296873
1 645444 130963
1 72792 7293
1 499743 781102
0
1 626230 712845
0
0
0
0
0
0
0
1 545681 281275
1 709995 600185
0
1 367771 171545
0
1 914853 35700
1 505895 942435
1 20979 735377
0
0
1 76593 321924
0
0
0
1 596001 466426
0
1 428036 477398
1 881632 358864
1 328889 860119
1 364781 946454
0
0
0
1 913508 133134
0
0
0
1 451376 896725
1 572261 884730
0
0
0
1 424656 891035
1 126788 203040
1 219914 416360
1 730732 11234
1 381739 25001
0
0
1 843095 229820
1 49798 749644
1 132859 106566
0
0
1 189820 299579
1 693967 166440
0
0
1 227067 664176
1 536248 833241
1 805505 206575
0
0
1 772870 816136
0
1 27073 664248
0
0
0
0
0
1 781851 380753
1 44122 359601
0
1 698473 462043
1 410551 246489
1 998450 362797
0
0
0
1 161947 726704
0
0
0
0
1 243080 957131
1 400531 124033
1 786441 573092
0
1 820329 754923
1 535237 783587
0
0
0
1 631368 843193
0
0
0
0
1 819438 153988
1 502113 482470
1 376526 747762
1 611669 968366
0
1 666116 333381
1 385742 271401
0
0
1 863078 417551
1 912051 612973
0
0
0
1 895581 395883
0
0
0
0
0
0
1 901365 329486
0
0
0
1 963673 607553
1 129777 797899
1 280724 50652
1 842930 650392
1 285652 176102
0
1 595042 69333
0
1 350712 49086
0
0
1 79965 776518
1 876675 198083
1 536945 365906
1 966690 112752
1 110857 480136
1 467506 373540
0
1 256856 486368
1 773618 756130
1 907873 415544
0
1 639725 480003
1 286402 226929
1 974522 639085
1 396530 879377
0
0
1 761242 889649
1 589061 966019
0
1 184606 819349
0
1 708980 702643
1 265201 430643
1 214942 864254
1 432541 858747
1 161671 612432
0
1 706954 951353
1 5706 523811
1 874909 875590
0
0
1 693608 236719
0
0
0
1 888513 260132
1 937592 592720
1 70718 150856
0
1 132132 661451
0
1 616152 314163
0
1 609086 671565
0
0
0
1 377807 51820
1 167326 326550
1 595564 151078
1 31748 584801
0
0
0
0
0
0
1 866824 191571
0
1 521156 437421
0
1 656870 236778
1 498445 349840
1 718431 701158
0
0
0
0
1 717298 98917
0
0
1 159599 20052
1 278076 721446
1 913261 39529
1 167672 827639
1 777310 904914
0
0
0
1 991806 698921
0
1 778174 149409
1 876940 213211
0
0
0
1 834311 427556
1 575673 549433
0
0
1 812918 177875
1 411970 356585
1 452819 887899
0
1 208457 226601
0
0
1 330347 387870
1 239175 640858
1 950615 10883
0
1 482945 496225
0
1 656355 449843
0
1 363443 794554
0
1 208291 870564
0
1 923739 250217
1 557970 272474
0
1 713753 346503
1 880182 402455
1 217088 60443
1 517896 9739
0
1 151112 927154
1 408777 120731
1 918989 981601
0
1 74637 562005
1 502333 989577
0
1 552932 738188
1 947104 129133
1 857315 27124
0
1 460912 928779
1 185985 231072
1 977070 640098
0
0
1 44324 130481
1 742379 625184
1 950066 613678
1 804928 18090
0
1 315026 180526
0
0
0
0
1 796756 982473
0
0
0
0
0
1 86224 894842
0
0
1 354537 163088
1 833860 660686
0
0
0
1 713159 441252
1 752153 164029
1 973225 428154
0
1 750463 542760
0
1 614633 381693
0
1 184314 323280
1 993775 273854
1 588726 200967
0
1 696811 416076
1 65103 576039
1 936897 947844
1 329476 278564
1 369236 751903
0
1 487411 612349
1 387863 890454
1 392724 197149
0
0
0
0
1 676486 624516
0
0
1 126773 926861
0
1 982165 862017
1 884686 686695
1 923726 339491
1 293482 342255
0
1 390750 536955
1 548979 877924
1 899609 849023
1 962993 258307
1 413716 901489
0
0
1 266189 714323
0
1 72523 182318
1 289624 950276
0
1 652545 173178
0
0
0
0
0
0
1 917681 841582
0
0
1 752627 492636
1 426133 162299
0
0
0
1 458345 394609
1 660386 783809
0
0
1 187420 581659
0
1 728849 493848
1 430650 558913
0
1 144313 498068
0
1 977965 251391
1 892026 40092
0
0
0
0
1 55532 897820
1 630410 387511
1 670336 640470
0
0
1 844418 328349
0
0
0
1 537167 211059
1 601101 989802
0
1 324713 827861
0
0
1 530634 598135
1 57399 526816
0
0
1 733419 220807
0
0
1 193553 248609
0
0
0
1 6965 911505
1 326560 738676
0
1 287124 661016
0
1 175415 476558
1 880363 484018
0
0
1 254776 591505
1 880439 18548
1 978218 581513
0
1 285866 251217
0
1 552997 557098
1 381981 251535
1 641321 893737
1 329212 547644
0
0
0
0
1 18485 276049
1 439829 643247
0
1 10017 60301
0
1 476558 412740
1 784839 381660
1 755371 865194
1 699715 127150
0
0
0
1 499171 424726
1 253700 102776
1 790756 887123
0
0
1 872179 401894
0
1 244040 240374
1 136500 323446
0
0
1 34017 656270
0
1 948816 378180
1 731991 345490
1 78480 853579
0
1 376565 870914
0
1 236757 19820
1 574539 793255
0
0
1 76953 526479
1 720816 45607
0
0
1 708169 663465
1 760227 308802
0
1 720853 646856
1 184202 576036
0
1 487267 608457
0
0
0
1 126934 827397
0
1 715465 487147
0
1 367096 741935
0
0
1 138943 733155
0
1 712287 775495
1 809292 458180
1 701693 383246
0
0
0
0
0
0
1 443330 180765
0
1 940156 735751
0
1 899801 472212
1 325704 953846
1 662646 159200
1 733835 711844
1 927391 614922
0
0
1 20957 436936
0
1 466431 394173
1 342352 333584
1 672218 733832
1 216420 660639
0
1 566614 778983
0
0
0
1 818607 136504
0
0
0
1 938150 890561
1 901332 743904
0
0
1 148475 883630
1 328296 622628
0
1 436594 127677
0
1 386421 288892
1 562933 272573
0
0
1 593939 72635
1 399666 957081
1 217480 318168
0
1 131375 95667
1 987522 465542
0
1 86574 779231
0
0
0
1 376995 921026
0
1 653561 927099
0
0
0
0
1 312450 947162
1 119687 433796
0
0
0
0
1 491812 976596
0
0
0
0
0
0
0
0
1 582129 105181
1 715878 838920
1 806272 442502
0
1 965009 658811
1 324599 280915
0
0
1 763643 327134
1 613547 716627
0
0
0
0
1 382396 635589
1 708231 909155
1 59890 432620
1 438136 8391
1 436919 847794
1 858833 922806
1 157176 735187
0
0
0
1 578668 592580
0
1 452281 313980
0
1 128478 87224
1 825344 320192
0
1 100230 624559
1 829820 159875
0
1 617478 830105
0
0
0
1 592937 734058
1 293250 37113
1 31952 372183
1 63630 768897
0
0
0
0
1 401590 591107
1 163859 676911
0
0
1 190082 226031
0
1 946821 242510
0
1 907636 720291
0
0
0
0
1 213332 298911
1 558205 868261
1 364529 264814
0
0
1 772814 934101
1 15914 939007
0
0
1 297000 596436
0
1 966749 879710
0
1 506485 30168
1 832231 877314
0
1 512436 133655
0
0
1 770084 106588
1 306987 296266
1 373294 387955
1 466158 806474
0
0
1 882078 441151
0
0
1 851967 154642
0
0
1 758117 460746
0
1 572814 807160
0
1 782833 972873
0
1 153754 14552
1 558296 493417
0
0
0
0
0
0
1 327065 49140
1 901774 993992
0
1 881837 570770
1 874132 527709
1 802790 500991
1 928625 484761
0
1 145875 299011
0
0
0
0
0
1 594546 683378
0
1 62313 652050
0
1 805298 694636
1 476349 707999
1 912130 805355
1 243795 290853
1 120283 270634
0
1 262486 547546
0
1 491512 416952
0
0
0
1 789865 37145
1 865658 263935
0
0
1 334083 169783
1 972998 773819
0
0
0
1 967338 939329
0
0
0
0
0
0
1 993883 303951
1 177221 410571
1 284782 916697
0
0
1 302118 469904
0
0
1 797707 960022
1 733820 110460
1 602139 174172
1 893429 619810
0
1 66944 178543
1 73005 211619
1 853466 374838
0
0
1 939630 388915
0
0
1 960529 370907
0
0
0
1 690408 811285
0
0
0
1 839548 538346
0
1 793217 769260
0
0
0
0
0
1 405648 103139
1 188571 352762
1 523534 400326
0
1 4513 51208
1 527274 105640
0
1 905604 145618
0
0
0
0
1 248571 764244
1 9969 864578
0
1 424419 926179
1 208512 843283
1 216819 614000
0
1 946787 797797
1 663136 951904
0
0
1 999901 635962
0
1 822388 81372
0
1 588957 51103
1 783670 973845
1 653167 852544
0
0
1 713214 72447
1 502515 827408
1 41886 200206
0
0
1 585829 514360
1 487971 765388
0
0
1 909220 396207
0
0
0
1 123950 952394
0
1 408480 768479
1 725683 853163
1 225112 2972
0
1 170942 714258
1 587615 879224
0
0
1 348340 583102
0
1 378055 758846
1 661201 638068
0
1 342706 236933
0
1 398506 12777
0
1 393979 656245
1 565782 220132
1 645329 729540
1 334755 142009
1 99748 283147
0
0
1 622021 149671
0
1 333323 517210
0
1 753160 905215
1 822595 740895
1 712561 525467
1 546987 156330
0
1 765710 744766
1 896861 533184
1 437548 541954
0
1 361896 286953
1 908549 391493
0
1 396654 571215
0
1 574958 844908
1 123243 386015
1 610385 227326
0
1 905932 473190
1 645038 432699
1 204141 162021
1 409125 799504
0
1 951520 589857
0
0
1 212852 644879
1 989842 408601
1 136 259397
1 310758 134567
0
0
0
1 590006 698619
1 792978 251971
1 538771 846461
1 571438 612081
0
0
1 230816 332524
1 6970 503037
1 777420 581951
0
0
1 959638 504288
0
0
1 682854 562035
1 174397 45814
1 533152 925824
1 511466 957923
1 244267 181215
0
1 361263 490188
1 401444 252165
0
0
0
1 9219 930389
0
0
0
1 462209 360782
1 47755 968641
1 145147 501934
0
0
0
1 75686 952562
0
1 220253 84143
1 189992 100391
0
1 941194 826069
1 436320 946558
1 356768 320233
1 473951 144992
0
1 924888 751361
0
1 827419 99103
0
1 841826 259729
1 491692 935822
1 567723 849976
1 278693 956629
1 350884 117088
0
0
0
0
1 728171 700553
1 994914 162647
0
1 825836 381387
0
1 297596 150962
0
0
0
1 317370 980456
0
0
1 558710 610513
0
0
1 3672 68253
0
1 765118 99652
1 927832 11238
0
1 405947 71249
1 548602 619159
1 456874 574624
1 741627 940425
1 904244 481082
0
1 666787 345920
1 905324 554455
1 450259 928097
0
0
0
1 97719 105229
1 731816 310041
0
1 707384 900118
1 838899 12110
0
0
1 857752 447038
1 324982 784918
0
0
0
0
1 737029 234884
1 87518 269598
0
0
1 544640 588436
1 407922 361840
0
0
0
0
0
0
1 152989 206337
0
1 581486 892311
0
1 149205 608939
0
0
1 832730 860990
1 552005 268061
1 471212 636206
1 295166 10846
0
0
0
1 515254 910540
1 300231 748912
0
1 706892 630514
0
1 546007 638835
0
0
0
0
0
0
0
0
1 954491 924888
1 180728 883283
0
0
1 844616 150478
1 348262 477665
0
0
1 335934 662556
1 583257 871597
1 307070 222605
0
0
1 750229 290442
0
1 75111 30241
1 276413 542641
1 111932 311879
1 941809 852937
1 60280 606510
1 426960 516399
0
1 564821 394422
1 39270 708537
0
1 784487 591515
1 364424 8287
0
1 584628 481788
0
0
1 604204 767793
0
0
0
1 703356 81144
0
1 598529 4626
1 244957 889425
1 963279 156046
1 613517 106565
1 935140 620575
0
1 291155 88597
0
0
1 492567 132536
1 598115 708951
0
1 220156 277418
1 898587 505932
1 387722 95000
1 92779 853923
0
0
0
0
0
0
0
1 120846 634097
1 931638 552759
0
0
1 515661 17442
1 665641 611877
1 525143 428391
0
1 968767 782841
1 838906 156706
1 803702 931766
1 687329 812670
1 39027 585555
1 249766 926834
1 168995 231511
0
1 290547 449920
0
0
0
1 190461 544912
0
1 373584 975079
1 823593 647678
1 641745 281683
0
0
1 827836 405415
0
1 626651 679782
1 10743 43720
1 783667 332829
0
0
1 55044 767005
0
0
0
0
1 188316 954527
1 443647 884701
0
0
1 280569 215677
0
0
1 509437 466333
0
0
1 631119 573828
0
0
0
0
1 713033 91292
0
1 605684 923757
0
1 886183 763030
1 473661 71855
0
1 16095 746408
1 754103 354264
0
1 649710 681451
0
1 866500 590002
0
0
1 96470 115393
0
0
1 700551 788490
0
1 508803 623539
1 848520 589530
0
1 17929 6312
1 490996 752425
0
0
1 360659 672631
0
1 47171 658405
1 408971 109440
0
1 475033 128746
0
1 627304 970402
1 791713 686684
1 926875 847192
0
0
0
1 276181 201679
1 4277 143001
0
1 759528 771004
1 41355 239312
1 130630 856800
1 644273 888124
1 399072 12594
1 726598 412693
0
1 915705 626158
1 265545 585513
0
1 434367 267282
0
1 944654 312161
0
1 618957 34116
0
0
1 29962 763010
1 593865 740196
1 61698 497507
1 315675 5569
0
1 207122 767176
0
1 596763 381091
0
0
1 423255 277171
0
1 962639 810207
0
1 71128 162900
0
1 160702 210520
1 20365 862658
1 433124 215222
1 95647 87524
1 977371 667691
0
0
1 775605 114221
1 954064 326090
0
0
0
0
1 14182 516411
1 926327 539306
0
0
0
1 110249 333102
1 920347 375728
0
1 394033 777378
1 975770 617763
0
0
1 710639 739294
1 32954 686957
1 239195 625559
0
0
0
1 908491 914299
0
1 573608 39536
0
1 931446 88051
1 808883 684816
0
0
0
1 595289 995582
1 401528 978581
1 545432 585156
0
1 926963 369204
0
1 710720 988631
0
1 79147 165060
1 215592 224812
0
0
0
0
1 454334 446288
0
1 671650 372320
1 160712 882991
1 307955 840845
0
1 554453 752143
0
1 525841 544120
1 807810 301190
0
1 890104 994533
0
1 145936 279631
0
0
1 364155 710294
0
0
0
0
0
0
0
1 587327 316624
1 396831 83294
1 38511 150582
1 782485 643423
0
0
0
0
1 195621 408004
1 774257 127411
0
1 618736 292513
1 344999 723884
0
0
1 652349 234566
1 15827 874285
1 299003 765573
0
1 443093 506278
1 300782 90849
0
1 157762 337187
0
1 57392 713363
0
1 73239 616223
0
1 396220 956917
1 948242 362793
0
0
0
0
0
1 175591 478380
0
0
1 439272 180518
0
0
1 864390 909205
1 642311 704862
0
1 379364 181036
0
0
1 104061 149963
1 4364 560636
1 750300 393433
0
1 917601 882321
1 703872 180723
0
0
1 676500 713499
0
0
1 506973 331694
1 433816 349030
1 342965 673662
1 930018 598630
0
1 191963 211426
0
0
0
1 190110 490986
0
0
0
1 61546 864088
1 858243 425513
0
1 390995 752730
1 536787 617034
0
1 643410 636755
1 299853 447609
0
0
0
1 836185 23418
0
1 861358 69396
1 161359 809835
1 253905 348936
0
0
1 658327 6877
1 409509 593610
1 36089 398812
1 543803 382864
1 178961 670980
1 451016 100643
1 32075 728016
1 279176 623009
1 641799 569391
0
0
0
1 85210 147588
0
0
1 564351 429473
0
0
1 874278 333103
1 54189 370201
0
0
1 750878 8379
1 585791 889016
1 899727 335437
1 545387 155198
0
0
0
0
1 339899 841739
1 978395 135890
0
1 566548 469715
0
1 660352 269254
0
1 908219 35043
0
0
0
1 236770 397874
0
0
1 283789 533797
0
0
1 5099 642164
1 82310 575232
0
0
0
1 48746 791646
0
0
1 982561 634023
1 498644 23656
1 869134 531444
0
1 479459 257961
1 613861 214270
0
0
0
0
1 817311 597838
1 98428 749170
0
0
0
1 150351 341755
0
1 406847 854769
1 665373 75064
1 577414 86910
0
0
0
1 553441 596566
1 645944 500291
0
1 34695 727867
0
1 104379 82967
0
0
1 463246 705613
1 530622 92275
1 84891 925190
0
0
1 421729 764579
1 85672 959684
1 935591 420931
0
0
1 444991 412525
0
1 719961 226264
0
0
1 533617 936377
1 868435 741962
1 170365 674369
1 366648 527448
1 187290 280098
1 872414 499435
0
1 244100 836375
0
0
1 770994 436265
0
1 768844 297512
1 649608 263828
1 690409 167323
1 578529 844411
1 201982 374561
0
0
0
1 946881 333786
0
0
1 598927 219170
1 762391 929273
0
0
0
1 362166 177733
0
0
0
0
0
1 432524 719484
1 286278 45140
0
0
1 2817 417679
0
1 39591 591724
0
0
1 175113 371505
1 657099 871231
0
1 342346 107191
0
1 574832 60633
0
1 894408 764583
0
0
0
0
0
1 111743 113679
0
1 258310 258404
0
1 583229 783652
1 606751 822531
1 96601 191661
1 907271 921759
1 870263 794385
0
0
1 673114 656886
0
0
0
0
0
1 584522 576717
1 753057 762512
1 303404 428041
1 413871 602159
1 639671 343794
0
0
0
1 55145 693550
1 472198 939733
0
0
1 603893 962895
0
1 725934 827579
0
1 752631 671893
0
0
0
1 664252 839231
1 965161 988511
1 178983 899998
0
0
0
1 114285 31141
0
1 623394 861594
0
0
1 337610 52562
0
0
0
0
0
1 966331 989856
0
1 327129 57894
0
1 813692 297088
1 291565 892271
1 290229 99960
1 74500 16234
1 804860 958433
0
0
0
0
0
0
0
1 326628 657105
0
0
0
0
0
0
1 698185 410482
0
1 52115 847839
1 156817 213927
1 902633 140188
0
0
1 344197 838450
0
1 300475 258223
1 600577 744990
0
0
1 293762 736909
0
1 367337 433930
0
1 746094 155874
0
0
1 929911 681390
1 951333 388239
1 729616 772375
0
0
1 634660 592998
1 978660 547895
0
0
0
1 838762 934940
0
1 63717 136636
1 817963 558572
0
0
1 486851 48278
0
1 329794 925977
1 364600 933436
0
0
1 402423 554998
1 586163 476203
0
1 376958 17112
0
0
0
1 97998 465133
0
1 683345 135185
1 436627 196972
0
1 498728 473580
0
1 485841 528132
0
1 951174 711161
0
1 266828 818456
1 797488 170943
1 969009 684530
1 647335 62617
0
1 127322 205120
0
1 847678 736752
1 292850 35381
1 391839 579293
0
1 117452 935850
1 259779 861396
1 331834 66974
1 815096 255019
1 568899 785563
0
1 741550 283363
0
1 865490 310980
0
1 577679 660480
1 774965 247567
0
0
0
1 326700 114975
1 418913 48395
0
1 254496 605728
0
1 814294 154357
0
0
1 702680 943164
0
0
1 892216 326667
1 864116 905346
0
0
1 789330 245056
0
1 782779 560063
0
1 347708 236304
1 333963 675111
1 49946 398400
1 108467 230988
0
0
0
0
1 657808 942469
0
0
0
0
1 937050 442936
1 113822 978236
1 538743 966388
0
1 159207 735310
0
1 58334 373988
1 68273 59571
0
1 145134 172651
0
1 606753 777690
1 548269 126776
0
1 359126 542177
0
1 446676 78192
1 196869 154755
0
1 301422 817556
1 767000 273765
0
0
1 907719 569543
0
0
0
1 145777 894713
0
0
0
0
1 701408 284602
1 251068 762339
1 702911 523638
0
0
0
0
1 760048 60361
0
0
1 47953 456043
1 225961 786427
1 688608 66170
0
1 222809 628981
1 107166 973645
1 615800 696379
0
1 53497 237293
0
0
1 7832 661150
0
0
1 477601 348427
0
0
0
0
0
1 916550 44941
1 626434 804282
1 493061 739551
0
1 38783 22777
1 663277 927760
0
1 942722 87261
0
1 383029 611252
0
1 771296 914384
1 494723 976406
1 926626 514361
1 429941 885601
0
0
1 897899 517507
1 505966 839805
1 298013 950458
0
0
0
1 366492 559293
0
1 316160 10566
1 681082 449564
1 423277 677729
0
0
1 236521 83480
1 450234 700977
1 109247 672800
0
1 563722 946654
0
0
0
0
1 284989 143512
0
0
1 853891 552966
0
0
0
0
1 806462 486069
0
1 770528 940528
1 203779 674025
0
0
0
0
0
1 341598 789549
0
0
1 80858 512567
0
0
0
1 45444 84354
0
0
0
0
0
1 141426 236791
1 751955 306962
0
0
0
1 86140 254802
0
0
1 266021 66780
1 478302 915717
0
0
0
0
0
0
1 522703 323067
0
0
1 649372 891713
0
1 557973 910318
0
1 564370 863184
0
1 464433 139457
1 174828 627569
0
1 587439 921750
0
1 133969 265062
1 327037 61915
0
1 84377 763258
0
1 875200 541988
0
1 112140 100165
1 676778 111865
1 38408 195262
0
0
0
1 718189 831068
1 415284 937308
0
1 504348 331442
1 11320 920352
0
1 685173 289903
1 264159 105101
1 958320 754228
0
1 28269 689970
1 606610 301674
0
1 537508 124708
1 651665 365138
0
0
1 824462 636642
1 746310 417304
0
1 613404 967786
1 749732 19192
0
0
0
0
1 213700 510453
1 459680 961568
1 165083 50097
0
1 546975 477932
0
1 290076 102442
1 757533 583061
0
0
0
1 625004 478234
0
1 733504 489613
0
0
0
1 995474 397595
1 547214 865279
0
0
0
0
1 121010 261239
1 429743 926859
0
0
0
0
0
1 189887 878353
0
1 111426 940932
1 795807 409131
1 285585 585635
0
1 594585 545826
1 368699 769683
1 566608 689175
0
1 745085 626418
0
1 867546 978754
1 754457 308634
0
0
1 18189 707439
0
1 50637 835019
1 96059 81064
0
1 283959 60911
1 881988 802390
0
0
0
1 999383 97716
1 174422 682602
1 506525 360569
1 407942 821311
1 909220 422759
0
1 77664 867534
1 933433 648939
1 510336 604334
1 13209 376147
1 382064 882868
1 185123 105257
0
1 946207 236231
1 817075 439996
1 983030 885957
1 97898 354602
0
0
1 495779 102568
1 65698 695443
0
0
1 66355 847884
1 691585 994411
0
1 341149 772418
1 392330 120927
1 520489 225198
1 451439 73211
0
1 259325 176474
0
1 451903 340778
0
1 474868 274506
0
1 501565 558972
1 779781 885172
0
1 912083 593224
0
0
1 63426 503256
0
0
0
1 758090 757253
0
0
0
0
1 595054 338785
1 13259 665654
0
0
1 163915 629098
0
0
1 544521 426419
0
0
0
1 547085 36382
1 956034 624186
1 25755 160395
1 288105 671269
1 724139 776944
0
0
0
0
0
0
0
1 709641 738470
1 866551 637044
0
1 633180 508933
0
0
0
0
0
0
0
0
1 177445 266900
0
1 407361 712039
1 124604 872011
1 560314 59059
0
0
0
1 784967 492473
0
0
1 312482 285887
1 71723 564208
0
0
0
1 203870 731669
1 336249 756331
1 810375 944876
0
0
0
0
0
1 115248 951677
1 481408 540094
1 653265 99267
1 21414 787869
0
1 362092 404883
0
0
1 118427 251364
0
0
1 602582 291051
0
0
0
1 740452 480291
1 751625 93157
0
0
0
0
0
1 330263 143581
0
1 996134 885622
0
0
0
0
1 251724 471749
1 138627 769229
1 200152 217782
1 360266 435256
1 879970 470226
1 769862 677067
1 72070 626265
1 756707 67891
0
0
1 34086 78811
1 936949 569695
1 123079 496730
1 628009 356529
1 794658 826704
1 116959 109263
1 976942 52446
0
0
0
0
0
0
0
0
1 256127 740439
1 232844 317246
0
0
1 647978 45628
0
0
1 714192 675087
1 507558 69063
0
0
0
1 899689 310563
1 318394 445370
1 86772 913274
1 665290 38156
1 876332 158385
1 672190 18531
0
0
0
1 627851 593580
0
0
0
0
0
0
1 332930 522745
1 924340 451324
1 300292 477904
1 304658 74579
1 466472 585224
0
1 26936 632301
0
0
0
0
1 288733 184691
1 968683 828074
1 603748 330435
1 135316 937146
1 346935 878058
1 911265 337353
1 457618 241116
0
1 575058 514240
1 659349 132914
0
0
0
1 749077 507702
1 593372 63146
1 73754 802944
1 207342 834196
1 496730 598004
0
1 654192 174448
0
0
1 7816 514631
0
0
1 825223 567996
1 822310 952222
0
0
0
1 54747 651827
1 987711 489892
1 903292 16934
1 775376 308531
0
0
1 833183 109948
0
0
1 693388 890042
0
1 424760 54331
0
0
0
1 911918 625618
1 460825 214055
1 168328 284868
0
0
0
0
0
0
1 596539 643722
0
1 784918 23411
0
0
0
1 503189 119502
0
0
1 766223 191160
1 206261 775257
1 646527 836220
0
0
1 852978 800271
1 93860 710573
1 304952 663205
0
0
1 24796 212431
1 668752 570564
1 848648 336031
0
0
1 480884 717181
1 558936 666790
1 521051 348759
1 924000 633812
1 847933 585241
0
1 434426 608076
0
0
0
0
0
1 54981 488339
1 465164 23729
1 541775 214410
1 927349 233154
0
0
0
1 24226 3241
1 378030 693812
1 210948 843928
1 181458 367025
0
1 124828 455024
1 957801 721719
1 262691 181169
0
0
1 6219 954777
0
0
1 61774 962956
1 900272 210769
1 487077 942934
1 188801 212152
1 482661 542973
0
1 78402 31145
1 875166 692715
1 412512 894125
0
1 118 244443
1 279220 279648
0
1 68136 823574
1 605025 193976
1 188718 374367
1 437055 113818
1 516688 272295
1 836444 818497
1 190828 457758
0
1 297452 881227
1 57779 151525
1 926762 648484
1 285096 528956
1 620841 833819
1 868712 826791
0
0
1 365984 278669
0
0
1 375947 800791
0
0
1 599174 745636
0
0
1 902825 814446
1 818950 851836
1 507628 231582
0
0
1 563401 703008
0
1 432624 520283
0
0
0
0
1 510384 316551
0
0
0
1 559895 287810
1 724235 480462
0
0
0
0
1 421160 228683
1 566014 142616
1 473276 337909
0
0
1 922092 924031
0
1 467097 855215
1 951068 403344
1 683049 720746
0
1 889758 214859
1 230678 475845
0
1 362422 251284
1 944105 871936
0
0
1 614663 810922
1 318350 903095
0
1 672499 953483
1 392815 541518
0
0
0
1 659166 569641
1 268599 27426
0
1 854529 274364
1 85913 472476
1 465616 900435
0
0
0
1 628409 135822
1 34104 735734
0
0
1 352495 505996
1 527831 721069
1 431095 420842
1 89750 380999
0
1 436459 693614
0
1 158285 955910
1 419731 615161
0
0
0
0
0
0
0
1 769865 16671
1 361242 763235
1 338197 193426
1 826597 790569
1 710482 123736
0
1 202094 641251
0
0
1 394847 447027
1 564145 125901
1 837468 85254
1 178974 33171
1 885322 554834
1 309270 56214
0
1 829645 832359
1 961389 753342
0
1 619086 475479
0
1 563749 267839
1 342183 437095
1 382619 915085
1 410600 749957
1 164654 589685
1 686241 620133
1 297064 878705
0
1 958232 97475
0
1 851768 80866
0
1 357791 881412
1 996423 50281
0
1 625901 198343
0
1 393887 364774
1 227300 812700
1 18553 525833
1 872770 435239
1 535461 380358
0
1 291586 874189
1 536723 653497
1 788451 831208
0
1 50588 951337
1 103374 172970
1 353032 348805
0
1 601843 541731
1 990932 229775
0
1 365946 546039
0
1 909050 937703
1 962148 723505
0
0
0
0
1 407197 787725
0
1 199143 298303
0
0
0
1 94603 763737
0
0
1 210926 838395
1 508027 501550
0
1 709763 176551
0
0
0
1 944140 255731
0
1 661479 45126
0
1 691186 494111
1 801448 124087
1 812543 26427
1 585591 337943
0
0
1 563635 293825
0
1 678787 654960
1 858858 157194
0
0
1 974205 123798
1 571077 667833
0
0
0
1 285830 236265
0
0
1 496940 562818
1 285737 374130
1 269209 267923
1 854937 10342
1 823001 208888
1 111513 185339
0
0
1 256212 539411
1 619873 639065
0
0
0
1 796020 607459
0
0
0
0
0
0
0
1 261726 190634
0
0
1 592376 993783
0
1 626167 606439
1 953888 81468
0
1 763982 68311
0
0
0
1 253319 625852
0
0
1 961800 901154
0
0
1 918892 957811
0
1 89134 161098
0
1 694902 686193
0
1 418780 586681
1 482072 661105
0
0
1 404467 876814
1 445714 221165
1 796980 246030
0
0
1 800840 561713
0
1 943969 718933
1 262324 824245
1 77314 234384
0
1 606153 910336
1 471268 123500
0
1 182544 58593
1 609329 224233
0
1 842643 409352
0
0
1 21855 219691
1 657785 623135
0
0
0
0
1 220618 699058
0
1 345479 209621
0
1 493932 697223
0
1 673322 973055
1 238359 671793
0
1 177684 75053
1 684848 498004
0
1 595107 482106
0
0
1 870342 359292
1 374540 186879
1 461984 991341
0
1 2507 918261
0
1 459994 74762
1 652801 9122
0
1 674171 574304
1 54118 733707
0
0
1 138196 885420
1 542456 591485
1 730195 93931
1 864515 938566
0
1 869385 142611
0
1 529560 731594
1 694268 144553
1 245040 24575
0
1 336507 346985
1 485917 88133
1 624977 730198
0
0
1 795910 806779
0
1 35699 972233
0
1 672635 933579
0
0
0
0
1 784500 813094
1 31874 574056
0
0
1 817519 911083
1 661149 427402
1 870339 795365
0
1 956105 721722
1 766579 107652
1 62685 551105
1 40653 110793
1 23937 844581
0
1 666662 621295
1 227211 127217
1 191177 783124
1 622096 310057
1 628771 30633
1 818368 625453
0
0
1 447275 621490
0
0
1 51954 562112
1 557732 378844
0
0
1 155735 289711
0
1 46711 295457
1 991553 784589
1 618537 279055
0
1 154675 167593
0
1 528720 697767
1 624350 335024
1 821721 846711
1 973637 405174
0
0
1 952281 877928
1 894355 573939
1 259039 875788
1 907740 525045
1 793064 91191
1 356970 538922
0
1 983336 663336
1 744680 395258
0
1 920190 740955
0
0
1 847511 813361
1 150257 82295
0
0
0
1 596021 649797
0
0
0
1 38734 857630
1 176131 633725
0
1 710731 542738
1 442193 203140
0
1 491664 989883
0
0
1 524185 735857
0
1 832594 487953
0
1 341152 864248
1 863366 842820
0
1 405379 219838
1 987738 754627
0
1 263972 868049
1 589680 410205
1 212615 242913
0
1 982383 555134
1 438690 478640
0
0
0
1 295771 903953
1 944166 799800
1 678781 509093
1 604472 477421
0
0
1 49303 147706
1 97547 187441
1 465689 7974
1 382094 63441
0
0
1 96157 418157
0
1 501318 789567
0
0
0
1 551600 618085
0
1 109983 117019
0
0
0
1 925383 960319
0
1 883112 815502
0
1 104076 465671
1 452209 114190
1 381037 602868
1 293338 197485
0
0
1 45639 930586
1 174178 813984
0
0
1 983737 815629
1 295399 860185
1 504842 548257
1 668755 711509
0
1 217154 87044
1 539017 590274
1 911556 219380
1 879292 170347
1 272931 796947
0
1 288716 992382
1 834323 958508
0
0
0
0
0
0
1 739105 852514
1 638796 653182
0
1 221366 806346
0
0
1 218574 903476
1 30444 980375
0
0
0
1 316059 381400
0
0
1 838004 894517
1 360317 959803
0
0
1 580147 421111
1 474752 434241
0
0
0
0
1 536596 819134
1 350437 889572
0
1 593824 477200
1 264178 589985
1 346793 728555
0
1 999177 973133
1 346491 597193
1 618276 74746
0
0
1 93057 185820
1 618011 521001
0
1 228672 683909
1 588294 205422
1 853698 922648
0
1 524752 810019
1 184711 736772
0
1 220745 514536
1 842383 752600
0
0
1 277742 890585
0
1 298229 755260
0
1 143324 235070
1 347955 511839
1 345076 532861
0
0
0
0
1 82878 479919
0
0
1 916657 221897
0
1 262330 914522
1 186252 458345
0
0
1 758542 761515
1 141018 112257
0
0
0
1 975056 570730
1 627405 602325
0
0
0
1 865267 66036
1 727817 600748
1 424663 41259
0
0
0
0
1 789219 343640
0
1 44033 173142
1 945851 440268
1 704756 911443
0
1 50128 15342
1 674046 77812
1 565374 457745
1 895701 791595
1 400682 395160
0
0
1 914593 350238
0
0
1 562964 218509
0
1 550438 947411
0
1 576430 924181
0
1 599332 652064
1 616319 85190
1 792204 710749
0
1 523785 106488
0
1 29123 545318
0
0
1 593236 77804
1 476877 992658
1 720260 700726
1 139665 603689
0
1 354798 103129
0
1 465329 904018
0
1 804485 658369
1 577007 79058
1 85294 468888
1 921188 657218
1 984519 196106
1 366929 575588
1 802217 891262
1 888186 916226
1 216555 282270
1 638287 47598
0
0
1 201344 520860
1 801446 185500
0
1 759588 596018
0
0
0
0
0
0
1 36302 198438
0
0
1 903690 435965
0
0
0
1 157769 743470
0
0
0
1 384734 794436
1 419425 877712
1 325436 11308
1 738954 926387
1 235517 916199
1 361832 546017
1 952209 773358
0
1 889155 701622
1 571999 95808
0
1 282087 619070
1 259682 143924
1 42471 980462
0
1 117597 262651
1 818476 395294
1 150392 372367
0
0
0
1 51605 441135
1 40739 548206
1 740498 856414
1 304438 663587
0
0
0
0
0
0
1 417844 305901
0
0
1 101607 399332
0
1 147337 880746
0
1 382528 623551
1 752894 269297
1 30156 614862
0
1 716799 653357
1 608802 686734
0
0
0
1 781533 45588
0
1 727614 772784
0
0
1 146097 527959
0
0
1 911403 172749
0
1 916096 174967
0
1 197616 153334
0
0
0
0
1 111517 191096
1 591596 673142
1 717333 745424
1 582535 471822
1 104353 273713
0
0
1 889461 462938
1 797551 160390
1 659805 412409
0
1 408196 868240
0
1 96003 989963
0
0
1 638621 458771
0
1 434611 94850
1 719864 271059
1 295589 43962
0
0
0
0
1 51720 946779
1 728056 886192
0
0
1 637205 674334
1 296503 393045
1 216630 101437
0
1 981381 683199
1 749192 725707
1 245609 706199
1 576349 896755
1 663978 795085
1 661820 693885
0
0
1 138337 308013
0
1 399431 570916
0
1 866217 968165
0
0
1 76927 983621
1 103884 231228
1 693018 707804
0
1 709098 816059
0
1 469942 296797
1 229424 44679
1 873041 496988
1 195584 848829
1 255268 846178
0
1 766855 229931
0
0
1 672579 327214
1 263641 813919
1 991979 995023
0
1 211017 333082
0
1 481253 540128
1 389838 735519
1 515000 284067
0
1 722402 944560
0
1 711214 596859
0
0
1 870424 26373
0
0
0
1 461136 320831
1 399452 398397
1 974685 563819
1 667902 598720
1 651773 735622
1 585783 476554
0
1 481653 962922
1 331065 39064
1 927086 524003
1 407161 21192
0
1 31003 636192
1 566241 235294
0
0
1 988936 470729
1 437351 253138
0
1 132398 469603
1 267525 264668
1 681364 467780
1 23985 194189
0
0
1 530582 618023
1 294164 813917
0
1 769376 956833
0
0
0
1 199007 540767
0
0
0
0
0
0
0
1 305189 825907
0
0
0
0
0
1 85875 504219
0
0
0
1 588287 576554
1 540862 973514
1 343277 697095
1 596060 276384
1 25045 514854
0
1 954640 406323
1 641955 816803
0
1 912376 356840
0
0
1 963402 863078
1 858024 844262
1 350383 330290
1 489213 765942
1 853595 666427
0
0
0
1 271843 700080
1 949977 265571
1 541033 911700
1 947825 296046
1 737521 770219
1 368376 859303
0
0
1 577782 20802
1 186938 110679
0
0
1 413699 13156
0
1 25467 75759
1 367947 278982
0
0
0
1 55613 974715
1 236511 862210
1 131868 522353
1 362233 570134
0
1 576048 714031
0
0
1 967922 37407
1 620671 454287
0
1 394779 771527
0
0
1 295373 759194
1 921942 263
0
1 954009 145618
1 306348 354521
0
1 194270 402448
0
0
1 240666 779385
0
0
1 562535 673833
1 93683 261161
1 564729 484992
0
0
0
0
0
1 985018 391742
0
1 696233 702472
0
0
0
1 359462 821454
0
0
0
0
0
0
0
1 576563 970772
1 29646 682731
1 627977 228198
1 78498 801908
1 301045 759951
1 830193 635827
0
0
1 950725 2359
1 580351 307552
0
1 436662 83137
1 517279 643021
0
0
1 381823 931530
1 520350 689405
1 516285 798495
0
0
1 374486 342191
0
0
0
1 709243 657010
0
0
1 801018 176126
0
0
0
0
0
0
1 337026 662933
0
0
1 617093 541178
0
1 761285 179658
0
1 671088 850549
0
0
1 110976 974848
0
1 329423 519937
1 478186 900364
1 945833 48075
1 907867 64363
1 97111 195256
0
1 668689 336533
1 650739 32362
0
1 22925 853088
1 11985 254716
0
0
0
1 584422 497487
1 56923 481405
1 595776 997296
0
1 171993 354803
0
0
1 957577 897946
1 898148 622906
0
1 644037 896780
0
0
0
1 295440 185769
1 209222 783001
0
1 898247 271590
1 31271 630454
0
1 647322 902464
0
0
0
0
0
1 225068 705538
0
1 240541 850520
0
0
0
0
0
0
0
1 751804 16174
0
0
1 380739 286349
1 454881 243462
1 13060 450717
1 848616 730669
1 916690 58393
1 174961 903595
1 167500 590801
0
0
0
1 501725 826808
1 490422 450622
1 199099 864867
1 300351 885110
0
1 826199 176921
1 538899 912723
0
0
0
0
0
1 347019 367260
0
1 527666 526254
1 482447 415264
1 774568 354805
1 605245 100196
0
1 155078 130607
0
1 178921 81446
1 306534 315056
0
1 231384 400438
1 606669 501140
0
1 744407 465607
0
1 236627 898194
1 537146 804913
0
0
1 75043 283105
0
1 245066 369215
0
0
0
0
0
1 93669 922569
1 455912 919083
1 558175 249181
1 997823 499235
1 230982 154015
0
0
1 781862 197498
0
0
0
0
0
0
0
0
1 759472 416813
0
1 356570 770132
1 970716 580793
1 967324 994255
1 467648 588606
1 493820 691115
1 960357 996607
1 605479 126927
0
0
1 886910 659871
0
0
0
1 411374 370909
0
1 746696 88938
0
0
1 606264 214675
1 378652 505398
1 632893 330391
0
1 765710 915581
0
1 634865 647121
1 354776 593025
1 65089 859438
0
1 659433 862435
1 107558 950142
0
0
1 261038 417069
1 921128 476841
0
0
0
0
0
0
0
0
0
0
0
0
0
0
1 177069 667539
1 565551 480917
1 629748 281693
0
1 822177 732359
1 875110 419661
0
0
1 110739 608898
0
1 523301 472699
1 117881 786894
1 983316 581130
0
0
1 284727 403262
1 574922 379019
1 846079 25534
0
0
0
1 755056 387950
1 598446 939705
0
1 817166 84004
0
0
0
1 555838 244651
0
0
0
1 25168 39420
0
1 518159 231469
0
0
1 326653 760612
1 570202 282406
0
0
1 16583 41514
0
0
0
0
0
0
1 406424 35771
0
1 563974 352401
1 641971 463193
0
1 647895 708979
1 474931 772195
1 402373 563587
0
0
1 385412 265441
1 715891 179035
0
0
1 485671 353099
0
0
1 25502 852137
0
0
1 28233 821476
1 155150 597747
0
0
1 13904 336873
1 237577 3162
1 483329 463363
1 793964 778037
0
1 247760 166789
0
1 377426 760171
0
1 480126 297684
0
0
1 718632 500648
1 318940 996064
1 939670 781061
1 368794 414505
0
0
0
0
1 401558 845951
1 420345 595475
0
0
1 677301 268578
0
0
0
0
1 973877 553181
1 548887 118446
1 593638 938102
0
1 225322 424709
1 442183 493855
0
0
1 743354 650683
1 859170 495802
0
0
0
1 831492 841738
1 880203 739643
0
0
0
1 820419 901631
1 820573 903796
0
1 152440 449409
1 139016 747465
1 153982 703336
1 24346 349513
0
1 373927 704581
1 330187 47510
1 708756 600394
0
0
0
0
1 769613 497282
1 825380 496259
1 251103 29973
1 70334 831777
0
1 490032 341833
0
1 594236 811126
0
1 734611 304061
1 990058 69885
1 872501 215850
1 238586 45200
1 740053 292670
1 269616 48410
1 903135 792489
0
0
1 268577 468989
0
0
1 114089 959175
0
0
0
0
1 623325 946390
1 889335 163909
1 715845 706006
0
1 841783 357630
1 498036 914429
1 525956 331069
0
1 252681 626300
1 641225 233604
1 358738 205436
0
1 39557 367516
1 17558 665515
0
1 1533 341531
1 490980 956699
1 381118 626522
0
1 271405 382333
0
0
1 479765 544881
0
1 790792 248795
0
0
0
1 211358 387947
0
0
1 847660 425128
0
0
0
0
1 206842 591853
1 165304 22227
0
0
0
1 829629 560772
0
1 409526 914260
0
0
1 276502 556097
0
0
1 47101 356143
0
1 998177 15575
0
0
0
0
0
1 624905 574940
1 566976 519341
0
1 81497 518697
1 639042 148031
0
0
0
0
1 294990 144987
1 779502 736042
1 574576 52641
1 85612 632723
0
1 648272 208694
1 961579 732696
0
1 456870 385083
1 668790 218933
0
0
0
1 242242 552154
1 58855 58863
0
1 47594 339545
0
1 450464 379803
1 418129 811835
1 115351 215183
1 288393 652509
0
0
1 184760 539592
1 92816 754979
1 317008 223881
0
0
0
0
0
0
1 497589 241925
1 252420 798180
0
0
0
1 523241 570303
1 601238 872913
1 132807 809118
1 491844 688748
1 283343 433674
1 867360 632219
1 80665 942509
1 878957 514553
1 826745 316778
0
0
1 330734 922602
0
0
0
1 560016 731755
0
1 377854 783474
0
1 416527 88401
1 448917 935121
0
1 739751 34496
1 369686 392980
0
1 957043 215005
1 98426 735410
1 455674 840084
0
1 165783 284809
1 138706 776206
1 338411 785487
0
0
1 749070 818958
0
1 899419 327110
1 878386 618318
1 400522 979149
1 476059 501594
0
1 658092 253240
0
0
1 376068 413383
0
0
1 616989 850442
0
0
0
0
1 402433 422110
1 769355 272020
1 201248 195686
0
0
1 306714 124899
0
1 474841 292494
0
1 71339 685708
0
0
0
0
1 304752 325392
0
0
0
1 31765 383835
0
1 24955 192805
0
0
1 236403 178676
1 377610 83587
1 567612 80651
0
1 267034 129557
0
0
1 92805 277334
1 379803 157071
0
1 519540 671822
1 587313 961840
1 385337 192680
1 504932 812186
0
0
0
1 220016 242134
1 223167 877531
0
0
1 957797 261721
1 238531 116156
0
0
1 386255 250521
0
1 242707 19660
0
1 598914 113543
1 511920 512937
0
0
0
1 349472 604187
1 589269 887452
0
0
0
0
1 595383 647076
0
0
0
1 453081 704846
0
1 238242 972748
0
1 815037 928931
1 846633 949945
0
0
0
1 938088 39683
0
1 840288 839667
0
1 520361 404219
0
0
1 754921 162817
0
0
1 459082 464624
0
0
1 110383 341337
1 166658 438868
1 39512 299381
1 131033 285015
0
0
0
1 775044 341121
0
1 755253 682763
0
0
0
0
1 543242 542940
1 768881 743024
0
1 791030 859265
0
1 2701 573111
1 641871 829637
1 794643 280617
1 164246 119828
0
1 113752 977799
1 107022 388999
0
1 137223 184851
1 831597 95197
0
1 523789 603244
1 108149 930167
0
1 216622 474250
0
0
1 434208 351882
1 942575 638306
0
0
1 55052 365118
1 899940 111224
0
1 603090 49335
1 402788 71429
0
1 284235 510615
1 110220 307170
1 725746 557193
1 74155 104274
1 961574 10855
1 931378 793976
0
0
1 867688 39653
0
1 222733 597664
0
1 819344 445954
0
1 851710 931214
1 936975 415362
0
0
1 989646 248356
0
0
1 355767 996349
0
1 71627 496264
0
0
1 723643 662912
0
0
0
1 689990 259081
0
0
0
1 129952 604200
1 364047 301630
1 929226 446167
1 247312 891522
0
0
0
0
1 341731 77251
1 164100 542819
0
0
0
0
1 410077 779589
1 828966 534819
1 797544 205374
0
1 983789 13702
1 860670 746544
0
0
0
0
1 390498 100793
1 627829 661782
1 301649 713805
0
0
1 527597 179188
1 677607 213000
0
0
1 622291 741608
0
0
0
0
0
0
1 285340 150005
1 450716 376913
1 770646 234474
0
1 18447 618047
0
1 808318 504648
1 186859 460418
0
0
1 499846 495338
1 313473 459454
1 627275 949672
0
1 181122 428839
1 448085 306909
0
1 355048 623697
0
1 581572 270146
1 25182 838742
1 570971 247511
0
1 973177 787930
0
0
0
1 242300 912991
0
1 98440 653748
0
0
1 170811 383895
0
0
0
0
1 866397 770383
0
0
0
0
0
1 796539 869970
0
0
1 752151 532474
1 907614 32282
1 351948 176571
1 165207 666204
0
1 634786 524554
1 390266 218005
1 341139 122850
1 917798 186989
0
0
0
1 571223 500374
0
0
1 916652 802207
1 480560 83562
1 606220 494991
1 426635 125968
1 219261 397017
1 497835 26754
0
1 129049 474262
0
0
1 259225 49484
0
1 657534 588225
1 693213 389048
0
1 630932 605405
1 483307 568311
1 484860 385045
0
0
1 26622 389632
1 982684 496617
1 187737 848130
0
1 144729 710578
0
