3761
0
0
1 639037 729304
0
2 150715
2 309047
1 83905 949479
0
2 132799
0
1 63913 162218
1 601336 26977
1 290156 862418
1 902260 828642
2 457678
2 719827
2 730469
2 32524
2 33213
1 45667 720763
2 7791
1 427495 997997
2 422502
1 53688 300576
1 362693 240060
0
0
2 388411
2 26995
0
0
1 739746 643578
1 522858 89854
1 608224 126259
2 670580
0
2 984317
1 470641 922471
2 248608
0
1 338262 269970
1 232107 841213
0
0
0
1 95334 411285
0
1 965454 227170
1 266729 215459
1 624265 944876
1 412103 641057
0
1 601173 588361
1 882101 727069
1 82979 366376
0
0
2 877248
1 830807 511384
0
0
1 514354 42394
1 408555 476551
1 198860 636901
0
1 14417 344011
2 488026
0
1 67482 76912
0
2 24257
0
0
2 199815
1 678748 847455
0
1 417183 45507
0
0
1 987880 931268
1 919683 412517
0
1 799954 232100
2 853473
2 672311
0
1 417170 194079
2 261127
1 94152 390726
1 830109 393585
1 921795 431631
2 351933
1 827691 696972
0
1 498315 899406
2 382629
1 396345 707298
2 215733
1 416123 520343
2 631720
1 465406 981804
1 828333 744993
1 63242 935755
2 416849
0
2 36500
2 814366
2 231887
1 294071 24799
0
1 501439 450356
1 463377 46034
2 548066
2 478245
2 11734
1 987450 506153
0
2 499857
1 789448 250185
0
2 761227
0
1 721160 488124
2 735622
2 240820
0
1 650719 559144
2 979473
2 580275
2 377065
1 20127 937563
1 561731 940132
0
2 969525
0
0
1 722374 772050
0
2 573770
0
2 231266
1 751220 731390
0
1 864967 699963
0
1 282597 733143
1 501430 275003
2 852951
0
1 697204 316151
1 21263 450008
1 863495 877643
2 967231
1 218266 967535
0
1 754411 44006
0
2 736755
1 472410 471302
1 544528 743985
2 343131
1 194526 785024
0
1 33177 369464
0
2 918573
2 80855
2 85935
1 222685 990204
1 14590 948011
2 942678
0
2 637974
2 48101
1 844413 516773
2 405173
1 215336 20606
2 640434
0
1 808422 500898
1 883859 384475
1 729492 627712
2 292834
2 26205
0
0
0
1 857499 845458
1 819069 396144
2 939931
1 133148 404732
2 266234
0
1 29794 699007
2 652971
2 895374
1 824677 115379
0
2 389597
1 606443 440210
1 582005 383902
1 720623 534437
2 186491
2 161693
2 849826
2 144816
1 622930 756612
1 938849 23433
2 418066
0
2 333870
0
0
1 74312 296586
1 747645 349328
2 129851
0
1 985680 144593
0
2 443533
2 106684
0
1 542311 53229
1 883629 148339
1 304318 135966
0
1 999332 171752
2 381330
2 241414
1 196211 919955
1 244370 750437
0
0
1 404311 224955
2 595277
0
0
0
0
1 367716 401975
2 869465
2 212550
0
0
2 451472
1 410368 223655
1 85174 342098
1 693993 344450
1 39961 787409
0
0
1 959521 498434
0
2 694771
0
0
2 878960
1 24526 908215
0
1 226348 710587
0
1 44434 449428
0
1 85330 712035
0
2 711186
2 613559
1 365123 233481
0
0
0
0
1 966830 719890
0
2 953035
0
0
1 644651 746246
0
1 843821 546222
1 413801 226086
2 907195
1 489955 949017
1 172151 231389
2 354881
0
1 319201 882182
2 296389
2 590193
0
2 558464
0
1 836204 73586
0
2 208955
1 501975 424894
1 125001 853748
2 172819
1 173965 936446
2 419674
0
1 89104 61031
2 725296
0
1 868505 533856
2 619942
0
2 317308
1 393501 940053
1 868575 401519
1 332637 887910
1 571237 504102
0
1 694497 806532
0
1 355070 459261
0
0
2 753342
0
0
2 153464
2 614508
1 915801 213796
1 439554 958671
2 988735
0
1 460917 387371
2 906564
1 257793 281452
2 641014
1 565459 117683
0
0
0
1 15884 143593
1 238770 492575
0
2 950622
0
0
0
0
1 735855 597920
0
1 426395 51657
0
2 399723
1 658752 56595
1 303496 300091
0
0
2 506981
2 120746
2 403575
0
1 28849 93772
1 469093 315186
1 587494 502275
1 293165 197087
2 579465
2 646820
2 646491
2 175381
2 676546
0
1 949264 332280
2 841151
1 487048 978021
2 840795
0
2 5890
2 275951
0
1 606434 74539
2 68384
1 997617 433051
0
0
0
2 865028
0
1 925986 54069
2 165384
1 82951 256385
2 767514
2 160433
1 472095 323166
2 523544
0
2 579850
1 428101 82034
2 372295
0
1 254537 535459
0
0
0
0
0
2 953006
2 822220
0
2 294710
0
2 509868
0
0
1 21717 27076
0
0
0
0
1 424670 108988
1 220702 451476
1 87610 998646
0
2 126543
0
2 683116
0
0
0
1 363299 92508
2 993677
1 161960 375296
2 164953
0
0
1 431668 731586
0
0
2 394332
0
1 256649 977399
1 656006 887330
0
0
0
1 795392 618741
1 61207 807811
2 405876
0
0
0
1 447124 781984
1 919011 455809
0
1 281440 871141
0
1 202881 192427
1 804454 542781
2 531183
0
1 520946 240306
2 796833
0
0
1 626551 696085
0
2 154627
2 400022
0
0
1 676023 234139
1 618217 419682
1 292431 391828
2 99606
1 552737 640559
1 966752 909424
2 59691
1 243995 567492
0
1 952261 74580
1 814671 22404
2 275505
2 503941
1 592541 952830
2 466373
0
0
0
1 753944 719017
0
2 383719
2 722517
2 142294
0
2 203578
2 264445
2 360809
0
0
0
2 779975
1 942417 534231
2 719971
2 804589
2 583155
1 663656 519186
1 206773 845838
1 311324 533046
1 36653 587523
0
1 642999 803840
1 375147 343444
0
0
1 821863 122842
0
1 98728 290922
0
2 701686
2 541037
0
1 594187 389627
1 447521 200932
2 661497
0
2 395718
2 85857
1 668149 747810
0
0
2 293585
1 797934 247045
1 970129 571253
2 212688
2 611414
1 636555 671673
0
1 206993 989456
0
2 186551
2 91465
0
2 115642
0
0
2 239983
0
2 998071
1 968594 592414
2 403579
0
0
2 355259
1 999168 407099
0
1 871087 555187
0
2 171624
0
2 750479
0
1 942209 508014
0
2 585406
0
1 426838 355844
0
0
1 704823 451169
2 618618
2 453948
2 886507
1 891594 62177
2 526757
1 648854 211703
1 480334 383888
0
1 902755 128393
2 431532
2 442547
0
1 365740 321432
0
1 594439 695945
2 599708
2 168722
0
0
2 267886
1 318937 161684
1 485834 784016
0
1 993610 682029
1 980943 661955
0
2 359785
1 347842 744691
2 897724
2 995948
0
0
1 264933 521360
1 549030 972922
0
2 871889
0
0
0
2 944981
1 446387 911910
0
0
0
0
2 327808
2 91210
2 330376
1 814428 935179
0
1 912142 870033
0
2 72248
1 25043 389910
2 191539
1 522695 933767
0
1 279241 922661
0
2 991498
1 806874 632469
2 211568
1 94939 207592
0
1 700188 604984
2 107481
2 960083
2 821365
0
1 99516 14057
0
1 932066 273825
0
1 218242 965305
1 194399 373024
1 437566 52618
2 366658
0
2 11518
1 625016 552316
2 836916
1 192389 868502
1 547252 226809
1 490904 909617
2 695015
0
0
1 705993 344402
0
0
1 528412 652739
0
0
2 799508
0
2 690760
1 289366 679968
0
1 433084 134069
2 645143
2 140209
2 235604
2 399735
0
0
0
1 223778 247676
1 790564 247370
0
0
0
2 438977
2 134504
0
0
2 793694
2 376950
2 493044
2 776901
1 184996 663624
0
2 690292
0
2 47924
0
0
1 962696 337193
1 43557 873940
0
1 184092 560134
0
0
2 472412
0
0
1 345249 804881
2 419798
1 547223 982085
2 30076
0
2 750628
1 558396 571725
0
1 221290 961796
1 665707 768348
2 295758
1 166067 729538
0
2 664641
1 365764 155664
0
0
2 719171
2 307139
1 481196 776971
2 62974
0
0
1 525 421644
2 150442
2 757032
0
2 605408
0
2 55609
2 685782
2 328274
0
1 937868 772442
1 785120 214128
0
1 910465 769224
1 904771 814236
0
2 490965
2 836889
1 153222 390943
1 907548 651356
0
0
0
1 690133 917223
1 515853 315285
1 564637 41105
1 639784 588782
2 278394
2 764415
1 664557 294251
0
2 136450
0
1 727799 555634
2 469522
2 628974
1 462284 823926
2 740311
0
0
2 320876
0
1 926151 317810
2 611086
0
1 646919 778582
0
0
1 397205 162657
2 557100
0
1 694928 641783
1 317030 281512
2 368874
2 370586
2 350121
1 869771 208583
0
0
0
1 269468 444088
0
0
1 241599 578622
1 670134 431983
1 120861 684085
0
1 420944 264673
0
2 915223
1 982224 226502
2 508212
0
1 29229 697683
0
2 247552
0
2 523080
1 843317 532957
2 203337
2 531673
2 978258
2 600913
2 211198
0
0
0
1 503475 672285
1 585669 755947
0
1 779689 256519
0
1 468522 588294
1 70200 213277
1 597430 531586
1 396174 522091
0
1 329599 546112
2 181590
1 441376 448458
2 740284
0
2 750094
1 454311 27391
1 263344 651338
1 647199 872773
2 136949
1 210135 102846
1 749791 329547
2 412919
1 777461 74997
1 908777 318183
0
2 314793
1 707875 781270
0
1 873204 725897
1 433545 819698
1 127627 143540
1 352683 809544
0
2 265632
0
1 220457 537116
0
1 325464 651911
1 376362 14276
0
2 167832
2 823567
1 138767 766228
0
0
1 918024 848940
1 406364 978596
2 228983
0
0
0
0
2 851569
0
1 431079 788156
2 991826
0
2 359704
2 911900
1 99049 512939
2 521820
1 133924 477036
1 92381 59426
1 757955 584412
0
1 314919 596665
0
1 107772 45430
1 337520 4078
0
0
2 495126
2 499873
0
1 505438 826947
1 154559 607215
0
1 271727 309622
2 306679
1 861918 547069
1 276615 879890
0
2 680224
2 64399
0
2 565845
1 197812 759594
2 841008
1 157593 515286
2 615689
2 324217
1 905596 634035
1 292262 203382
1 564278 866367
0
2 434954
2 707068
0
1 405225 75503
0
1 769579 979207
1 455772 646749
0
1 699726 860663
2 157168
1 420756 66817
2 463145
2 661654
1 137984 591567
0
1 514955 546671
1 585169 851964
2 116282
0
1 341982 474834
2 791943
0
1 919578 227693
2 84750
2 74433
2 333329
1 833988 64997
2 520936
2 984951
2 821601
2 741052
0
0
1 693475 932706
0
2 557503
1 811319 492578
0
2 473265
2 64612
0
2 399494
0
0
0
1 521501 169437
2 684590
0
1 730586 875486
2 155016
1 998693 882828
0
2 524145
0
0
0
1 830548 222765
0
0
0
2 4858
2 185359
0
1 115555 154991
0
2 780227
1 975229 794253
2 83426
0
2 497108
2 577959
1 862071 85951
0
1 636228 683111
0
1 209796 490450
0
0
0
1 943056 740022
1 550711 887309
1 270758 771566
0
0
0
1 408673 728302
2 862267
0
2 698237
2 787949
0
2 594559
0
1 185547 61644
2 219248
1 945729 720950
0
0
1 502489 369476
1 450495 22481
1 763444 122384
1 838481 709448
1 792813 608446
2 977806
2 301656
1 834180 458423
0
1 474334 470671
2 442306
0
1 496530 38458
1 604871 909068
0
0
0
2 299198
2 146837
1 36591 848886
2 23238
1 24892 161048
0
1 157705 736095
0
2 816967
1 206929 753781
1 566896 116067
0
0
0
2 301801
2 712941
1 162546 191435
0
1 331145 546093
1 995900 218217
1 390814 929266
2 304673
1 168662 553126
0
1 872917 820065
1 782967 849858
1 281052 754354
0
2 166247
1 688349 492423
1 336915 492994
0
2 391373
2 403594
2 926912
1 261510 258474
1 42704 813395
0
0
1 955207 484295
1 600054 997576
0
2 945968
1 614974 427025
1 994218 626797
2 426649
0
1 499537 781443
2 91904
2 147807
0
2 427259
1 874561 260244
1 769094 190477
2 687573
0
2 562741
1 530667 59412
1 117272 609493
1 814435 696831
1 157189 208516
2 659612
2 11427
2 863186
1 351786 826019
1 826538 416903
1 919515 114580
0
1 911050 467599
0
2 326920
2 737939
2 872397
0
2 987742
1 874121 864222
0
2 727805
2 779697
1 90555 493079
0
2 200114
2 247043
0
2 650560
1 673859 634060
0
0
0
1 963710 204905
2 130264
1 155742 529814
1 503190 547511
0
2 322651
1 182922 928733
2 530141
0
2 975813
1 593198 321092
1 655711 611967
2 104576
1 66035 847094
0
2 297732
2 536488
1 771957 906446
0
0
1 681002 85032
2 373791
0
2 591854
0
2 744545
0
2 682971
2 127702
2 871270
0
1 91131 990625
2 295695
2 931544
0
1 371483 589916
1 745369 433792
2 633613
2 819663
0
0
1 12267 855812
2 426558
1 820564 57037
1 625725 751560
2 193927
1 928779 150922
0
2 432160
2 986757
2 4269
2 44948
1 540772 716300
2 856045
1 89250 445956
0
1 96680 27317
2 368002
1 372556 360623
1 310774 199603
1 165569 487891
2 468558
2 986958
2 882662
2 47705
0
2 112420
1 218101 210376
2 120895
0
1 973683 869035
1 200913 139705
2 104742
0
2 870137
2 830106
2 384314
1 881595 659603
1 296513 512178
1 696842 517126
0
1 97729 702792
0
0
1 364029 350826
2 127419
2 873044
1 491115 317164
0
0
1 269218 349248
0
2 319573
1 761180 338816
0
1 764252 350928
2 78593
2 631608
0
1 161973 422731
2 122950
1 503951 936965
1 942367 926569
1 437220 942041
1 368946 666039
1 627938 94141
1 199717 319258
0
2 509418
1 515907 542570
0
2 551108
2 150946
1 264530 317573
0
1 41287 696357
2 21701
2 264494
2 722204
2 562160
0
2 19509
0
1 328332 762300
0
1 425126 826136
1 880719 974825
0
2 749764
1 235331 167622
2 668065
0
1 134427 91532
1 16204 460760
2 253251
0
0
1 292065 533864
1 812243 901254
0
0
2 38244
1 964773 31640
0
2 867436
2 124640
0
1 146864 524405
1 105868 310662
1 755393 627630
0
1 799970 378251
1 465567 745149
2 833825
0
2 226731
1 150686 396130
1 130308 533295
2 816259
2 749349
0
2 18130
1 671796 402322
1 63692 935262
2 672968
2 989771
2 571898
2 766622
0
1 450589 954550
0
2 640910
2 628676
0
0
0
2 717122
2 919397
2 912053
2 548961
1 756632 534837
0
0
1 501011 319685
1 564915 145435
2 276862
1 661247 117829
1 322434 399027
2 537814
2 50957
2 186646
0
1 169930 2557
1 127304 276392
2 811331
1 813683 238255
0
0
0
1 301018 805344
2 170577
0
0
2 875816
2 45731
2 257958
0
0
1 62788 498763
0
0
0
0
1 708288 688759
2 516155
0
1 421218 363126
0
1 787079 651439
2 258703
2 128049
0
1 396249 497573
1 766634 9566
1 980354 410059
2 93866
1 327224 944493
0
1 151837 888324
1 617393 122013
1 653596 322833
1 855554 855125
0
2 399024
0
0
1 893446 912935
2 34992
2 745579
2 46245
2 248682
1 765004 328348
1 351703 408521
0
1 383430 566015
2 544099
0
1 381927 564297
1 177431 360400
2 747098
1 680326 482893
1 543254 504371
2 819282
0
2 678475
1 431686 351190
2 997
0
0
1 108379 627176
0
1 891415 767545
0
2 291903
2 963342
1 537558 308438
2 845062
0
0
1 101121 415012
1 632587 908201
1 30296 347421
1 358351 247394
2 395008
0
2 567540
2 486525
1 699255 635050
0
0
2 441069
1 105184 480292
2 524345
2 889786
2 232530
2 590754
2 631632
0
0
1 998602 448411
2 154124
2 365502
0
0
2 653867
2 879800
1 270436 724420
2 770593
0
2 901604
1 192676 689174
1 209714 770126
1 353619 540570
1 849397 220773
2 340399
1 413320 514203
0
0
0
2 116955
2 212817
2 888811
0
2 726276
2 600345
1 182484 290974
0
2 42488
2 911362
0
2 123644
1 356059 397304
2 674497
2 222007
1 317632 227141
2 500368
0
1 169962 77949
2 483336
2 953800
1 514922 782840
1 374891 927731
0
0
2 126407
1 752589 692807
0
2 377596
2 667310
0
1 332600 68777
2 169937
2 362731
2 489226
2 285089
2 660301
2 344503
2 446439
1 439297 816214
1 143086 543253
1 482104 907697
0
2 347855
0
2 922094
2 583238
1 801085 745164
0
1 824140 397811
2 306740
2 772073
1 536699 595436
0
2 934155
2 391555
1 455223 506170
0
2 214081
2 835126
0
0
0
1 71911 78913
2 300017
2 715609
0
1 136520 816043
2 985731
2 761642
1 586056 100494
2 751267
2 629860
1 328745 879680
1 968620 219360
0
1 860314 853225
1 610941 379693
1 742424 314244
2 714991
0
0
0
0
2 984352
0
0
1 28177 253648
0
0
1 471704 255758
0
1 322236 60490
2 989936
0
0
1 567740 63553
2 267496
2 456550
1 416890 248152
0
1 264919 255322
0
2 19791
1 648670 518319
0
1 67268 203036
1 770535 394106
1 71604 507471
1 50670 573876
0
2 539291
1 718216 343382
1 479516 264326
2 856890
2 94251
2 23553
2 364504
0
2 330061
1 979469 988285
1 103075 689620
0
0
0
2 41003
2 552970
2 461287
2 182741
1 999296 622694
0
2 140477
1 586426 125813
1 638923 689057
0
1 73198 323064
1 856691 513556
2 69020
1 337612 976280
2 815858
0
0
2 560627
2 814612
2 276008
0
0
0
1 8812 528997
2 611230
1 347665 158623
0
2 289249
0
0
0
1 230777 481998
1 576679 211174
2 243718
1 917393 3375
2 380133
0
2 299705
2 745091
1 59675 698240
1 977013 777267
0
2 151411
1 702082 603001
0
1 755784 47237
1 585167 70885
0
0
1 793243 399649
1 675600 908413
0
0
2 613283
0
2 70591
2 2206
2 319625
1 180086 504952
2 315254
0
0
2 347754
2 554215
2 466603
2 379231
2 551971
2 343128
2 794598
0
0
0
2 979281
1 801915 121552
2 889314
0
0
2 782590
1 177247 638974
0
1 95839 663247
2 138940
1 21139 213671
2 172585
0
2 860568
1 296957 648955
2 740993
0
1 852955 462422
2 628908
0
1 153707 174574
0
0
1 452596 884410
1 111436 41999
2 608161
1 302457 986359
2 342470
2 8312
0
2 286657
0
1 15169 268425
1 876948 476111
2 930219
1 471950 726615
2 858061
2 110417
0
0
0
1 199485 552852
0
2 131720
0
2 834606
1 415067 827526
0
0
1 257204 610197
1 370602 552801
0
0
1 739639 816818
1 125422 38135
2 805274
1 638243 750784
2 805496
0
2 498085
0
2 270636
2 743680
2 660688
1 510117 644104
0
0
0
0
1 270630 806015
1 597631 78923
0
0
1 711484 879882
2 551757
1 531519 792621
1 454288 335921
2 542830
1 987079 347575
2 980354
0
0
1 75044 412916
1 568991 171127
0
0
2 737488
2 329561
1 659176 804803
0
0
2 282887
0
0
1 998020 671439
2 675814
2 389823
0
0
2 553335
1 125367 911469
0
1 107341 708432
2 392238
1 593391 543588
1 90885 517571
0
2 771630
2 911890
2 914516
2 868140
0
1 494916 733536
2 41577
1 425011 82414
0
1 577350 650322
1 421023 661930
0
1 48790 925250
0
1 738864 134166
2 434975
0
2 38069
1 49309 327716
2 15161
2 898175
2 940395
0
0
1 133981 481940
1 685127 168947
0
2 978369
2 895223
2 585388
1 724091 495040
1 975262 53209
0
0
2 552277
1 621110 690192
2 623502
0
0
2 653147
1 458667 631240
1 902444 792124
1 698984 494902
1 373013 63800
1 114266 788457
1 121803 188359
1 929184 507644
1 229310 958283
2 635357
2 116012
1 232789 961625
0
0
0
2 353701
2 954620
0
1 371722 514736
1 769701 503496
1 17748 810341
0
2 843635
2 547892
1 572697 145151
2 80321
0
2 162317
0
0
2 364653
2 670796
1 478250 81080
0
1 27054 65244
0
1 442602 230447
0
2 557920
0
0
0
2 112169
0
1 658001 791972
1 820989 939997
1 741575 597962
1 300446 694575
1 663252 989688
0
2 635264
0
1 16186 965547
1 672971 614994
2 939122
1 5422 349658
0
0
2 26076
0
2 655368
2 276813
0
0
0
1 847782 970570
0
2 80642
0
1 481975 239591
0
0
1 438938 549927
2 234631
2 54799
0
2 812599
1 292984 775683
2 663480
1 342654 36135
1 807425 703576
2 590494
0
1 291933 626266
2 66472
0
2 117614
0
1 557800 118251
1 660358 656049
0
0
2 550532
0
2 879589
0
0
0
0
0
1 177969 964474
2 986925
0
1 974695 704993
1 663315 497851
1 94525 385406
0
1 341781 641765
2 946276
2 34730
0
0
0
1 874065 283552
1 717330 279263
0
1 598880 240240
1 824024 516371
1 946561 142153
0
2 371611
2 732224
1 146223 167698
0
2 702740
2 205785
1 520225 850751
0
0
0
0
2 400958
2 489870
1 695633 62261
1 506252 807532
1 122869 970552
0
1 547352 310786
2 803840
2 987201
2 888154
2 31337
0
2 698983
2 556629
0
0
2 571858
1 211492 142826
1 823298 949823
1 768114 698166
2 483129
1 864535 68499
2 162566
2 790071
1 984908 790242
1 77979 887299
2 872021
2 357557
0
2 476480
1 240331 173080
0
0
0
0
0
0
2 468031
1 148561 728997
0
2 826063
1 971767 509920
0
0
1 154116 697504
1 778719 760975
2 332568
2 206416
2 363321
0
0
1 712269 171481
2 705787
0
0
2 839296
1 948664 449866
0
0
0
0
1 967480 532278
0
0
2 842157
0
2 667538
1 171192 372370
2 115104
2 147260
1 847513 764186
0
1 352649 18573
1 329033 871771
0
0
0
1 839800 63551
2 854939
0
2 183412
0
2 459252
0
2 344056
1 601246 186526
2 677065
1 623316 777901
1 739944 681271
1 995094 67788
1 928793 476929
0
1 184156 72317
2 853994
1 147454 651919
2 316355
2 993083
2 179044
2 416075
2 212431
0
0
2 68087
1 32259 439028
2 985837
0
0
1 447901 972095
1 93567 616369
1 963480 736570
2 432368
1 811512 385806
0
0
1 217430 939962
0
2 948692
2 763687
0
0
0
0
1 322594 577358
0
2 628614
0
1 83792 412323
1 418803 26950
0
2 705335
2 496367
2 50452
0
1 19415 775210
2 174988
0
1 414583 898728
1 460124 798273
1 303074 728630
0
1 151054 767623
0
1 966096 1864
0
0
0
0
2 937759
1 821981 823894
0
0
2 827087
0
1 605903 409435
0
1 914400 309056
0
1 583949 701230
0
2 82273
0
1 510297 944378
1 253561 514514
0
1 330996 83724
0
2 308539
1 361059 11121
1 488503 783513
2 400418
2 515923
2 469101
0
1 363301 915669
0
0
2 216630
2 201236
0
1 777504 943980
0
1 330197 486581
1 462240 530984
0
2 176743
0
1 609232 699930
0
0
2 57757
0
1 19488 756081
2 885308
1 588263 803185
2 919606
1 605778 783297
0
2 819980
0
1 200685 24824
0
0
1 88694 193171
0
1 306687 513438
1 308554 270900
0
0
1 379531 58333
2 476376
2 69957
2 692866
1 207233 601186
0
0
0
2 199697
0
1 398478 476511
0
1 57429 327865
2 138428
1 952469 739054
0
2 640788
0
2 782941
2 522142
2 846075
1 925084 330986
1 380487 324485
1 296388 797859
0
1 178395 95890
0
0
1 379637 386185
0
0
0
0
2 611496
1 828915 530931
2 875716
1 834700 158682
2 265179
0
0
1 63989 46330
1 523368 925018
1 281746 259855
1 605292 434767
0
0
2 326447
0
0
0
0
1 868328 858059
2 12362
0
1 47259 700758
0
2 177102
1 938641 627900
2 278303
0
1 809278 820282
2 92628
1 391916 167811
0
1 803231 871251
2 39805
2 903975
2 701064
1 956404 941321
1 827675 46180
2 964747
2 47699
2 508626
0
1 943525 358767
2 393096
2 46097
1 817927 425191
1 376950 619440
0
1 100967 340958
1 666375 417682
2 473306
0
2 544195
1 970131 587922
0
1 783575 252528
0
0
2 576244
2 323221
0
0
0
2 981276
1 775264 679172
0
0
1 719728 253743
1 74864 519383
0
1 507352 56335
2 624710
2 196470
1 852733 299067
1 697028 689597
1 762519 729623
0
1 18356 698178
0
0
0
1 115985 520762
0
2 423782
2 455911
2 766023
1 83916 498904
2 297655
1 404056 358838
2 979623
1 642431 289901
1 675291 791999
2 971009
2 195926
1 619726 270510
0
1 863806 509784
0
0
1 884182 94420
1 35574 218623
0
1 760974 914365
0
2 856432
1 87664 135718
0
2 762118
2 346591
2 213990
1 391239 534951
0
1 862209 67163
2 736205
0
1 496803 463578
0
0
1 658243 775141
0
1 602037 572502
0
0
2 599522
1 155740 146879
0
0
0
1 589049 35994
1 806141 260167
1 376811 184852
2 350421
2 937999
2 463182
1 577116 276071
2 983069
2 854045
0
2 789560
0
0
0
0
2 165561
0
1 407181 920518
0
1 962717 276269
2 867147
1 889736 983614
0
2 544282
1 144083 534602
2 404108
2 471496
0
0
1 644813 772714
2 71170
2 571230
2 723282
1 407717 971921
0
0
2 743595
1 269787 149316
0
2 29526
1 625250 786024
2 929344
0
1 906012 922812
0
0
0
0
1 598770 893895
1 438561 415600
2 845271
1 212947 511016
2 716820
1 99063 593844
0
0
1 793800 676346
2 27060
2 742997
0
1 326613 98318
0
1 553127 994604
2 909161
0
1 432975 386750
1 467363 253208
2 285652
2 259056
0
0
1 270854 264215
1 109393 377572
1 688342 291524
2 91371
2 615003
0
2 783415
1 713698 805334
1 170205 269405
2 44739
2 596337
0
0
1 627707 540085
2 714281
2 591747
1 770181 453148
0
1 445065 853711
1 643644 995160
0
1 43830 89156
2 155082
2 400200
0
2 776827
2 471903
1 337735 668397
2 915436
2 146455
2 189776
1 228155 726278
1 508755 878297
2 84054
1 430009 346540
2 958939
1 135157 591738
1 700498 636846
1 218541 841479
1 260246 537816
2 12214
0
1 763984 465728
0
2 448215
1 45924 116608
1 649177 388445
2 667944
2 644357
2 816044
1 879669 251782
1 11107 358803
2 167742
2 371893
0
1 842876 439930
2 71736
2 920119
2 294700
1 303468 133132
2 712159
0
2 577120
0
0
2 713468
1 619656 594112
0
1 728073 363703
2 884586
0
1 940000 339972
1 421574 579162
2 978589
1 211033 665875
2 836625
2 769687
0
1 827585 851332
0
0
0
0
1 473180 170090
0
0
1 393520 309047
0
2 213312
1 514830 805278
0
2 391280
2 794955
1 352832 860874
2 282493
2 856773
1 62388 708130
1 361100 42158
2 490724
2 536221
1 67461 140295
2 423535
1 220337 214606
2 953140
1 344572 660619
1 851170 622909
1 224267 669754
2 21649
1 936408 163168
1 313364 358110
2 383030
0
1 246202 56994
2 168700
2 447119
0
0
0
2 943108
2 944448
0
2 310149
2 286919
0
1 262565 714451
2 176367
1 583408 695754
1 51002 231816
0
0
0
2 148203
1 88005 252822
2 692313
2 857516
0
0
2 908524
2 914311
0
2 245243
0
2 227586
0
0
2 60255
2 180923
0
0
2 347304
2 16555
2 334745
1 647425 837359
2 427617
0
2 843914
2 150039
0
0
1 753656 242542
2 322248
1 818347 259464
2 140442
2 661722
1 233259 272531
1 737048 686742
2 537150
1 484360 221566
1 971360 67536
1 544459 881639
2 378808
1 413120 889535
2 157925
0
1 577234 139808
1 164019 637374
2 154925
1 561400 247062
0
0
1 204854 381309
1 53890 190528
2 788162
0
0
0
1 246894 189136
0
2 540209
1 119368 296974
2 282577
1 565958 686613
2 541229
2 441550
0
2 996484
0
2 893690
1 814473 321935
2 832659
0
2 537897
2 861469
1 190017 31244
1 448053 860226
0
2 116177
0
0
2 809619
1 27598 241686
1 391887 552718
1 27360 925662
2 270524
1 463923 733189
1 844393 360955
0
2 208055
1 901745 632856
2 59842
0
1 70732 923608
0
2 150916
1 331689 123858
0
0
1 784789 31043
2 901291
1 244005 369227
1 399234 909556
1 364406 910732
0
0
2 444059
0
1 259753 587635
0
0
0
0
1 940887 934199
2 290087
2 886741
1 49239 752192
2 779422
2 677677
1 957724 195827
2 362996
2 256432
2 994496
1 660926 989157
1 772361 799970
1 606604 166218
1 821977 648245
2 789372
2 820988
0
2 633730
0
1 394207 142056
1 74036 939233
0
2 380850
0
2 512859
2 760276
0
2 855045
2 533613
0
1 69583 466564
1 807595 317957
1 448473 698928
0
1 754869 337085
1 430407 695504
0
2 368868
0
1 149552 109127
0
2 171801
1 123952 479322
2 793954
2 654010
1 444440 242511
0
2 399876
2 568718
1 419566 660405
2 571921
2 506470
1 183686 44769
2 920360
2 308356
2 980757
0
2 658583
2 576628
2 843904
2 885947
1 662514 461855
1 666571 973283
2 602202
0
0
2 224580
0
2 431584
2 411230
1 456113 924713
1 209392 280385
2 930808
1 318657 322075
1 202691 230751
0
0
1 759113 957078
0
2 634772
2 600934
2 45208
1 683791 512212
0
1 822434 823909
0
0
2 888775
2 212012
1 322831 366035
2 848733
1 612010 658181
1 322957 251861
0
2 589946
0
2 107080
0
2 942972
1 563905 803802
0
2 757266
1 808713 703319
2 430385
1 939712 850562
0
0
0
1 644967 744546
0
0
0
0
1 485940 792602
1 385690 504109
0
1 463301 228689
1 956308 816577
2 657432
0
2 619257
2 973088
1 222480 496273
2 294975
1 768618 800874
2 103537
0
1 751854 287447
1 540282 676382
1 674077 448586
2 767901
2 470582
0
1 872823 474994
0
1 71340 693380
1 651606 387359
1 863514 209314
2 447195
0
1 339410 958377
2 253418
1 356071 91804
1 694436 944851
0
2 523001
0
0
1 690080 786354
2 939698
1 137799 977390
2 344715
1 808894 427700
1 2358 413778
0
1 480741 398475
0
0
1 714942 603994
2 524096
0
2 253479
2 62399
0
1 511073 590803
1 313451 803614
1 129366 926571
1 985945 827515
1 503944 720475
2 134452
0
1 817858 557481
2 399968
2 146123
1 937445 524992
1 631128 75772
2 992790
0
0
0
2 189617
2 34731
2 255861
0
1 987829 433618
1 38827 846568
1 210295 578389
2 445824
1 827518 28676
2 886169
0
2 835592
2 931964
1 297483 196199
2 591508
0
2 492489
2 672105
0
0
0
2 391667
0
0
0
0
2 93011
0
2 184925
0
2 925072
1 466502 182954
2 522821
2 138493
2 493609
2 345382
2 408768
0
1 259675 413185
2 626566
2 90475
1 598435 467878
2 251432
2 920109
0
2 955855
1 765426 417031
2 429715
1 781493 137109
2 70743
2 377901
0
1 237878 869921
2 70638
0
1 606908 306580
2 765144
1 409613 628424
0
1 841861 229042
1 397334 967088
1 248041 879128
0
0
0
1 545030 659484
0
2 212738
0
0
2 336162
0
2 936046
0
1 966575 21505
0
1 436439 697260
1 174154 768460
2 70294
0
2 885742
2 310387
1 46163 673494
1 186380 339343
0
1 874072 104408
1 182301 191074
2 404073
0
1 198009 239595
2 299103
2 388230
1 475157 770499
0
0
0
0
0
0
1 265973 978504
0
2 882484
1 532120 215111
2 3305
1 527163 592860
0
2 792698
1 281690 38638
1 446953 157516
0
2 817375
2 788963
0
1 776376 923376
1 845222 223487
1 909616 497263
2 994332
0
2 711526
1 765746 35263
2 166804
0
1 786275 210541
2 282500
2 477969
0
0
1 445008 809560
0
1 40752 276496
0
2 362444
2 981448
1 825311 75924
0
0
1 532537 422038
0
2 729078
2 550598
1 115094 250805
1 832641 552877
0
2 629567
1 114150 215429
0
1 972173 247928
0
0
0
2 910924
1 10226 658332
2 557518
0
2 801417
1 752586 82979
0
2 230955
2 273170
2 87756
0
0
2 847880
1 467289 95889
2 600444
0
2 436591
0
1 529835 471353
0
0
0
2 448603
1 845115 967912
0
0
0
1 743292 876988
1 450261 79380
0
1 496883 340387
0
1 719114 288212
0
0
1 335143 608732
2 110529
1 881255 860056
0
2 532184
2 851082
1 640513 734673
1 152715 354460
2 317788
2 829457
2 47388
0
0
1 114660 825244
2 134701
2 923640
0
0
1 967280 111254
1 647617 302069
1 633785 177897
0
1 753121 423419
1 415927 603487
0
2 380238
0
0
2 69700
0
2 280997
2 837532
2 842507
1 932861 517581
1 242530 449100
2 691856
0
1 912403 376928
1 656897 397886
0
2 421937
2 108446
0
0
2 243892
2 72429
1 713408 44491
0
0
0
1 869037 114615
2 216139
1 989584 129881
2 432526
2 459831
2 418807
1 371381 119574
1 523205 479325
1 947836 596115
2 849488
1 902050 527735
1 867569 562570
1 96794 748632
2 634820
0
2 260836
0
1 221511 594426
1 811971 799554
2 431691
1 11276 800497
0
2 465625
1 655726 821473
2 705355
0
0
0
1 820035 795053
2 904199
0
1 457484 166270
1 293815 16877
1 291389 193331
2 671183
0
1 608572 654659
0
1 586432 370794
2 196340
0
0
1 26206 207123
2 471188
0
1 237498 910884
1 689747 187706
2 626442
2 774945
2 817932
0
0
0
0
1 30989 86999
0
2 175579
1 591592 556434
2 33778
0
2 852324
0
2 619446
2 966159
0
2 342913
2 22929
0
2 584415
0
0
0
1 321947 976934
1 873512 146830
1 92181 566689
2 657584
2 978285
1 909005 413548
0
1 915287 128003
1 2542 892939
1 245786 210491
0
2 295221
0
1 159115 316959
0
0
1 903330 984173
2 393943
2 176352
1 118369 159642
0
1 822068 799173
2 18548
2 987608
1 826222 598009
2 399733
2 688229
2 60878
1 624043 146534
2 352386
2 943671
2 80627
0
1 55640 834399
1 227485 523833
1 772840 10119
0
2 762017
1 714818 404428
1 123149 277547
1 659102 486509
2 836375
2 28796
2 747165
2 330770
1 586363 990892
2 955611
1 55533 961123
1 775642 214817
2 159732
2 157065
1 212723 210495
1 541933 155629
0
1 483513 15650
0
2 171950
0
0
2 398005
1 375226 916309
0
1 166288 262360
0
2 500716
0
0
1 924879 657806
1 462713 48140
2 924766
1 374003 953579
1 261597 465230
2 362038
0
0
0
1 160660 743079
1 985427 137715
1 79588 430593
0
0
0
0
0
2 191854
0
1 145032 992903
1 6631 785505
2 922553
0
2 698797
0
1 469838 923856
0
2 893526
0
2 91680
1 964422 901287
2 577608
1 734517 320411
1 285016 943568
1 387286 701511
2 508361
0
0
0
2 496427
1 275898 863816
0
0
1 274895 186990
2 882142
2 78110
0
2 680797
2 860200
2 479134
2 144402
2 985710
0
2 703447
2 295555
2 321044
0
0
0
2 524292
2 173161
0
2 996592
2 585840
0
2 486042
0
2 999722
2 171922
0
0
0
1 500929 955254
0
1 550698 68823
0
2 791204
2 610382
2 379201
2 260126
1 402975 16748
2 243212
2 70054
2 335737
0
1 855190 762985
2 60845
1 488138 729263
0
1 582695 697497
0
1 262973 532294
1 375465 5057
2 967563
0
1 688891 958294
0
2 925439
2 471090
1 847852 937080
2 433242
2 66416
1 77415 163740
0
1 79120 912002
2 941850
2 766660
2 435155
2 824547
2 733989
1 607370 284905
0
1 188850 51028
1 649860 316440
2 748066
0
0
0
2 378416
1 234927 708746
0
0
2 407428
2 548846
0
2 384311
2 125478
0
0
1 954933 223408
1 126658 54548
0
1 839879 698264
0
0
2 482718
1 860 882874
1 821770 344169
2 577449
1 464589 936969
2 470570
0
1 863441 874182
2 103564
1 959433 507751
1 556656 206297
0
2 325259
2 846787
1 531128 957394
2 651332
0
0
1 774810 937406
0
0
1 955264 699320
0
0
2 575052
2 813120
0
1 981893 552519
0
0
2 627703
0
0
0
2 444759
1 867829 169790
2 313973
1 327473 986289
0
0
0
2 546715
1 474402 408868
1 725110 172380
0
1 571564 528723
1 52737 3848
1 944498 877623
2 192503
0
0
1 24852 908538
0
2 759529
0
1 758795 519204
0
2 435967
1 99387 929683
1 748977 262475
0
2 688355
2 504408
1 83895 844897
2 644009
0
2 617460
1 132518 544103
1 135261 601098
2 799997
1 822166 854161
2 98893
2 176946
1 879173 6995
0
1 262200 75352
2 606864
2 848344
2 254784
1 753345 900033
1 492010 844995
0
2 928700
2 956533
2 658214
2 960984
1 492939 395095
0
2 829829
1 174827 75493
1 167551 878288
1 940863 211124
0
2 25770
0
1 530815 317123
0
0
0
0
1 253123 613199
1 421517 357858
0
1 343088 909816
1 828725 55096
0
2 573861
2 363637
1 69692 36229
2 664477
2 270372
2 356391
2 68355
0
2 41867
0
2 706141
1 630853 651536
0
2 930547
1 176012 538928
1 29864 270694
0
0
2 334928
0
1 976347 484801
1 828874 896860
0
0
0
2 772637
0
1 38810 725614
2 603659
0
0
1 171125 173859
2 126086
0
2 133758
2 384101
1 664528 675680
0
2 452354
0
2 597579
1 7356 146242
0
0
2 460299
2 869694
0
2 977092
2 85847
2 794298
2 357143
2 719928
1 57858 560381
2 845074
0
2 75500
2 46579
2 1641
2 747
2 650
2 573
2 1266
2 1565
0
2 35
0
1 114694 564353
0
2 93040
1 443430 38578
0
0
0
0
0
2 204655
0
2 253133
2 2451
0
0
1 265619 98573
0
1 339036 86390
1 341795 751928
0
1 198993 669896
1 804406 668225
0
2 255519
2 588040
2 399188
0
2 599136
2 101633
0
2 9272
2 879
0
1 135447 671238
1 36620 625184
0
2 65022
2 99915
2 7512
2 783
0
2 50
0
0
0
0
0
2 63
1 737475 13324
2 309135
0
0
1 210007 188510
0
1 254089 987745
1 387669 40055
0
0
1 843860 971813
1 159373 457220
0
1 553963 455812
1 353202 199873
0
2 107713
1 852486 464378
0
2 623884
2 396604
2 932937
0
2 228941
2 39640
2 100779
1 56598 508035
1 139892 811380
0
1 632746 638473
1 192538 310120
1 480758 189671
2 323153
0
1 13442 40944
0
2 775847
2 288474
0
0
1 486376 408491
1 310682 599627
1 880568 676328
1 467647 601944
2 159653
0
0
2 674793
1 540401 766215
1 221199 925172
2 318761
0
2 455946
2 470216
2 137196
2 371728
1 147819 759165
0
2 137906
2 295688
1 526115 253957
1 365538 504261
0
0
2 713928
2 619616
1 106602 117453
0
0
2 216539
2 157343
1 555629 847994
2 388523
1 416218 524985
1 437738 693191
1 696345 330735
2 777820
0
1 462546 869346
1 352460 602850
1 32181 289402
1 244808 213144
2 832386
2 519086
0
2 691318
2 949729
1 532956 299599
1 623034 660672
2 653106
2 244672
2 247526
2 44624
2 51182
0
2 17151
1 509131 366663
1 806934 497623
1 583184 951761
1 593488 425701
2 198545
0
1 627936 900325
1 626790 940912
2 254621
2 181900
2 860785
2 404124
2 528262
0
2 53317
0
0
0
1 32480 309556
2 407977
1 151762 528922
0
1 867528 491356
2 966843
0
1 100381 607243
2 495760
2 483969
0
1 587908 388309
2 361875
2 241221
2 37494
2 7252
1 581316 187300
1 726756 649234
2 302848
2 623735
0
2 204597
2 170061
2 10478
1 984708 131586
2 487229
1 557099 865722
0
1 823433 844127
0
1 24522 366398
2 55451
1 503979 872070
2 550952
2 363228
2 416239
1 892694 507688
1 197836 806577
1 452003 82974
1 109241 597762
2 689222
2 994752
2 851054
1 877725 823004
2 299648
0
0
2 609881
2 85815
0
2 17612
1 113289 337945
0
1 811972 282415
0
2 310199
0
1 536911 143167
2 610028
0
1 59480 276136
2 368038
1 104792 456051
1 387156 427623
2 319851
0
1 314226 935135
0
0
2 541756
1 427159 967620
1 494016 456290
0
0
2 829567
0
2 245568
0
0
2 16951
0
2 9374
2 125
2 160
1 892513 366289
1 387841 631924
2 891706
2 70793
2 313534
0
1 358703 643166
0
2 229238
2 115578
0
1 888056 842664
0
1 787675 450482
0
1 95935 648633
2 148784
2 846986
0
2 193003
0
0
0
1 659675 46516
1 771580 592457
2 729259
2 444939
1 825543 654792
1 220626 248066
0
1 99241 216198
2 955958
0
2 107588
2 681923
1 951735 123522
0
0
0
2 364525
0
1 809819 872385
0
1 291349 657808
0
0
0
2 652413
0
1 631888 461894
2 815057
0
0
0
1 631416 131907
0
1 113634 906503
2 324398
0
1 8377 624759
0
0
2 814594
1 195926 167151
1 955471 744076
0
0
2 925879
2 402701
2 157292
0
2 56131
0
0
2 190864
1 565986 38257
0
1 509211 114407
2 248487
0
0
2 748898
0
