2940
1 973948 142629
1 720465 306405
1 57022 560366
0
1 603726 161239
1 811985 486847
0
0
0
0
1 143511 401134
1 358143 324893
1 679322 594867
0
1 785189 428828
0
1 266200 838023
1 829948 517454
1 839834 109734
1 74868 892544
1 660091 123376
1 550239 925338
1 175400 263056
1 894032 20641
1 717649 397702
0
1 14695 665821
1 257014 731215
1 381341 869870
0
1 987054 573296
0
1 672502 833936
1 898110 322617
0
0
1 986063 343279
1 192555 500602
1 584122 233658
0
0
1 487579 432421
1 77600 763793
1 940541 198773
0
0
0
1 595202 159557
0
0
1 74767 690804
1 437553 605188
1 993976 171125
0
0
0
0
1 976412 184359
0
0
1 371540 25645
0
0
0
0
1 200901 755701
1 529782 619945
1 66947 641811
0
1 525802 152331
0
0
1 426452 322340
1 903445 90165
1 599681 481028
1 763948 804251
0
1 592296 448038
1 353786 800873
0
0
0
1 383561 29932
1 893680 992437
0
0
0
0
1 255159 941716
0
1 608329 279781
1 904677 367603
1 154034 270744
1 384902 665422
1 872447 800538
0
0
1 846752 338363
0
1 678124 591864
0
0
1 81787 376975
0
0
0
1 285701 451734
0
1 219227 344493
0
0
1 940597 678736
1 532823 315281
1 723800 478075
0
0
0
0
1 609385 315762
0
1 246399 740586
1 455045 374006
1 189355 435334
0
1 220632 938082
1 705354 276157
1 204240 786609
1 842158 121340
0
1 167319 608699
0
1 72398 579006
0
1 14117 237382
0
0
0
0
1 957436 971284
0
1 129466 712443
0
1 636509 175192
0
1 306669 361113
0
1 721757 307134
1 920988 591135
1 924016 418597
1 574724 976215
1 871677 598017
1 224464 26809
0
1 63255 710025
0
1 984420 267049
1 489527 843235
1 305839 869243
0
1 976865 962861
1 12089 685356
1 266310 210133
0
0
0
0
0
1 399001 499258
1 573325 247527
1 460708 773373
1 654216 684442
0
0
0
1 241534 804063
1 817179 212295
1 424538 838903
1 176490 320958
0
0
1 557058 993261
1 205511 558921
1 130170 114551
1 427113 864379
1 580831 106584
1 603953 866280
1 416489 19448
0
1 323019 842091
1 883140 628371
0
1 549811 444037
1 969467 353152
0
0
0
1 2761 258177
0
0
1 13350 774429
1 628226 748436
0
1 484930 719199
0
0
1 34262 936670
1 250933 944475
0
1 433818 230707
0
1 544755 828502
0
1 691660 363915
0
0
0
1 678868 98104
1 87918 760371
1 711040 107896
0
0
1 66952 911922
0
1 543541 653398
0
1 582339 750530
0
0
0
0
0
0
1 238579 642708
1 658345 538070
1 855408 227331
0
0
0
1 334691 3379
0
0
0
1 106916 786148
0
1 294698 2393
0
0
1 245336 996188
1 65423 351856
1 720542 556201
1 362059 878717
0
0
1 511108 508392
1 24731 491074
1 931050 22433
1 640377 932185
0
0
1 286495 572250
0
0
1 564771 659845
0
1 757570 282203
1 144963 471889
0
1 935301 805826
1 799744 768345
1 600665 880452
0
1 222266 315626
1 649367 394539
1 312604 451719
0
0
1 691318 834643
1 39105 279815
1 9389 2133
1 196920 75749
0
0
0
0
1 543219 941089
1 984490 82044
0
0
0
0
0
1 923144 24807
0
0
1 229442 139020
1 187452 227851
0
1 524833 262552
1 391105 78937
1 854022 498198
0
0
1 213490 587151
0
0
0
1 151165 754464
0
1 803580 480365
0
1 901100 542329
1 418599 685839
0
0
1 855540 172871
0
0
1 438235 245769
1 49123 85264
0
0
1 584611 705958
0
0
0
1 193257 440523
0
0
1 143317 174840
1 989446 590296
0
1 769319 412064
1 116021 702148
0
0
1 614596 330489
0
0
0
1 151812 897822
0
1 976765 778238
1 372694 139837
0
0
0
0
0
0
0
1 106925 159281
1 617603 272476
1 696242 858333
1 250193 8118
1 996150 517623
0
1 256242 232864
0
0
1 575829 569549
1 952382 341145
0
1 135756 726573
1 883602 966966
1 906251 685556
0
0
0
0
0
1 774859 66140
0
0
0
1 325603 727935
1 291996 554377
0
1 903017 691451
0
1 431705 105101
0
1 351951 629539
1 696126 206767
0
0
0
1 68530 483967
0
1 701457 326763
0
0
1 546348 183745
0
1 315009 853867
0
0
1 354106 903886
1 980481 587239
0
0
1 113099 94669
1 163722 460222
1 565401 200347
0
0
1 964964 764263
0
1 505178 516563
0
1 467495 682525
1 952118 927841
0
0
1 112176 98256
1 220845 226714
0
0
1 964131 922509
0
1 69029 947788
1 880274 661099
0
0
0
0
1 503785 754249
1 871519 283504
1 311266 273372
0
1 846955 665211
0
1 138932 352065
0
0
1 271831 487338
1 222172 463940
1 255800 737750
1 622052 221782
1 38171 723138
0
0
1 69074 609236
0
0
1 15069 219099
1 249928 494298
1 418166 50530
0
0
0
1 81707 10311
1 9137 646453
0
1 378814 882026
1 969847 416395
1 391069 38791
0
0
1 910463 732389
1 677203 628754
1 866314 751792
0
1 695251 336969
1 892829 927040
1 264903 852303
1 357375 994930
1 555965 228345
1 145027 358852
1 294718 619277
0
0
0
1 837881 511882
0
1 482571 406719
1 920197 888434
0
1 292240 908602
0
0
1 773512 110423
1 597679 291044
0
0
0
1 398351 51178
0
1 725542 994925
1 274684 884076
0
1 161895 560204
1 332853 447002
0
0
0
1 262407 34842
0
0
1 401867 742184
0
1 240207 938973
0
0
0
1 367774 172174
1 118636 738468
0
0
1 778283 147190
1 757020 85987
0
0
1 376039 54186
0
0
1 473425 169273
1 202570 890202
0
0
0
1 41973 531553
1 40102 132467
0
0
0
0
1 904900 334515
0
1 452557 489959
1 378672 418617
0
0
0
0
0
0
0
1 379723 703589
0
0
0
0
1 473361 954250
1 997053 747333
1 410879 115952
0
1 155652 871943
0
1 721319 916943
0
0
0
0
0
0
1 871993 545015
1 340630 492932
1 815813 935225
0
1 166853 467542
1 782134 285282
1 840848 34315
0
1 641769 611259
0
0
1 655506 720431
1 219419 417967
1 266353 210245
0
0
0
1 757574 675382
0
0
0
1 710040 391538
0
1 82174 923461
1 3828 410821
0
0
0
1 109067 593954
1 595515 654934
1 859646 920844
0
1 562495 633337
1 398700 638022
1 535157 453946
1 561433 214202
0
1 496562 24294
0
0
1 36346 927798
1 75294 183206
1 839659 840007
1 977742 675765
0
0
1 259627 762094
0
1 6676 942184
0
1 844937 270344
1 667777 332668
0
1 948775 369144
0
0
1 210867 746060
0
0
0
0
1 215221 633669
0
0
1 288977 487987
0
1 834883 297874
0
0
0
1 703376 70300
0
0
1 765939 993159
1 107664 219471
1 189494 353457
1 838988 697130
0
1 870169 136147
1 55758 14191
1 480224 908082
1 785257 180744
0
0
0
1 352341 786130
1 154000 508868
1 474038 937389
1 717681 215925
1 522243 288612
0
1 206061 383157
0
1 555940 320014
1 242636 28127
0
0
1 810314 755499
1 711958 589141
1 709406 385400
0
1 200741 609980
1 222312 272194
1 754237 821475
1 727804 629991
1 406420 952237
0
0
1 471632 976744
0
0
0
1 861043 570697
1 372393 358836
0
1 937641 428290
0
1 284107 795243
1 327808 21973
1 765324 237680
0
1 70824 431882
1 261378 909179
1 584328 560022
0
1 943835 526158
0
1 270095 936025
0
0
1 235225 176563
1 655320 152767
1 905518 536734
1 175677 151610
0
0
0
1 870738 549947
1 232430 319094
0
1 165288 872489
1 807818 779518
1 226818 247473
1 799869 278742
0
1 71987 558003
0
0
1 192299 513777
1 205914 319257
0
0
1 537065 392394
0
1 237977 114433
1 576150 463079
1 638273 129998
1 673685 545149
0
1 621789 82567
1 80723 86450
1 530282 741247
0
1 984044 479515
1 331461 585167
1 491432 824146
1 341206 571052
1 61501 906986
0
0
1 673682 867503
1 406163 504197
1 207316 465790
1 439734 28134
1 240393 893771
0
1 472802 888849
1 333314 727641
0
1 140926 893929
0
0
0
0
0
0
1 995286 270807
1 764393 299949
1 256442 203980
0
0
0
1 200855 727977
1 792299 948777
1 377054 996952
0
0
0
0
1 619942 630280
0
1 20506 599695
0
0
0
0
0
0
1 303901 945667
0
0
1 471838 588574
1 952825 873406
1 857486 738808
1 987126 889810
0
0
0
0
1 726807 802066
1 507523 980940
1 307049 342503
0
1 931764 749649
1 420889 658333
1 555390 431545
0
1 331529 441936
1 674352 248588
1 161887 461423
0
0
1 918331 472582
0
0
0
0
0
0
1 337364 544795
0
1 906965 181259
0
1 713904 303360
1 88352 554308
0
1 677816 105485
0
1 600468 282125
1 543809 203811
0
0
1 430505 555099
1 394160 644219
1 597172 56769
0
1 179834 949343
1 134617 418067
1 208913 183372
0
0
0
0
1 834240 342359
1 190146 586664
1 158628 377781
0
0
0
1 818544 369312
1 405468 78156
1 582084 904232
0
1 557813 127555
1 771313 719516
0
1 794678 443422
0
1 853184 787874
1 13863 225974
1 695148 824888
1 334139 374570
1 339881 15692
0
0
0
1 725743 197900
0
1 345909 752145
1 813417 363130
1 156983 432138
1 549522 225341
0
1 182903 590496
0
0
0
0
0
1 562548 858678
1 470365 385440
0
1 864535 57384
0
0
0
1 546449 676609
1 212442 298599
0
1 9916 992150
0
0
0
1 816452 481333
1 325927 213622
0
1 586593 705235
0
0
0
0
1 184431 781792
1 955304 762612
1 646963 230859
0
1 791341 328251
0
1 903865 952253
1 671151 806016
0
0
0
1 1152 857144
0
1 131228 564294
1 355746 210441
0
1 535602 697646
0
0
0
0
1 12330 853339
0
1 564630 62195
0
1 144510 221207
1 727148 737951
0
0
0
0
0
0
1 471514 828520
0
1 150892 407360
0
1 142720 421543
1 77419 862893
0
0
1 476836 628836
0
1 321760 978388
0
1 555435 172636
1 723379 246855
0
1 448282 867044
0
1 936537 795419
1 208774 92704
1 512311 105212
0
1 3221 424918
0
1 717222 688351
1 254109 332800
0
1 307177 741694
1 232532 890815
0
1 839019 999390
0
1 182880 459650
0
1 351852 986058
0
1 280550 486106
0
0
0
1 814852 499867
1 959953 511953
1 572902 791632
0
0
1 768146 880710
1 192630 404490
0
1 937578 416713
1 285881 704913
0
1 623699 267973
0
0
1 972551 303474
0
0
0
0
0
1 464621 350019
0
0
1 931463 249337
0
0
1 396520 332321
0
0
0
1 113860 997714
0
1 313904 45949
0
0
1 675286 921641
1 863339 538780
1 964968 358009
0
1 462428 859682
1 569637 835678
1 633419 465856
0
1 345978 739603
0
0
1 226730 329502
1 230202 927586
1 630607 945846
1 762146 241565
0
1 943157 73421
1 608195 298198
0
0
1 309891 130030
0
0
1 998578 962929
1 763469 824241
1 315003 25430
0
0
0
1 777791 383940
0
0
0
0
1 7808 356812
1 219095 895885
0
0
1 313848 224307
0
0
0
1 723193 275934
1 759748 993601
0
1 793789 770012
1 541295 903172
1 203049 412224
0
1 937361 272748
1 83148 996422
1 727918 554032
1 846520 412848
1 445319 247448
1 480087 890185
1 691059 405668
0
1 791214 236408
1 939265 297543
1 135899 37023
1 700022 47277
1 222452 139650
0
1 837096 650601
1 839633 31287
1 202878 346770
1 298114 415558
0
0
1 778569 831956
1 413060 993868
0
0
1 52636 41311
1 908404 502608
0
0
1 910497 504990
0
1 637149 329855
0
1 926990 53863
0
1 819154 468065
1 251321 948079
1 209411 422979
1 858637 412679
1 393153 91830
0
1 957019 703262
1 871728 444055
1 425011 916226
1 104539 711482
0
0
1 282037 259746
1 230771 782638
1 847255 721502
1 569649 867719
0
1 370695 50013
1 497632 172829
0
0
1 881666 844079
0
1 528126 706621
1 130046 999074
0
0
1 451506 374556
0
1 238172 184984
1 383856 466352
1 134794 253568
0
1 885577 824778
0
1 372212 885525
0
0
0
0
1 797168 271431
1 617910 593926
0
1 489965 440079
1 226692 216938
1 105195 529712
0
1 726215 892143
0
0
1 929141 490142
0
1 670890 966132
0
1 416422 390021
1 338842 718285
0
0
0
0
1 857550 930950
0
0
0
0
0
1 600974 804476
1 448521 37303
1 45773 355461
1 642965 564403
0
1 573905 301208
1 281616 361868
1 471154 90601
0
1 895515 347162
0
0
0
0
0
0
1 611499 490413
1 713470 70550
1 763267 99644
0
0
1 447581 221841
0
1 284098 755527
1 92668 353140
0
1 671730 604481
0
0
0
0
1 199266 320517
0
0
1 920353 447386
1 404881 156379
0
0
0
0
1 716129 392503
0
0
0
0
0
0
0
1 371869 650921
0
1 3967 381655
1 478105 281618
0
0
0
1 384794 801307
1 417922 709952
0
1 560499 100930
0
0
1 681847 542266
1 12312 844187
1 761383 491195
0
1 864018 944562
0
1 552464 813349
0
1 811079 478588
0
0
0
1 51220 195983
1 762093 74531
1 959757 440798
1 36256 426954
0
0
0
0
0
0
1 301913 994922
1 683969 951993
1 498946 882185
1 112842 110474
1 947745 712674
0
1 745660 549744
0
0
1 240542 825583
1 412126 419470
0
1 636127 693239
0
0
0
0
1 325885 563509
0
0
0
1 53572 195773
0
1 746767 433956
0
0
1 261031 750418
1 440451 287995
1 570977 406738
1 445709 432181
1 650887 70028
1 776747 689198
0
1 282946 821960
0
0
0
1 968344 8395
0
0
1 692407 547044
1 915168 776002
0
1 479306 516567
1 29449 889495
1 249696 931822
1 368268 935666
0
1 254370 423217
1 225678 691289
1 503558 726704
0
0
0
0
1 269825 220645
1 431733 726825
1 74316 900006
0
0
1 415656 471685
0
1 124950 681507
1 443545 648524
1 746698 613658
0
1 768542 838160
0
1 467155 80959
0
1 960979 711602
1 214231 516782
1 971866 24828
1 571295 141091
1 120085 818831
1 398366 246758
1 150219 915169
0
1 220012 713419
1 561037 323503
0
0
0
1 964594 646222
1 774532 932158
1 907770 346170
0
1 491841 672785
0
1 824557 98257
1 768230 164536
1 455559 390000
0
0
1 850893 531412
0
1 901100 295679
0
0
1 779807 538517
0
1 770199 797221
0
0
1 330152 308268
0
1 210385 67686
0
1 274799 200836
0
0
1 217764 968707
1 937161 874924
0
0
1 956721 878902
0
0
1 916180 805857
0
1 924881 63988
0
0
0
1 980526 376312
0
1 982807 79671
0
1 980343 916540
0
0
1 306783 620051
0
0
0
0
1 966875 118820
1 486934 351411
0
0
1 90924 298175
1 375438 552096
1 178439 973394
0
1 813389 1345
0
0
1 510750 639332
1 367708 595386
1 893897 335454
1 699171 701145
0
0
1 79539 212272
0
0
1 358479 790525
0
1 165904 753964
1 867442 304450
0
0
1 639194 521369
1 157116 577572
1 888595 860658
1 440716 616991
0
1 294224 525963
1 114608 806295
0
1 421721 3322
0
1 625483 322995
0
1 811402 929786
1 185929 189415
1 398987 863850
0
0
1 259042 345863
1 160975 516850
0
0
1 160244 724372
1 364922 815182
0
0
1 249619 16348
1 161827 167641
1 286739 505784
0
0
0
1 210150 526925
1 840965 246825
0
1 446823 361865
1 878878 112713
0
0
0
0
1 629637 76366
0
1 44158 225779
1 245425 584983
0
0
1 357783 471978
0
1 45334 248201
1 393337 397884
1 460858 430355
1 536635 762277
1 864989 268672
1 69522 561317
0
1 553868 712378
0
0
0
1 239329 77849
1 650425 524099
1 790162 902962
0
0
0
1 521925 935054
0
1 699339 291111
0
0
0
1 126037 813009
0
0
1 165649 37254
0
1 16315 832859
0
1 248466 942897
0
0
1 705663 461710
0
0
0
1 153051 532962
1 744106 465269
0
0
0
0
1 38308 808118
0
1 316350 836416
1 750197 102780
0
0
0
0
1 632886 254998
0
1 837547 72092
0
1 202129 236215
0
0
1 10618 463216
1 768889 375853
0
1 936841 87314
1 152809 625141
1 492322 907453
0
1 53139 464675
0
0
0
1 40661 123742
1 407447 952254
0
1 983024 365336
0
0
0
1 868787 303583
1 70655 281861
0
0
0
0
1 784345 797541
1 281276 184935
1 571136 52108
0
0
1 30774 827068
0
0
0
0
0
1 195522 681624
0
0
0
0
1 647017 918508
0
1 806188 795244
0
1 415204 66427
0
1 582377 165910
1 47796 963478
1 696640 194433
0
0
0
0
0
0
1 998544 759900
1 468825 141253
1 37482 650142
0
1 393606 750322
0
1 359824 472320
1 454873 692414
1 793044 72995
0
0
1 402433 153347
0
1 499580 342327
1 781397 617499
1 695533 632323
1 141784 515832
1 689224 239949
1 522550 980426
0
1 705575 129828
1 62425 744849
1 340025 611647
1 674046 256905
0
1 781648 230110
0
0
0
0
1 40436 131693
1 263585 237680
1 975825 138684
1 1229 999175
0
1 375960 745584
0
0
0
1 387343 865658
1 404007 411903
1 117166 134000
1 925558 112591
1 424685 789247
1 940357 510107
0
1 786828 12759
1 956897 515705
0
1 668700 4682
1 94748 912155
1 509486 697789
0
0
1 217720 613858
0
1 667373 97467
1 419634 152213
0
1 405567 202365
0
1 146400 945725
1 662033 398380
1 245752 437557
1 295934 437004
1 60159 723186
1 525195 175004
1 809079 910140
1 716666 867407
0
0
0
0
0
1 174847 797282
1 910593 293992
1 654313 195335
0
1 46463 585241
1 892075 585078
0
0
1 600006 998217
0
1 104604 147584
1 617958 425919
1 286616 680622
1 884136 38449
0
1 133352 999748
0
1 328831 250647
1 241897 725743
0
0
0
0
0
0
1 670797 190470
0
0
0
1 616776 689302
1 535782 939500
0
1 572711 431880
1 591886 725324
1 890851 907236
0
0
0
0
1 199692 682130
0
1 539387 135894
1 11396 339146
1 82179 324478
1 817029 567376
0
1 848754 863475
1 667024 971708
0
0
0
1 350062 3362
1 372917 415792
1 74692 68039
1 841734 496748
1 559561 705607
1 492493 146772
0
1 761365 44140
0
1 404457 84439
0
0
0
1 814963 792740
0
1 362992 31122
1 873348 920594
1 760162 148818
0
0
1 518310 377920
0
0
1 492464 950880
1 249032 380141
1 754993 391048
0
1 187868 321339
1 450974 377630
1 996945 45249
1 720083 346514
0
0
1 854163 184494
0
1 422121 216564
1 93549 931796
1 323192 995852
0
1 720308 136106
1 612527 473982
1 727935 131250
1 166225 143742
1 217623 861911
1 264084 238905
1 649864 804284
1 695365 232613
0
1 295391 694789
0
0
0
0
1 857753 195147
1 940303 220416
1 677064 979612
1 345234 420911
0
1 36584 427060
1 443671 11344
0
1 889493 275161
1 898793 235578
0
0
1 113688 953947
0
0
0
0
0
1 765878 612098
0
1 390479 335529
1 48775 94810
0
0
0
0
0
0
0
1 93096 210352
1 940152 642896
1 700363 67196
0
1 25669 606282
0
1 820508 665833
1 843822 648023
0
0
1 313745 870112
0
1 155964 115227
1 502557 321362
1 856330 621025
1 726931 30790
1 822741 59795
1 264556 530181
0
0
0
0
0
0
1 991640 30925
0
1 240451 144149
1 539128 751501
0
1 55879 572143
1 25261 732618
0
0
0
0
0
1 30678 632407
0
0
0
0
0
0
0
0
0
0
1 338449 103292
1 186840 487821
0
0
0
0
0
0
0
0
0
0
1 477836 53785
0
0
0
1 838180 598942
1 324172 736745
1 169910 402220
1 789151 480277
0
1 744072 147584
1 821755 854044
1 18667 224732
1 200228 918354
1 559557 944549
1 747542 583224
1 300071 917524
1 119312 86705
0
0
0
1 575759 436922
0
0
1 316472 268024
1 903172 875086
1 307674 219092
1 136763 285931
1 222763 573868
0
1 998510 443534
1 182045 403534
1 931211 295271
0
1 922603 972828
0
0
0
1 92131 374316
0
1 569618 172100
1 189323 419596
0
1 229493 828969
1 197431 57004
1 698566 973050
1 527013 195676
0
1 746439 726487
0
0
1 599400 68652
0
1 708968 626510
0
1 849420 461607
0
0
0
0
1 829330 43546
1 848586 625716
0
1 343441 981858
1 237139 597232
0
1 95180 362241
0
0
0
1 329263 909219
0
1 947402 269982
1 249562 584853
1 855769 949487
1 468648 543175
0
1 953584 900907
0
0
1 806301 68259
1 480188 909172
0
1 541227 870148
1 555368 417743
1 735799 670440
1 329496 96262
1 568872 182181
1 932760 236655
0
1 311526 525887
0
1 796069 93053
1 806261 998048
1 507456 23167
1 570378 778435
0
1 417107 123087
1 118845 528436
1 944241 441240
1 655873 567236
1 18628 324754
1 817941 130541
1 567776 663777
1 542157 322090
0
1 845627 333053
1 983221 68230
0
0
0
0
0
1 505462 395688
0
1 575945 209645
0
1 937031 268382
0
0
1 932161 927166
0
1 916919 562485
0
0
1 778226 260568
1 233534 378566
1 928307 449203
1 239592 189462
0
0
0
1 674895 905664
0
1 579247 695632
1 575779 703856
0
1 646505 893499
0
0
1 38532 808953
0
0
1 164411 769537
0
1 862078 527414
1 475349 515297
0
1 149297 999815
0
1 681882 965764
1 355442 125692
1 822240 524895
0
1 683395 113179
1 390418 274735
0
0
0
1 25399 553614
1 956302 678660
0
1 352642 483533
0
1 959888 312089
1 439283 616054
1 648640 167060
0
0
0
0
0
0
0
0
1 646412 392532
1 132592 562512
0
1 481320 559681
0
1 824872 807797
0
0
0
1 467119 847690
1 173442 205684
1 877269 543349
0
0
0
0
1 801927 985013
0
1 401478 914881
1 711655 952540
0
0
1 63993 293619
1 274625 515412
0
1 465536 401891
1 877324 34338
1 433071 38503
0
1 75189 84789
0
1 98715 272916
0
0
1 133778 578657
1 827954 680826
1 838121 435329
1 599250 921282
0
1 777664 495646
0
0
1 190594 382137
1 109462 457583
0
1 410413 301070
1 700906 522082
1 135073 844163
1 221897 382712
0
0
1 86841 319882
0
1 601858 902537
0
1 959397 869092
1 132338 53535
1 925651 882258
1 328166 999820
0
1 491648 630828
0
1 943349 966817
0
1 356928 218052
0
0
0
1 756889 679081
1 53039 845074
1 358432 808639
0
0
1 47877 527180
1 448171 45050
1 211209 813378
1 823779 929873
1 164350 664915
1 286520 118623
1 145058 253128
1 457641 436780
0
1 8216 319423
0
1 709239 614752
0
0
1 608914 571503
0
1 3307 751749
0
1 292147 358112
1 405392 352012
1 254461 18178
1 545327 303636
1 260603 141438
1 283686 851484
0
1 162620 201850
0
1 865159 572856
1 675651 340055
0
0
1 131899 811098
1 709047 933415
1 937519 752176
1 98869 499978
0
0
1 827435 451388
0
0
0
1 26613 260340
0
0
0
0
0
0
1 835722 290897
0
0
0
0
0
0
0
1 846894 54897
1 547344 9269
0
1 21643 925167
1 571378 598063
0
0
1 308798 750790
1 857817 109974
0
0
1 943466 196800
1 313949 721772
1 488095 710139
1 98268 618675
1 449791 718793
0
0
1 446285 306517
0
0
0
0
1 654225 125313
1 522501 519276
1 343640 275880
0
1 779086 959963
0
0
0
0
1 9341 541194
0
1 454032 482360
1 107641 226729
0
1 788280 609458
0
0
0
0
0
1 945655 644717
0
0
1 626264 650691
1 827524 109762
0
1 626031 863997
0
0
1 594383 117534
0
1 237873 531104
0
0
1 257275 697452
1 505152 941420
1 247007 184163
1 618096 462174
0
1 593137 497457
0
1 394630 581183
0
1 629838 541
0
0
1 986337 754731
0
0
1 83746 405608
1 254605 823732
0
1 77930 399495
1 216288 900848
1 742013 499879
1 182830 215113
0
1 958475 950107
0
0
1 833109 613537
0
0
1 716053 701430
1 282147 678905
1 649655 264872
1 568412 765058
0
1 991385 950983
0
1 320787 961456
0
1 731254 610117
1 355595 623432
0
0
1 578499 199287
1 525966 636850
1 85829 908349
1 196919 59038
1 4464 657464
0
0
0
0
0
1 489624 32196
1 419901 401540
0
0
1 233762 247065
0
1 68823 110781
1 544093 66438
1 997623 150918
1 429062 542703
1 237210 718037
0
0
0
1 942803 875244
0
0
1 656848 374181
1 39286 873706
1 398802 296981
1 808684 773217
1 270695 155604
0
0
0
1 248669 732794
1 95510 290959
0
0
1 663562 963474
0
1 101358 771104
1 888728 179573
0
0
1 570362 523385
1 860052 42890
1 411226 917168
0
1 685294 704849
0
0
0
0
0
0
0
1 858336 722471
0
0
1 833187 162893
1 503079 57919
1 336605 789303
1 701502 828707
0
1 146930 872171
1 164946 214955
1 886764 466359
0
0
1 561338 328461
1 958995 482339
0
1 524821 201642
0
0
0
1 484724 745903
0
0
1 503447 338197
0
1 900552 236728
1 77953 58308
0
1 725443 569188
1 232395 205097
0
0
1 440657 15806
0
1 615179 422003
0
1 198082 914265
0
1 931100 355430
0
1 735415 385443
1 183525 758748
1 607549 710530
1 663543 116310
0
1 599142 72726
1 802307 800727
1 457364 556323
0
0
1 519654 268478
1 749236 716072
0
0
0
1 120769 622656
0
0
1 982973 839633
1 26857 977791
1 549452 201902
0
1 123603 552211
0
0
0
1 741638 535959
1 890448 894383
1 82788 88124
1 542450 422700
1 766209 971859
1 488583 569792
1 516730 277538
0
1 55431 279550
0
1 130960 897932
1 659554 882209
1 529060 799181
0
1 244704 162241
0
1 992148 172432
1 103322 254254
0
0
1 956394 132663
1 429633 128955
1 431870 587699
0
0
0
1 787756 26716
1 392608 443915
0
0
0
0
1 371984 950900
0
1 188730 230245
0
0
1 872621 604274
1 679077 256697
0
0
0
0
1 187777 772044
1 620551 1106
1 522795 699451
1 294206 918441
1 141950 9890
1 904857 592715
1 703284 440652
1 602421 36593
1 584486 707947
0
0
1 235466 181906
1 177849 622094
1 838891 11787
0
1 332684 77478
0
1 975682 82144
1 315692 54497
0
0
1 595483 379754
0
0
1 41645 675585
0
0
1 563596 564396
0
0
1 244424 709547
1 610434 191921
1 588026 386588
1 957988 153848
0
0
1 404831 85256
1 976736 943599
1 96506 394793
1 434642 182807
0
1 626197 284878
0
0
0
0
0
1 176738 341397
1 342222 773143
0
1 353031 260197
1 770776 600173
0
0
1 911645 696277
1 389036 103518
1 897416 277137
0
0
0
0
0
0
0
0
1 578194 703695
1 379206 606494
1 952488 964016
0
1 68922 248085
0
0
0
1 863577 890222
1 592481 479145
0
1 737641 694541
1 234608 393233
0
0
1 893887 377748
1 615565 109136
1 789594 20375
1 655471 569074
1 291340 32165
1 34242 429808
1 342078 560387
1 386075 285995
0
0
0
1 781867 731453
0
0
0
1 506275 400716
1 477920 720920
1 115175 717388
1 660781 62646
0
0
1 936972 60345
0
0
1 20691 738893
1 119650 654034
1 471936 58129
0
1 740641 220298
0
0
1 453781 508953
1 869624 635533
0
0
0
0
0
1 433249 651931
1 659074 843855
1 127392 834574
0
0
0
1 588809 668396
1 938294 652753
1 655381 378114
0
0
1 719521 728099
0
1 676919 261591
1 240441 270827
1 693867 19350
1 858522 137771
1 731475 234510
1 811415 856973
1 502008 492982
0
0
1 549860 647757
1 578489 935704
0
1 899272 522583
0
1 667354 166590
0
0
0
1 226283 963133
0
0
0
1 202133 800819
0
0
0
1 639343 277564
0
0
0
1 101775 255141
0
1 636743 600778
0
1 555350 859003
1 651235 148619
1 687218 832180
1 862307 421172
0
1 382055 795428
1 373209 870371
1 266171 669433
0
0
1 898551 171752
1 467362 930128
0
0
0
0
0
0
1 946698 694137
0
1 730333 181192
1 699266 125523
0
1 655209 464128
0
0
0
0
1 276148 315590
0
0
0
0
0
1 511330 581333
1 210703 281230
0
1 298352 792920
0
1 651131 112917
1 402146 720621
0
0
1 656573 933340
1 619319 696138
0
1 80731 251861
1 138090 331149
1 629453 28540
0
1 366864 650322
1 20843 483371
0
1 810570 366830
0
0
1 906075 915728
0
0
1 266199 134083
0
1 443493 435017
1 197874 290038
0
1 12668 788196
1 399593 602383
1 925531 454631
1 356755 500735
0
1 554764 183004
0
1 314635 275037
0
0
1 443451 442677
0
0
1 247209 252412
0
0
0
1 870584 611873
1 641028 494363
1 386274 497006
1 254314 450160
1 497683 872452
0
0
0
0
1 185035 495340
1 744542 41744
1 796964 703194
0
1 890592 190225
1 646331 124324
1 857333 5835
1 34758 384218
0
0
1 915055 37640
1 500962 429831
1 264133 855906
0
0
1 898930 181810
1 611845 957090
0
0
1 706974 774070
1 582643 472587
0
1 59944 891076
1 133395 446049
0
0
0
1 280543 195625
0
1 794843 596471
0
1 200439 176063
0
1 326229 566153
0
1 268518 563745
0
1 137781 497976
0
0
0
0
0
1 128942 750358
0
0
0
1 199782 837815
0
0
0
0
0
1 106643 870412
1 633273 714205
0
0
1 925490 724339
0
0
1 905304 45408
1 269934 357965
0
0
1 795430 472696
1 114115 400419
1 398396 826841
1 345749 388565
0
0
1 735895 822247
1 440948 368541
1 390298 23890
0
1 480251 797977
0
1 573304 433122
0
1 510639 825531
0
1 9413 762181
0
1 998794 344687
0
1 524986 470844
0
1 566732 542797
1 801072 994257
1 789195 726817
1 935291 253849
0
0
0
0
0
0
0
0
0
0
1 789254 93458
1 876883 198059
1 528737 185091
0
1 894274 827403
0
0
0
1 801473 248264
0
0
0
0
0
0
1 768286 462741
0
1 307553 721418
0
0
1 696195 770684
1 261501 89887
0
0
0
1 529071 179346
1 331735 612393
1 483376 952476
1 943162 492153
0
0
1 647536 395376
1 941914 985057
0
0
0
0
0
0
1 575681 604395
1 704642 352374
1 154907 362309
0
0
0
0
1 662750 898958
0
1 756625 360012
1 402420 99654
0
0
0
1 681169 644458
0
0
1 757284 23068
1 420586 510848
0
1 974304 537824
0
1 889281 363509
0
1 236011 206104
0
1 200948 639779
1 398236 552986
0
0
0
0
0
1 441230 238371
1 58847 240180
0
1 380663 412670
0
0
0
0
1 942224 965808
0
0
0
0
0
0
1 323914 946941
0
1 702031 993871
0
1 666453 511537
0
0
0
0
0
0
1 515257 672190
1 369416 909665
0
1 479531 150001
1 622310 328741
0
0
0
1 144886 318304
0
0
0
1 138014 904669
1 889351 413528
1 908279 600812
0
1 200049 40457
1 118328 259118
1 978359 402095
0
0
1 56311 204165
1 37267 78800
1 76435 82246
0
0
0
1 98794 843634
0
0
1 992468 823173
0
0
1 394538 128676
1 228837 868583
0
0
0
0
1 436658 487138
1 745738 121964
1 336792 504019
1 446824 552203
1 453314 788355
0
1 308172 119931
0
1 844688 540556
0
1 972149 242033
0
1 142844 670163
1 327022 594229
0
1 168631 979609
1 696912 14782
0
1 566112 453313
0
0
1 220922 182215
0
0
0
0
1 700346 786099
0
1 841085 286554
0
0
1 27236 986407
0
0
0
0
0
1 391384 195744
1 752069 845485
1 466393 524387
0
0
1 586669 913369
0
0
1 439354 465444
0
1 440043 583036
1 49281 804663
1 307329 618273
0
1 175006 975104
1 755154 497394
1 997509 292219
1 127661 431693
1 799933 702305
0
0
1 306055 813137
1 659806 221862
0
0
1 955300 516428
1 161035 638527
1 493183 124944
0
1 433195 267665
0
0
1 792000 970817
1 537863 33149
1 942024 769729
0
1 195922 446544
0
0
