3586
1 368764 656249
1 47966 878199
0
0
1 860970 753850
1 112751 139857
0
1 987539 628955
1 521298 24517
0
0
1 258933 599930
1 421051 894433
0
1 810394 662527
1 225496 490439
0
0
0
1 216071 314893
1 679967 330001
1 199833 959963
1 652861 221539
0
1 44140 284326
1 979970 212246
1 385831 512972
1 827926 392089
1 629095 964133
1 791903 877196
0
1 275973 528753
1 239552 652171
1 550161 218839
0
1 712949 498042
1 569793 597648
0
1 695813 538139
1 757145 470838
1 150776 945894
1 175146 645553
1 252201 424754
0
0
1 471668 791386
1 875398 553380
0
0
0
1 69634 692236
1 803074 527138
0
1 630341 121341
1 310103 769205
0
0
1 616437 973277
1 388283 321915
1 436823 638599
0
1 750493 554752
1 386481 68337
0
0
1 634982 508894
0
0
0
0
1 26591 737571
1 523885 43390
1 21772 207744
0
0
0
0
1 2302 316934
0
1 812762 417498
0
1 844839 863326
0
0
1 777921 973716
0
0
1 789226 824103
0
1 461279 720214
1 204281 447684
0
1 305034 499102
0
1 480007 438278
1 586840 559486
0
0
0
1 431784 8974
1 264969 198797
1 430902 716763
0
0
1 490113 201893
0
0
0
0
0
0
1 721795 660028
0
1 822722 29550
0
0
0
1 486834 572207
0
0
0
1 802038 594463
0
0
1 812961 208707
0
1 381325 491411
1 935792 179613
0
0
0
0
1 785495 862245
1 166792 373254
0
0
0
1 792735 18822
1 575578 821287
0
0
0
0
0
1 948281 921839
0
1 689895 819606
0
0
0
0
1 150669 185526
0
1 656063 961091
1 334589 859704
1 821851 371009
0
1 628878 828884
0
0
1 933057 693291
0
0
1 372426 323915
0
1 226755 287234
1 225466 943560
0
1 649541 239421
0
1 859618 263293
0
0
0
0
0
0
1 360484 257621
0
0
1 659592 262262
1 813672 384216
0
1 287299 19288
1 720907 465777
1 98572 193517
0
1 291938 603
1 812184 538554
1 100275 245845
1 673939 764424
1 547000 728684
1 596697 723752
0
0
1 543822 142708
1 556980 954383
0
0
0
1 566302 893217
1 114712 876503
0
1 178276 806689
0
0
1 479280 205472
0
0
1 580508 194549
1 403393 698760
0
0
1 141736 154231
0
1 367117 319068
1 830353 325373
0
0
1 659053 54143
1 923894 912365
1 477194 845213
1 494180 201530
0
0
0
1 14033 410105
0
0
1 322 768355
0
0
1 678743 489768
0
0
0
0
0
0
1 323204 192477
0
0
1 930601 62161
0
1 791012 835479
0
0
1 310969 779363
1 571275 140165
1 278985 987258
0
1 771443 59755
0
0
1 889149 233777
0
0
0
1 889266 776500
1 375910 725918
1 157485 158931
1 504154 460120
0
1 899479 490092
0
1 801491 592183
1 168072 28524
1 559155 753892
0
0
1 387864 91487
1 868419 649051
0
1 287613 917733
1 964579 454026
0
1 578142 106404
1 479930 473314
1 737361 331688
1 932858 167455
0
0
1 75534 237636
0
0
0
0
1 925016 553411
1 237436 554302
1 678445 303735
0
0
0
1 448787 805350
1 307561 339607
1 715484 647988
1 493930 60361
0
1 321258 118931
1 7512 110870
0
0
1 29244 674189
0
0
0
1 95018 768182
1 256473 340365
1 560627 814150
1 419028 53386
1 804218 809051
1 269441 139656
0
0
1 554213 170195
0
1 653330 334876
0
1 817190 485258
0
0
1 256788 525814
1 902650 782771
0
0
1 505543 285119
1 167783 332152
1 296035 30234
0
1 116651 549623
1 895090 267021
0
0
1 509693 559330
0
0
0
0
0
1 949559 376223
1 670383 685100
1 888806 182239
0
0
0
0
1 450361 152008
0
1 268348 285303
1 341509 575802
0
1 210759 62658
1 743942 452792
0
0
0
0
1 573134 63014
1 139267 263991
1 497411 103252
0
1 123962 84643
1 55908 161199
0
0
0
0
0
0
0
0
1 975981 376955
1 676281 968181
0
1 302050 868004
0
0
1 988185 733863
1 695552 42263
1 721950 532750
0
1 461434 491665
1 708418 188759
0
0
1 693022 94576
0
0
0
1 949731 698136
1 640603 166619
1 198276 565962
1 593335 802189
0
1 192827 712637
1 680053 277287
1 79666 666903
1 311611 360214
1 18006 124553
0
1 337852 772934
0
1 177661 83761
0
1 745898 847292
1 601988 184490
1 734098 29472
1 583739 690293
1 732015 678697
0
1 908082 901892
1 593310 811690
1 27154 307510
0
0
1 505801 824282
1 801050 293703
0
0
0
0
0
1 148059 927041
0
0
1 211140 461042
1 336601 462496
0
1 17496 625477
0
1 810344 192398
1 355292 680939
0
1 846353 732644
1 476017 245347
1 803211 632376
0
0
0
0
1 745506 866527
1 366603 967133
1 459310 16389
0
0
1 902991 761245
1 222656 609938
1 615372 950620
1 407921 363864
0
1 282395 311242
1 780217 597105
0
0
1 67959 884245
1 130639 517146
1 433043 925619
0
1 508332 713679
1 810682 819019
0
0
0
0
1 789590 34665
0
1 900900 582739
0
1 583104 848034
0
1 455449 787933
0
1 676820 846556
0
1 470842 929476
0
0
1 233066 581086
1 935049 161655
0
0
1 381329 990261
0
0
1 807766 556243
1 424343 692612
1 909761 750700
1 122734 104108
1 335201 603126
0
1 175082 664374
1 899677 141682
0
1 510771 515580
0
1 113653 683337
0
0
1 719727 85091
0
1 478464 733181
0
1 900773 489312
0
1 268487 554705
0
1 139384 52859
1 307822 148166
1 463610 772762
0
0
1 748771 155421
1 20744 96249
1 119201 386864
0
0
1 665724 53710
0
1 328650 376379
1 492765 152792
1 622639 168852
0
1 213147 876637
0
0
1 265719 675270
0
1 704007 415893
1 339722 944311
0
0
1 61450 365220
0
1 786649 578967
0
1 776140 827739
1 552438 373750
0
1 314066 563857
0
0
0
1 398333 27265
0
0
0
1 958235 476805
0
1 843856 198728
1 628937 933176
1 752545 91519
0
0
0
1 150891 815150
1 848818 180352
1 742385 898065
1 62387 280083
0
1 44650 891271
0
1 209639 949311
0
1 799758 920929
1 28444 895555
1 561936 523575
0
1 279324 371037
1 134407 748649
1 738238 892365
1 399310 437542
0
0
1 552686 475340
0
0
0
0
1 935969 120668
0
1 568985 11010
1 730949 791278
0
1 769357 865443
0
0
1 335620 538456
1 922512 889473
0
0
0
1 724861 26253
1 477122 735943
0
1 176814 339690
1 394571 746589
0
0
0
1 495316 70887
1 314061 977158
1 408833 155477
0
0
0
0
1 873121 584130
1 375258 233289
1 541679 434240
1 798503 991389
1 63149 668365
1 639433 466494
0
0
1 381807 170825
1 776492 967103
0
1 960269 783330
1 468894 20117
0
1 206864 83135
0
0
1 989224 13575
0
1 272008 826625
1 50081 186695
1 633397 393023
1 906843 786827
1 153769 966822
1 885916 386590
0
1 721570 993087
0
1 406463 411262
0
0
1 484022 707011
0
0
1 287378 601117
1 550122 81677
1 589109 810773
1 93597 486340
0
1 829924 432653
1 275274 827991
1 646191 471926
0
1 756814 724428
1 75651 689124
1 204944 171289
1 236865 209516
1 962500 216793
0
1 914338 216231
0
0
0
0
0
1 778450 810259
1 614790 328980
1 562849 473251
1 757227 119180
1 730160 514214
0
1 784054 62233
0
0
1 658284 588332
0
1 908994 432633
0
1 641875 506251
1 760576 488732
0
0
1 582218 791735
1 357557 539883
0
0
0
1 801282 462502
1 702213 223689
0
0
0
0
1 71648 184304
0
0
0
1 763986 150945
0
0
1 821951 699733
0
1 551494 257715
1 747004 396691
1 213006 302696
1 780082 648625
1 410335 679012
1 813424 590047
0
0
1 874396 35980
0
0
0
0
1 408174 120712
1 127189 253844
0
1 798159 927410
1 451208 657738
0
0
1 546109 955768
1 407940 551817
0
0
1 961590 708401
1 578606 722006
0
0
0
0
0
0
1 436592 585222
1 575305 480591
1 586597 41361
1 330661 921263
0
1 741354 458670
0
1 579587 266388
1 322176 406298
0
1 755604 547723
0
0
1 697239 936171
1 368295 288959
0
0
1 890277 970511
1 396259 91252
1 925495 424875
1 176677 719453
0
0
1 934198 662811
0
1 739427 968960
0
0
0
0
1 168603 925151
1 575263 943568
0
1 680436 544195
0
0
1 628799 808217
0
0
0
0
0
0
1 25117 552408
0
0
0
0
1 966291 871603
1 792084 66749
0
0
1 875248 632339
0
1 974914 860027
1 605139 695246
1 45673 165400
1 487587 609930
0
0
1 36556 309845
0
1 479644 721540
1 972669 195291
0
1 517500 88511
0
0
0
1 615206 789001
0
1 667316 601063
1 667098 604938
1 415142 980902
1 541605 167272
1 399440 631626
0
0
1 525438 128840
1 761819 25887
1 736263 528273
0
1 682147 408989
0
0
0
0
0
1 123448 864355
0
0
0
0
1 410197 272287
1 643517 103383
0
0
1 102228 320093
0
0
1 226618 708585
0
1 891990 10637
0
0
1 741552 881896
1 212059 376148
0
0
1 932552 199398
1 126062 404301
0
0
0
0
1 472577 19844
0
0
0
1 68255 54082
1 329014 16913
0
0
1 29629 318013
0
1 463171 986263
0
1 799945 231373
1 931875 782344
0
0
0
0
0
1 705652 707756
1 677488 184366
1 93929 422980
0
1 462219 675285
0
1 328168 183353
1 634388 498795
0
0
1 710474 597976
0
1 92341 674324
1 157777 774085
0
1 666259 293441
0
0
1 948351 671307
0
1 594157 767043
1 74860 360105
1 255985 270160
1 312311 866268
0
1 888978 312748
1 366736 546862
0
0
1 468858 671463
0
0
0
1 698449 295583
1 514892 418654
0
0
0
1 561940 680297
1 423084 295888
0
0
1 382275 785522
0
0
1 264721 401910
1 63961 84714
0
0
1 211340 246894
1 886170 534700
1 956370 566248
1 280525 879405
0
1 595614 939898
1 25716 300
0
1 105368 740132
0
1 352173 856458
1 951044 322906
0
0
0
0
1 810543 731817
1 114100 214376
1 817220 852500
0
0
1 422221 283663
1 516532 526202
1 118824 791047
1 321869 550998
1 122933 281384
0
0
0
1 738953 439268
0
1 366687 777581
1 540386 942297
0
0
1 485698 986851
1 433116 168715
1 129932 247082
1 438782 40532
1 285706 372896
0
1 137417 531969
0
1 920902 963222
1 435552 89790
0
0
0
1 904207 207525
1 346234 686405
0
1 142572 276970
0
1 946596 468412
0
1 188669 848972
1 682431 40504
0
1 912126 216538
0
1 630570 498479
1 504663 739395
0
0
0
1 759097 990705
0
1 732650 82689
1 582397 805869
1 704901 671567
1 43902 235496
1 334836 4745
0
0
1 888102 93014
0
1 273189 838140
0
0
0
1 819117 21141
1 619123 974775
0
1 991844 42281
1 28236 304554
0
1 627364 57569
0
1 105564 591269
0
0
0
0
1 409671 861746
1 826830 106948
0
0
0
1 187247 184468
1 642831 354201
1 553545 497425
0
0
1 895848 819262
0
1 147982 766845
0
0
0
0
0
1 776958 92325
0
0
0
0
0
0
1 852733 82083
0
0
0
0
0
0
0
1 394281 958334
0
1 164127 762461
1 939613 908600
1 67532 865743
0
1 695574 391456
1 737477 231135
1 269854 288313
0
0
1 17158 119959
1 495164 402746
1 557219 275080
0
1 740527 938670
1 884768 464100
0
0
1 154702 388744
1 332711 855350
1 595888 506251
0
1 239747 322013
1 259984 573880
0
1 89839 338404
1 920967 181070
1 986812 107298
0
1 481984 325648
0
0
0
1 698135 66274
0
0
0
1 835637 766408
0
0
1 993300 515
0
0
1 304255 978963
0
1 880072 765278
1 575822 644806
1 851717 678055
1 483517 198911
1 460092 607822
1 613776 969519
0
1 381945 684591
0
0
1 92336 937948
0
0
0
1 176907 153352
0
1 827042 449877
1 635568 182301
1 948491 109613
1 84401 92477
0
0
0
0
0
0
0
1 547734 796015
0
1 114157 864832
1 275620 108225
0
1 563147 861036
0
1 659533 139589
1 41302 509190
1 891033 421337
1 65812 235711
1 197157 20442
0
0
1 656303 724094
1 967612 9749
0
1 394721 822643
0
1 602401 161755
0
0
0
0
1 985894 411141
1 825462 375630
1 783801 920904
0
1 673115 116883
1 720751 107697
1 698312 224758
1 732415 388820
0
0
1 12166 11338
0
1 111891 352458
0
1 973474 72696
0
1 515707 381779
1 595012 287818
1 925432 579869
0
0
0
1 931208 5279
0
1 27162 850937
1 272127 263327
0
0
0
1 528489 687226
1 139078 479071
1 874968 646291
0
1 741779 332185
0
1 327150 319946
1 69907 455844
1 595541 640767
1 289016 97743
0
1 596743 776390
1 86564 76301
0
1 796351 245845
0
0
1 916155 475312
0
1 189510 876785
0
0
0
0
0
1 374590 992821
1 150734 3776
1 936617 916081
0
0
0
0
1 361418 926663
0
1 526014 427903
0
0
1 834263 344587
1 195972 489127
0
0
0
0
0
1 907987 524583
1 530435 83145
1 516354 511843
1 58459 802733
1 727316 323848
1 287231 957568
1 258166 268335
1 750225 566873
1 389043 142008
0
0
1 34571 908045
1 902240 494405
0
0
1 300926 487866
1 646327 827270
1 413128 543567
1 720495 202548
0
1 79343 283361
0
1 927020 213041
1 476526 724225
0
1 142389 360997
0
0
1 633569 165669
1 579321 737549
1 303864 329471
0
0
1 388134 757672
0
0
0
1 421435 18890
0
1 395493 611276
0
1 956855 112278
0
1 477573 55126
1 945392 560560
0
1 80977 800221
0
0
1 873794 763381
0
1 645268 329449
1 334543 908047
0
0
0
1 560923 49784
0
0
1 238943 497379
1 365904 281609
1 97876 728405
1 883100 525817
0
0
0
1 284701 356669
0
0
0
0
1 476560 286333
1 942774 567601
1 601408 214164
0
0
1 564492 820808
0
1 822626 55233
0
0
1 93862 50035
0
0
1 94128 33505
0
1 88618 665025
0
0
0
0
1 159614 240634
1 496039 551298
1 69896 589493
0
1 689315 8840
1 548947 110730
1 137558 62204
0
1 731801 743509
0
0
0
0
0
1 337824 274699
0
0
1 104820 150479
0
1 323540 197885
0
1 312722 941248
1 729911 515127
1 920159 303561
1 307220 617385
1 785948 901644
1 715489 988678
0
1 278652 571315
0
1 117247 923673
1 578918 836846
0
0
0
0
1 894555 104913
0
0
0
1 151462 541965
0
1 444844 68814
1 426309 750718
0
1 665764 734007
0
1 413607 349833
1 320999 435921
0
0
0
0
1 136702 546423
1 167715 745799
1 942274 740971
0
1 346798 921583
1 772034 461663
1 554681 606501
0
0
0
0
1 784541 254529
0
1 426269 377180
1 861304 977084
1 532585 327027
0
0
1 346518 973459
0
0
1 815520 875447
1 885281 767393
1 778210 818283
1 796933 305415
0
0
1 216429 596520
1 508751 707615
1 142854 907184
1 628684 887058
0
0
1 492467 474612
1 832579 700146
1 435320 681819
0
0
1 607527 799334
1 180381 852214
1 711284 278228
1 202638 982531
0
0
0
1 542996 405761
0
1 590587 504718
1 215748 911245
0
0
1 983546 694553
0
1 412148 38324
0
0
0
1 242970 829651
0
1 509364 132930
0
1 651591 548319
1 861528 815729
1 946629 31877
1 707768 827161
1 974362 368236
1 749615 586607
0
1 398345 695780
1 693209 326158
0
1 516341 826983
1 221221 966209
0
0
1 980813 645649
1 63200 754305
0
0
0
1 895194 803506
0
1 505532 945284
0
0
1 34248 894441
1 793849 86932
1 152914 91364
1 826945 296356
1 67063 26047
1 612176 340363
0
1 309104 427068
1 923678 767754
0
1 890451 619730
0
0
1 654898 407454
1 406428 725024
0
1 959109 314691
1 556421 226414
0
1 308652 872926
1 57925 733898
1 36478 362347
0
1 387211 158247
0
1 533405 28962
1 323486 406460
1 70929 422502
1 494249 111984
1 495530 248064
1 170598 482455
0
1 361135 662148
1 588395 21236
1 661979 556392
1 273889 285652
0
0
1 364729 966289
1 258220 679776
1 584487 205083
0
1 259574 584229
1 287063 595309
0
0
1 581886 61347
0
0
1 644398 1343
0
0
1 843027 133269
0
0
0
0
1 675497 945632
1 68393 970975
1 262060 702152
0
0
1 668961 224175
1 748556 845875
1 383988 895925
1 781238 959264
0
1 340207 989100
0
0
1 252218 853823
1 762420 118527
1 553561 720032
0
0
0
1 267704 943105
1 339160 185445
0
0
1 592828 344630
1 740117 728045
1 573011 119212
0
0
1 594099 436052
1 136119 624384
1 909341 442482
0
0
0
1 622602 325795
1 746525 226888
0
0
1 753406 264277
0
0
0
1 130457 565998
1 767365 139440
0
1 506001 184020
1 393940 166352
0
0
1 143410 361667
1 671115 148116
0
1 838844 167416
0
0
0
1 823327 68304
1 904388 456707
1 619341 520750
1 196935 894885
0
1 198314 945941
1 552050 993472
1 928322 753547
0
0
1 161076 958332
0
0
1 525834 627904
1 961984 363305
1 665396 278851
1 835266 596260
1 41801 326624
1 835774 735080
0
0
0
0
1 429556 820263
1 232442 881688
1 295597 763488
0
1 241143 433290
0
0
1 806182 653373
1 105793 595503
1 484514 575431
0
0
0
1 954142 10422
0
0
1 3132 419081
1 260138 282442
0
0
0
0
1 356104 960350
1 441256 170366
1 582156 599336
0
0
0
1 241797 612047
0
1 86859 591844
0
0
1 722321 561134
1 351055 90781
0
1 289907 687062
1 604837 678605
1 746825 186263
0
1 180628 593569
1 733259 571074
0
0
0
0
1 954343 160184
1 859206 518409
1 618988 791641
1 103261 886509
1 267272 146000
1 838818 480266
0
1 220710 436707
0
0
0
0
1 438043 804337
0
1 376249 472815
0
1 214589 719548
1 3560 575756
1 993352 35535
1 383113 11261
1 997543 792489
1 111306 607514
1 34113 630600
1 238922 369044
0
1 770078 721638
1 87150 103544
0
0
1 775620 835923
0
1 485531 350219
0
1 920048 538409
0
0
0
1 789127 762389
1 951570 787688
1 858529 748674
1 684867 450923
1 822269 112712
1 436063 195048
0
0
0
1 979509 277806
1 961664 639835
1 674811 972199
0
1 194261 827194
1 79950 463601
0
1 18063 581130
0
0
1 137501 533671
0
1 772457 351174
0
1 68953 231923
1 502042 482968
0
1 301207 200402
1 420451 508311
0
1 841325 947494
0
0
1 640410 382710
1 141439 737155
1 619808 432140
1 912145 610884
1 570469 283245
1 673468 971044
1 595926 997820
0
0
0
0
1 111034 166431
1 756042 497270
1 179289 942185
0
1 227847 264861
0
0
0
0
1 876103 850030
0
1 468046 320884
1 995062 373900
1 883008 7278
0
1 137817 400989
1 695789 956509
1 18029 768968
0
0
1 62980 243257
1 17979 441366
0
1 944650 450454
0
1 732791 420295
0
1 459911 680381
1 862768 662868
0
1 115750 44607
0
0
0
1 600757 401977
1 441827 573957
1 270305 980027
0
0
1 48828 204920
0
1 516081 870773
0
0
1 153664 134027
1 474196 544362
0
0
0
0
1 268964 724231
1 817393 828116
0
0
1 533958 43265
0
1 767052 279624
0
1 628942 371310
1 924039 595489
1 340354 440772
0
0
0
1 345963 873156
0
0
0
0
0
0
0
0
1 125599 107528
1 426563 38469
1 331542 832768
0
1 384520 172876
0
0
0
0
1 613893 801508
0
0
1 137873 178002
0
1 20132 997169
1 94027 953978
0
0
0
0
0
0
1 13726 60078
0
0
0
0
0
0
1 29756 11528
0
1 176658 839975
0
0
1 892897 48713
0
1 264830 901925
0
1 330801 587003
0
0
1 176026 686462
1 566201 31651
1 512433 264355
1 165786 589219
0
0
1 133938 960552
1 677641 318615
1 437423 908524
1 358066 293092
0
0
1 984869 933146
0
0
1 234149 2703
0
1 112034 1809
1 728448 569399
0
0
0
0
0
0
0
1 233733 37690
1 725234 457966
0
0
1 205731 524451
0
1 516274 944588
0
1 891753 53804
0
0
1 210435 834393
1 969002 992799
0
0
1 211471 803182
1 967908 665621
1 556830 740914
0
0
1 140647 817057
1 760303 86527
0
1 435413 726442
0
1 324339 340623
0
1 632836 637219
1 142579 895282
0
1 622324 795583
0
0
1 391553 547443
0
0
1 428368 957845
1 22798 230347
1 218003 329095
1 920853 335484
0
1 761504 182887
1 130493 935762
0
0
1 463552 111662
1 829163 537119
0
0
1 275642 461227
1 928021 428507
1 337110 697929
1 995064 825819
0
1 837307 934356
0
0
1 422570 82909
0
0
1 603643 155773
1 562640 809180
0
0
1 577755 874948
1 329734 992876
1 606235 28552
1 22143 32129
1 950768 131325
1 987656 789009
0
0
1 673566 204518
0
1 506860 409829
1 637654 884769
0
1 587513 202076
0
1 642807 476709
0
0
0
0
1 339925 736796
1 263318 378553
1 961295 962306
0
1 591818 554545
1 421838 495810
0
0
1 451334 65223
0
1 359724 881831
0
1 575514 506394
0
1 679892 755220
0
0
1 597855 232496
0
0
1 135479 407366
1 449999 674024
0
0
1 944204 68267
1 432685 51002
1 171843 927395
0
1 780999 835000
0
1 474557 556266
1 444626 147694
1 698047 191368
0
1 253917 545062
0
1 398686 731257
0
1 44288 826211
0
1 919008 601662
1 862043 671477
0
0
1 469194 788581
0
0
0
0
1 133488 940163
1 209628 164858
0
0
1 222679 747749
1 551555 140323
1 472161 521216
1 518289 763417
1 173394 227804
1 284567 634849
0
0
1 490334 497565
1 219380 171865
1 839650 739930
0
0
0
0
1 838187 943218
0
0
0
0
0
0
1 724172 778651
0
1 506756 350116
1 313345 118034
1 338290 74753
0
0
1 35718 113846
1 403361 949496
1 978459 315744
1 749147 529697
0
0
1 120689 534991
0
0
1 908988 720936
0
1 189135 623850
0
1 375698 969446
1 628834 345359
0
1 456048 987911
0
0
0
0
0
1 354067 347380
1 318114 535995
0
1 127503 385756
1 344181 958927
1 839065 882553
1 50806 708911
1 671639 463934
0
0
1 656881 703955
0
1 749014 766509
1 435878 250475
0
0
0
0
1 293486 501111
0
0
0
1 249221 76108
1 804799 716157
1 709599 656590
0
0
1 544304 433776
0
0
0
1 524600 779548
1 363340 3976
0
0
1 620836 73399
0
0
1 853993 576438
0
1 87951 554041
0
1 121124 79273
0
1 94945 640971
0
1 187952 844247
1 369465 925412
0
1 953181 724758
0
0
1 505674 874738
1 471903 711280
0
1 450609 301686
1 828851 15025
0
1 844810 684748
1 149294 593715
0
1 673707 447250
1 841793 805000
1 836738 825048
0
1 114000 679457
1 376729 758093
0
0
1 50142 563195
1 420519 801782
0
0
0
1 850091 32508
1 377170 236990
1 316855 313528
1 291405 193475
0
1 872758 442606
0
0
0
1 503336 568018
0
0
1 322991 144273
1 615970 400107
1 99602 270931
1 516867 618334
0
1 54880 570371
1 158964 206029
1 217113 687951
0
0
0
0
1 772157 790000
1 953081 543193
0
1 927024 843919
0
0
1 781360 767091
0
0
0
0
0
0
1 746014 422272
0
0
0
0
0
1 921574 160086
1 175194 552910
0
0
0
1 854783 887734
1 761159 700741
1 307595 888098
0
0
1 391109 643975
0
0
0
1 662428 408039
1 852010 208251
0
1 788333 104931
0
1 185878 388757
0
0
1 663949 900898
1 453081 231625
1 833509 60800
1 325701 245540
0
0
0
1 373479 872957
1 954571 773627
0
1 386635 304590
0
0
0
1 394244 888294
1 615303 185661
1 567876 475641
1 285507 800298
0
0
1 998633 616811
0
0
1 45894 197874
1 174499 23300
1 615827 454410
0
0
0
1 333922 522300
0
1 472621 275205
0
0
0
1 693202 875851
0
1 379415 820940
1 88408 869947
1 868091 278469
0
1 684545 7083
0
1 268097 317297
0
1 576676 324638
0
1 268928 521102
1 889598 914501
1 831612 423092
0
1 712974 912230
0
0
0
0
0
0
0
1 16126 283673
0
1 687769 494368
1 376040 469584
0
1 177187 286462
1 619911 332360
1 174919 389743
0
1 827264 565279
1 869848 598832
0
0
0
1 603123 175262
0
0
0
1 444142 567947
1 734373 424311
1 940864 274042
1 106974 809678
1 823519 881964
0
0
1 946284 207217
1 207728 54715
1 565916 20689
0
1 670029 290763
1 453395 685822
0
1 514889 459181
0
1 782408 865015
0
0
1 732105 617568
0
1 592605 495920
1 461863 985437
0
1 141201 162296
1 104226 392020
0
0
0
1 977645 691637
0
0
1 227257 307784
0
1 689921 487407
1 263203 746712
0
1 587248 768832
1 18365 414574
1 601661 452929
1 988603 4048
1 24956 504963
1 220126 121266
1 473594 891837
0
1 866136 5364
1 45330 533465
0
0
0
1 976887 358866
1 432684 328855
0
0
0
0
1 230297 656745
0
1 472841 368958
0
1 462291 912666
0
0
0
1 980388 532481
0
0
0
1 98018 685048
1 927419 305339
1 160009 357006
1 820114 77272
1 532571 338290
0
1 538601 155698
1 602547 597135
0
0
1 138552 801304
1 469777 445996
1 865470 168154
1 578172 870277
1 34000 307973
1 442545 768701
1 498429 869003
1 985430 325738
1 237811 512231
1 28642 735194
0
1 393100 771786
0
0
0
0
0
1 80670 202416
0
0
0
0
1 373821 552416
1 628656 864934
0
1 46083 757008
0
1 38216 19510
0
0
0
0
0
1 615874 451567
0
1 954226 104766
1 305348 631677
0
0
1 74135 629325
1 154183 277745
0
1 955933 255182
1 936528 524049
1 520079 625576
0
1 12346 125365
0
0
0
1 794872 936342
1 187694 90002
1 544670 497111
0
0
1 54775 461199
1 845631 788543
0
0
1 535854 77545
0
0
0
1 756740 868025
1 354368 303170
1 221107 304000
0
0
0
0
0
0
1 911065 613346
1 309592 904604
0
0
1 897084 945580
1 717169 355463
0
1 313448 547516
1 803534 269068
1 495321 566176
1 46008 912765
0
1 291413 285546
1 419061 604647
0
0
1 153886 182127
0
0
0
1 823525 38656
0
1 117430 359538
1 184280 477280
0
1 733161 804722
0
0
1 7913 490298
1 937595 411105
0
0
0
1 170740 624432
0
1 955909 906426
1 151193 621907
1 847135 558249
1 499981 659211
1 566488 140398
1 436939 825316
1 509083 493385
1 314175 134377
0
0
1 196123 626201
0
0
1 135680 828256
1 220976 607178
1 709532 124108
1 208469 123187
0
0
0
0
1 457648 849942
1 633206 739768
0
0
0
1 760795 274846
1 819638 394692
0
1 992253 48102
0
0
0
1 907371 724396
1 233492 377991
0
1 221419 69322
0
1 819756 742303
1 534651 512258
0
1 926712 151644
1 624837 739377
1 376658 782301
0
0
0
0
1 251332 369515
0
1 513776 285062
0
1 353136 480636
0
0
1 488382 431534
0
0
1 702128 629555
0
0
1 745784 950056
1 394567 634178
1 950380 614116
1 291063 835291
0
1 935434 553358
0
0
1 254797 940443
0
1 130763 714336
0
1 857088 74715
0
0
1 113216 832023
0
0
0
1 529074 385403
1 310176 959989
0
0
0
0
1 29766 575495
0
0
1 523296 528503
1 52048 876219
1 729261 737023
1 317961 596123
0
0
0
0
0
1 848026 579253
0
1 297216 503876
0
0
1 682677 146470
1 458894 248561
0
0
1 725161 609596
0
0
0
1 373828 26095
0
0
0
1 105717 829452
0
0
1 342772 542811
1 554257 178783
0
0
0
1 348278 21334
1 932876 373289
0
0
0
1 818888 31872
0
1 361596 383354
0
1 935729 465281
1 121263 649747
0
0
0
1 878197 128547
1 179730 404451
1 70980 232344
0
1 473065 370937
0
1 502700 380777
1 108796 561799
1 444243 620388
0
1 321075 885191
1 3753 609812
1 919732 928186
0
0
1 809902 227494
0
0
0
1 693683 593332
0
1 777962 888552
0
0
0
0
0
1 765758 298341
1 77168 468270
1 299499 649945
1 429119 983339
1 524848 892881
0
1 202788 411480
0
0
1 56692 542770
1 462879 116548
1 163135 150327
0
0
1 649056 110425
1 942490 144530
0
1 476087 743800
1 403500 967126
1 335246 148833
0
0
0
1 470648 824371
0
1 826773 13407
1 684381 851513
1 107429 5075
1 432715 645609
1 13301 544578
0
1 620828 47288
0
1 124281 340368
0
0
0
1 822673 207966
1 459014 841414
0
0
1 756961 608453
1 253811 690618
0
0
1 101061 610520
0
1 218298 60166
0
1 434212 593074
0
1 528595 317433
0
1 490028 450407
1 63853 754236
0
0
1 17786 49489
1 368765 511903
1 988182 557907
0
0
1 432824 364602
0
1 209811 173619
1 26413 776971
0
0
0
0
0
0
1 915122 15243
1 299830 665631
1 501287 231665
0
0
0
1 702003 550422
0
1 644607 755531
1 729398 62519
0
0
1 764667 605937
0
1 727100 69352
0
0
1 601294 748620
1 924538 733671
0
1 807795 559402
1 712854 774271
1 171982 119867
1 577468 805902
1 731158 718634
1 287061 3518
0
1 140536 934320
1 843154 149729
0
1 265621 606291
1 389331 507157
0
0
0
0
1 743004 750275
1 814130 438515
0
0
0
1 424853 729340
1 617744 953050
1 56290 311589
0
0
0
0
1 570979 916920
1 795326 765476
0
0
1 747924 448889
1 230504 671935
1 361001 507869
1 113338 641349
0
1 953184 404153
0
1 854978 976659
1 905026 404283
1 740443 405504
1 959916 790880
0
1 130707 62737
0
1 175404 661755
0
0
1 538571 160603
1 769164 329217
0
0
0
1 141831 851620
0
0
1 771561 704163
1 624433 246223
1 683112 555415
0
1 448650 363215
1 257535 622971
0
0
0
0
0
0
1 582692 518398
0
1 906201 618553
1 603420 909933
0
1 103597 651752
0
1 972435 756772
0
0
1 301230 346495
0
0
0
0
0
0
0
1 396659 564700
1 73619 929559
0
1 489872 710754
1 48241 670856
0
0
1 870077 57411
0
0
0
1 150789 369502
1 143825 843159
0
1 84375 966666
0
1 807937 263308
0
0
1 622929 577580
0
0
1 568911 771374
1 377595 801489
1 510029 278109
1 959276 474446
1 471508 646637
1 835891 820599
0
0
1 144976 1586
0
0
1 245825 218284
1 308726 626711
0
0
1 23545 835465
1 503943 569541
0
0
1 657286 708695
1 503735 977536
0
1 875991 247061
1 65182 861937
0
1 991077 345495
0
1 821461 463715
1 158296 495065
0
1 252867 625349
1 112171 227376
1 289690 940589
1 289615 437542
0
1 683160 917335
0
1 72557 214203
0
0
0
1 969620 111926
0
1 930527 30865
0
0
1 856683 667284
1 164996 117774
1 47089 527143
1 727580 385147
1 381995 727159
1 47503 677666
1 271289 23609
1 885487 943154
0
0
0
0
0
1 470972 621614
0
1 585832 864193
0
0
1 615497 166491
0
1 712326 107436
1 248314 356356
1 356843 298426
1 66577 49215
0
0
1 651022 621635
1 971280 657567
1 881908 651292
0
1 518775 109457
0
0
0
1 609347 25911
1 439881 899214
1 392365 836384
1 471324 443611
0
0
0
0
1 828068 893623
0
0
0
1 21269 35755
0
1 292376 226410
1 634454 483686
0
0
1 688524 773252
1 381432 632465
1 130641 656279
0
1 100717 898896
1 784615 452296
1 530229 735382
1 20872 757869
0
1 37828 584864
0
0
0
1 606274 439181
0
0
0
1 445807 251388
0
0
0
0
0
1 867954 258043
1 736120 428202
1 273642 477452
0
1 933572 772473
0
0
1 681766 759978
0
1 992649 111519
0
1 388123 848328
0
1 67045 343896
0
1 904121 695526
1 676167 802265
0
0
1 257837 935761
0
0
1 855885 103567
1 733572 968275
1 637441 377056
0
1 640141 25809
1 246136 87173
1 474101 492408
0
0
1 876895 194298
1 814732 198020
1 624117 464848
0
1 659788 655322
1 921272 915186
0
1 326170 989767
0
1 688731 77075
0
0
0
1 592897 209650
0
0
1 35816 386895
0
0
1 325267 237168
0
1 332343 951887
0
0
1 701724 778467
1 794207 269321
0
0
0
0
0
1 485327 527761
0
0
0
0
0
0
0
1 572236 729721
0
0
1 290769 786022
1 741092 286901
0
0
1 26064 409111
1 899292 703140
0
1 319196 470877
1 741946 412873
1 981671 792802
1 409727 829905
1 423655 465262
1 287043 505160
0
1 999753 640244
1 371880 368631
1 86773 322963
0
1 163377 81278
0
0
0
1 950508 661561
1 78833 860106
1 4949 33843
1 860770 345194
0
1 53585 351767
1 797587 926456
1 875176 4677
1 596792 354222
1 591734 202421
0
0
0
0
1 826538 114816
1 330675 878309
1 558821 227564
1 470442 93020
1 437149 464023
1 986852 528546
1 832328 25155
0
0
0
0
0
0
1 301009 772790
1 710530 274182
1 793493 891605
0
1 497259 858147
0
1 108020 943933
0
0
0
1 888884 357687
1 623475 271262
0
0
0
0
0
1 240019 51703
0
0
1 267322 178232
1 753615 793830
0
1 37193 800845
1 474562 252683
1 414182 48830
0
0
1 339148 29146
0
1 31024 93953
1 373405 74976
1 550263 438606
1 340081 689752
1 376084 72927
1 851933 528130
1 294402 210432
0
0
0
0
0
1 12203 439635
1 486818 559567
1 621570 386194
0
1 261640 362709
1 794628 145159
1 200185 983159
1 821123 756326
0
0
1 806583 92168
0
1 536270 500300
1 323956 724922
1 660473 638185
1 439457 644012
0
0
1 570801 779653
1 989228 344080
1 173833 878886
1 153344 818475
1 973086 680182
1 679274 317128
0
1 999397 594212
0
0
0
0
0
1 62362 903200
1 693163 534509
0
0
0
1 647009 262972
0
1 914027 650057
0
0
1 773592 516144
0
1 344043 930049
0
1 136783 274653
0
0
1 625009 500724
1 880802 394439
1 523435 142422
0
1 834594 438975
1 248553 323966
1 614559 105424
0
1 741868 372533
0
0
0
0
0
0
0
1 233039 784586
0
1 397491 707296
0
0
1 771715 494086
0
1 801724 170686
1 120476 502417
0
0
0
0
0
0
0
1 731379 948157
0
1 223522 139691
1 81061 364380
0
1 759078 260465
0
0
1 819319 75634
0
0
0
0
1 435358 626735
0
1 299924 815616
1 696112 381469
1 832122 427837
0
1 527780 553688
0
0
1 654265 778690
1 543682 150466
1 802676 707656
0
0
1 115053 193166
0
0
0
0
0
0
1 224882 887256
1 111714 68881
0
1 663028 231774
1 830153 725491
1 468549 630683
1 23045 934464
1 488126 261114
0
1 232439 793921
0
1 948530 118266
0
1 624882 393667
1 51112 124591
0
0
0
0
1 75591 687352
1 829547 369806
0
1 600319 843142
1 181670 23906
0
1 38538 927115
0
0
1 439691 816525
1 413290 255943
1 950871 691262
0
1 243275 989821
1 960442 477629
1 277282 26700
1 46894 13474
1 153835 22105
0
1 682385 660547
1 862584 409103
0
0
0
1 793094 800004
0
1 872116 221144
0
0
1 833037 171010
1 732949 350556
0
0
0
1 793910 679579
0
1 152097 379468
1 924632 745346
1 587747 115968
0
1 116514 877018
1 797533 652397
1 798466 576773
0
1 193957 409963
1 716035 664004
1 385771 604724
0
1 833637 690392
0
1 893353 30990
1 316972 773978
1 393418 481259
1 798991 758387
1 105115 779091
0
1 526933 729409
1 556934 779426
0
1 622041 550966
1 344218 118113
0
0
0
1 104518 894580
0
1 317963 16793
0
1 974029 303260
0
1 289454 673334
1 240195 506131
1 322766 383031
0
0
1 551461 804341
1 835824 503439
1 170690 775450
1 677199 856201
1 422855 186018
0
0
0
1 90068 294835
1 251823 850392
1 50956 512473
1 166166 108295
1 319260 310432
0
1 880538 674939
0
1 656291 38393
1 692672 118354
0
1 68934 167235
0
1 794245 746601
0
0
1 636003 131983
0
0
0
1 578069 222712
1 804479 936761
0
1 109492 540053
1 827918 867186
0
0
1 457283 562492
0
0
1 950418 779815
0
1 470278 574536
1 32495 709464
0
1 466930 834435
1 51381 895303
0
1 875578 934759
1 331816 447236
1 668649 364994
0
1 410491 194339
1 927646 369124
1 72191 192702
1 345873 729288
0
1 79008 940686
0
1 569798 339119
1 473117 560101
1 768783 138231
1 891556 893663
1 841228 598658
0
1 290217 788361
1 146621 287148
0
0
0
1 588619 598141
1 418207 222751
1 97007 207394
1 527870 995210
0
0
1 509057 185589
1 475453 888951
0
0
1 923866 237960
1 721339 514486
1 306193 278205
0
1 452472 733549
1 924693 364617
0
1 834626 170713
1 399523 318009
0
1 249934 730930
1 567940 39548
1 593025 801726
1 539532 566563
1 514067 874310
1 281089 347357
1 928294 849319
1 232844 171772
0
0
1 720530 629279
1 21880 709634
0
1 663650 596517
0
0
1 376611 860760
1 665327 731747
0
0
0
1 797950 127038
0
1 817047 558360
0
1 950822 690507
1 385043 805318
1 847543 823048
0
1 913138 781220
0
1 67080 876010
0
1 402452 919481
0
0
1 632266 939726
0
1 824609 783325
0
0
0
1 634836 830707
1 547163 497384
1 328026 866554
0
1 455723 868073
0
1 435576 703781
0
1 381115 865782
0
1 588546 462254
1 55168 593898
0
0
1 410191 17511
1 181492 919608
0
1 233470 395121
1 765974 662522
0
1 577870 601207
0
1 731510 907116
0
0
1 419009 367898
1 301969 414342
1 341579 612265
0
0
0
1 196735 568811
1 940621 89602
1 615160 388925
0
1 68555 81079
0
0
1 334226 547377
0
1 245681 267941
0
0
1 730718 452129
0
1 911895 756796
1 576153 330275
1 433069 508848
0
0
0
1 867316 20456
1 233964 422797
1 336576 858865
0
1 486088 736783
1 640968 121264
1 860488 109877
1 973032 975046
1 164619 396332
1 238785 377375
1 281833 436087
0
1 506033 959639
1 549863 812879
0
1 169259 312306
1 418803 805789
0
1 874833 998097
1 702927 339030
1 289961 106759
1 527347 381387
0
0
0
1 620648 852954
1 335454 485122
1 986015 258413
0
1 732202 725489
1 564709 905186
0
0
1 973790 993314
1 402659 481367
0
0
1 786876 994897
0
1 141864 611579
1 793555 900447
0
0
0
0
0
0
1 523803 706190
0
1 921565 926877
1 604400 662047
1 257461 174085
1 705777 596279
1 439197 200224
0
1 288872 681289
1 227330 535153
0
1 799171 615489
0
0
0
0
0
0
1 469025 881689
0
0
0
1 89314 412109
1 562610 63732
0
0
1 885538 173629
1 151899 262838
0
0
1 271493 264885
1 38829 285218
1 836305 869388
0
1 747599 722003
0
0
1 506822 626132
1 389908 134874
0
1 997903 530907
0
1 528764 845520
1 185325 749509
0
1 502215 731045
0
1 563150 757947
1 546415 411279
0
1 281291 777700
1 278083 491287
0
0
0
1 18879 415929
1 833811 34827
1 874433 311086
0
0
1 302550 157442
1 915436 807499
0
0
1 214076 257887
0
0
1 172950 651885
1 641230 687822
0
0
