9016
0
1 853750 200271
2 34570
1 783211 583143
1 13508 324587
1 379788 57064
1 22481 968095
1 979799 160109
1 500788 546462
1 214209 969953
1 302193 28003
2 765352
2 282510
2 620469
1 378351 421874
2 318379
0
1 848166 40933
1 814154 43655
1 859321 34025
2 590656
0
2 35828
0
2 516879
0
1 787525 427929
2 501371
1 737061 135355
2 654623
2 93505
0
1 219642 756596
1 494174 257959
2 188352
2 647589
2 845655
0
1 726337 846724
2 185442
1 662652 424672
2 295175
1 330556 471996
2 298611
1 556105 911906
0
1 42541 363815
2 91773
1 137541 978996
0
2 496933
1 912411 533818
0
2 629004
2 211256
0
2 130194
1 409019 795131
2 129535
0
0
2 330843
1 529509 593438
1 698684 32099
1 788415 777548
2 360413
0
1 562277 329749
1 544274 142480
2 546953
0
0
0
0
0
2 129209
2 835750
0
0
0
2 808808
1 115406 834542
1 862034 310021
1 348675 81444
1 33469 788884
0
1 100379 225231
1 55413 446478
1 579638 74510
1 550945 5007
0
0
2 326334
0
2 839875
2 711914
1 50691 930642
0
0
2 162608
0
1 950890 533274
0
1 962847 699779
0
2 772525
0
2 330457
1 655450 717086
1 993258 828063
0
0
0
2 727238
2 378267
0
2 253334
0
2 60595
1 941643 808810
1 20693 826683
2 904777
1 452219 471389
0
1 524151 323422
2 844716
0
2 847220
1 860765 772306
1 526519 623503
2 941458
1 760179 286194
1 32542 393937
2 6495
1 4197 733954
0
2 934229
1 847265 464109
1 660735 640411
1 770108 94963
2 144041
0
0
1 231433 291038
0
1 354853 684968
1 151907 382793
2 526295
0
2 357707
0
2 156563
2 353492
0
0
1 55986 21714
0
1 660108 469315
0
1 16074 393342
0
0
0
1 583285 141646
2 96511
2 160963
2 307982
1 454624 133545
1 418577 391200
1 126240 247546
2 119620
0
1 709035 701788
2 65795
2 909044
1 561376 411207
0
0
1 86801 844243
0
0
1 641166 513675
2 388254
2 440142
0
1 806159 606814
2 699969
2 579324
1 242931 383978
0
2 512611
0
2 709716
0
1 739094 704016
0
1 58920 755351
1 263279 644139
0
1 240830 216871
1 478386 333989
2 734476
2 454286
2 36949
0
0
0
2 484189
2 520222
1 240803 62014
0
2 737230
0
1 905321 935862
2 226690
0
0
1 440519 741011
2 224301
0
1 262195 564474
0
2 235733
0
1 411640 440122
2 748043
1 644327 904903
1 765968 857658
0
0
2 464952
2 817838
2 316021
0
0
2 928794
1 104194 67452
1 606808 849564
2 24674
2 295180
2 270997
1 672283 321083
1 739800 778296
2 917221
1 647063 756722
1 525909 423664
1 717700 950477
1 290566 672632
2 917333
0
2 960674
2 718841
1 611339 839435
1 967835 467826
0
1 744788 162065
0
0
0
0
2 150398
0
0
1 965865 29479
1 572202 506396
0
2 675360
2 890033
2 203365
2 69547
0
2 689590
0
1 238542 664005
1 214312 684546
1 427200 51081
1 657870 187807
2 804102
1 114846 641510
1 972610 374055
1 530146 767905
2 976913
1 483958 376262
0
1 85280 14589
1 371834 823994
1 883741 42769
2 121516
0
0
0
1 876392 84319
0
0
1 905307 765914
1 660866 357088
1 541514 738509
0
2 407495
1 528498 430887
2 53090
2 559701
0
1 92455 605299
1 894022 976904
1 204112 331302
2 4695
0
1 465855 858967
0
2 598657
2 711165
1 624525 243399
1 997704 86018
0
0
2 69825
1 867820 900095
1 178312 320050
0
2 47381
0
0
1 482424 73792
2 124704
0
1 309764 41237
1 493913 596572
2 586372
2 578409
0
1 965021 876938
1 917134 40728
1 440241 302932
1 233875 157736
2 944751
0
2 159102
2 485820
2 740998
0
0
2 822474
2 622460
1 486821 574326
2 746515
0
1 305212 229821
2 662050
0
2 218881
2 589172
0
0
1 989572 141921
0
1 515125 638301
2 141661
2 250910
2 235586
0
0
2 740651
0
1 140018 282940
1 44939 29369
2 977439
1 30259 112679
0
2 595592
0
0
1 127932 580800
0
0
2 282652
2 407498
2 657630
1 339931 524171
0
0
1 19709 709061
0
0
2 59690
2 695866
1 997164 784429
0
0
0
2 813730
1 370064 535901
1 878630 216688
1 762260 139994
2 259321
0
0
0
1 876405 423452
0
0
2 336414
2 953628
1 492697 883812
2 897860
1 85430 315863
0
0
1 597170 114200
2 795381
0
0
0
0
1 908151 815535
1 732230 254747
2 921656
2 71588
2 127099
2 3159
2 833469
0
1 441512 581662
1 991648 527344
0
1 621304 988899
0
2 827340
0
2 450137
2 945280
0
1 387581 370502
2 464223
0
0
1 251621 587642
0
1 634976 99608
2 683738
0
1 663898 760091
2 325545
2 462981
1 860865 80112
1 488803 746049
1 982433 990682
0
1 28859 42411
0
2 330807
1 470769 203991
2 477644
1 536469 296871
2 479383
2 384350
1 111233 529785
0
2 324261
2 194988
1 858626 230111
0
1 952020 658711
2 619018
2 308327
1 306568 379191
1 700939 324967
2 729090
0
1 145048 652079
2 992878
1 306552 708443
1 283520 407613
2 682348
2 267257
1 86492 378143
1 156197 365894
0
1 850975 522817
2 380478
0
2 512320
0
0
0
2 140510
2 814233
2 885340
1 714841 941526
0
2 594298
1 160591 217312
1 787377 763281
2 449592
1 322993 238657
1 968779 727078
0
1 182405 11778
0
2 438503
1 771714 722657
0
1 540431 254913
0
2 725675
0
1 174370 771985
0
1 392028 502788
1 844357 471824
0
2 593188
1 909256 904640
0
0
1 359880 711820
0
1 65604 396460
1 445218 493111
1 458023 782644
1 651781 425630
0
2 998009
2 693298
2 462032
2 21667
0
0
1 965006 472702
2 431309
1 788320 992355
1 757497 242970
1 744280 190374
0
2 314546
1 105879 687491
2 744241
0
1 305474 553389
2 391784
0
2 863390
1 563664 588843
1 378301 183715
0
2 415131
2 217886
1 800541 421760
1 721486 674502
2 196335
0
2 25261
2 799746
1 23614 183478
2 958531
0
1 379617 421225
1 922926 916733
2 700961
1 278401 306402
1 729558 198298
0
2 266299
2 190243
0
1 888062 278288
1 902790 276058
0
0
1 625303 409207
2 437393
2 713193
1 428785 205988
1 690806 343749
1 110631 377037
0
0
0
1 510603 721745
2 323806
0
2 957768
2 846354
0
2 203735
0
2 176439
2 334870
1 187762 33852
2 900071
1 617083 165178
2 719148
1 436163 401917
1 690257 991758
2 286116
2 368059
0
2 802014
0
2 126236
0
1 616327 392072
2 578151
2 490224
0
1 836856 946206
1 839841 50234
1 305792 350737
1 277322 961501
1 492912 24347
1 19035 897125
2 269685
1 843513 692566
1 887042 933757
1 306087 523458
2 643308
0
0
0
0
0
2 101735
1 214130 581914
2 936147
1 843027 921660
0
0
1 177869 236574
2 728555
0
0
1 700989 530737
1 277915 351445
2 788415
1 714142 867935
2 220560
0
1 263776 650555
1 282280 932810
2 916009
2 352576
1 589852 102653
2 848865
1 689510 150092
2 948966
2 831590
1 641940 602587
2 213664
0
1 767773 724209
1 841729 688045
0
1 324381 725588
2 929901
2 97709
2 698647
1 84823 507940
2 948091
2 140022
2 808682
2 782595
2 515093
0
1 682700 473122
0
0
1 587901 570980
1 615905 872080
1 176607 973145
1 567076 465800
1 324977 436410
1 172336 962634
2 383643
2 15432
2 25554
2 560622
2 166627
0
1 637366 224819
0
1 795480 19621
0
1 878200 888007
1 205632 419086
2 100931
1 144578 57775
1 336010 549319
2 764245
1 111121 853683
1 517811 497570
0
0
2 947251
1 2908 764059
0
0
1 256958 870553
0
2 450544
1 252153 33414
1 645118 219918
0
1 55626 255273
1 984870 482808
2 995631
1 715744 269528
2 670177
0
1 993799 6757
1 978746 42852
2 54447
2 104839
1 698785 652737
1 197528 804718
1 632345 741041
0
0
0
2 662011
0
1 647722 730719
1 636446 949393
0
0
1 47157 875422
2 574032
0
0
1 6927 802969
1 181031 779661
0
2 140709
1 955983 313231
2 833061
0
1 546386 736079
0
0
1 115096 698937
0
0
0
0
0
1 606686 81453
1 616792 648638
1 175360 357384
0
0
2 20805
0
1 848119 359690
2 104718
0
2 83915
2 939614
1 371049 171847
2 24873
1 684852 979352
2 339033
0
2 270819
0
1 172892 490919
0
1 527160 238698
0
2 374178
2 896846
1 930951 974198
1 688018 830204
0
0
1 583425 209801
2 258873
2 632325
1 304844 812680
0
2 305401
1 390993 366986
1 206902 397674
0
1 764526 740136
2 819434
1 489244 642959
0
2 77807
1 411614 280746
0
1 894978 520547
0
1 736771 65260
1 836625 44111
0
2 881280
2 393393
2 265412
0
2 443963
1 605627 574633
2 625067
0
1 586660 458586
1 202686 780380
1 101246 435606
0
1 787147 477654
1 951544 103761
2 653784
2 586572
1 439690 483514
2 515058
1 314157 437245
0
2 124743
1 681337 921834
1 928607 336403
0
1 690829 683228
2 855957
1 751166 833001
1 257789 575957
1 488924 972339
2 827334
2 983163
0
1 237930 909556
2 182536
1 995872 332961
1 763425 590850
2 684790
2 937938
1 490154 857157
1 768009 980786
1 113221 339070
1 545294 283968
1 868025 764758
1 592806 252416
1 32313 72463
1 599717 484072
2 633630
0
1 317966 162837
2 143146
2 27164
2 376709
1 154110 637662
1 242181 272613
0
1 86007 227302
0
0
1 707151 937309
2 940241
0
0
1 677262 881504
2 945394
2 168712
0
1 142413 729252
0
1 498984 721583
0
1 78993 274544
1 457679 759690
1 780778 298841
0
2 286652
0
0
1 797959 283475
1 296150 686798
1 120037 894568
0
2 816352
0
0
0
1 616180 1150
0
0
0
0
1 814568 82675
1 491229 112734
0
1 285234 104426
2 308799
0
1 991718 412273
2 950342
1 380940 110438
2 922883
2 53455
2 417202
0
1 448985 255436
0
1 935649 442944
2 714506
1 514330 786703
2 267472
0
0
1 696594 335034
1 121471 150360
0
0
0
2 597062
2 262293
1 638405 663279
0
2 349261
2 109164
0
2 887952
2 565699
0
2 247422
1 849448 658072
2 733873
2 466137
2 395849
0
0
2 827024
2 699676
1 450345 118944
1 604373 290045
0
1 87283 282695
0
1 61543 754612
0
2 476985
1 544971 727410
2 175305
1 714821 698412
2 103723
0
2 667349
1 388631 330408
1 222131 801374
0
1 255597 453668
1 539375 348812
1 416982 138588
1 543485 979801
0
1 515312 677806
2 297627
1 236441 39274
1 659930 296978
1 734991 925111
1 906373 979343
0
0
2 443665
0
2 460741
0
2 468164
2 720570
0
2 805187
0
1 889717 540339
0
0
1 851333 599939
0
2 104540
1 688948 485338
1 203814 710600
0
0
1 211515 703259
2 274141
0
2 856472
0
2 669481
0
1 387438 980495
0
1 187874 656885
2 324061
0
1 309942 122063
2 807976
2 531905
0
0
1 99428 901777
0
1 573157 341904
2 845816
1 459030 465922
2 708544
0
1 818872 495376
1 928342 955151
2 523141
0
2 991868
2 508978
1 156004 272165
2 88664
2 309271
2 815503
2 871755
0
0
2 567232
2 741896
0
1 746719 680942
2 992074
2 382858
1 999098 794735
1 540482 938389
2 77070
2 661279
1 110959 925644
2 376366
0
2 916909
0
2 867891
1 183235 462587
0
0
1 161731 881129
1 508184 73239
0
2 407281
0
2 147225
2 728318
1 653558 91341
1 994783 503759
2 917065
1 697892 407616
2 295010
2 846678
1 474541 479621
2 224751
0
0
1 144448 335762
2 476250
1 488886 584446
2 646953
0
1 92984 23312
0
0
2 648088
0
1 953383 498075
1 804913 379524
0
0
0
2 475077
2 691765
2 275874
1 92614 253396
1 104456 667100
2 313385
1 823735 66511
1 648546 854724
2 371609
1 623243 114129
0
0
0
1 197919 893092
1 572903 692581
1 679198 898976
2 166457
1 118713 173895
2 841999
0
0
0
2 449055
0
0
2 68047
0
0
1 645233 101045
0
1 432292 757201
1 466814 488199
2 29379
0
0
1 447606 645834
2 13032
2 172200
1 346356 24720
1 25908 335656
1 718136 796228
2 157217
1 408391 125086
0
0
0
1 620844 131132
0
0
1 630392 183077
0
2 614479
1 894722 456936
0
0
0
2 91534
0
2 744919
1 79655 714690
2 915543
1 722913 539210
2 679292
2 253273
1 483241 259865
1 220819 585380
2 308584
1 704686 359722
2 829659
0
1 782263 368930
1 7939 940046
1 173255 442684
2 539887
2 269753
1 257463 951239
2 235476
1 936928 149899
1 115501 543084
0
2 817588
2 714559
1 772665 780806
0
0
1 346095 535435
2 841377
0
1 221172 837271
1 720535 297736
0
2 570213
1 145746 55141
1 335420 142624
2 330329
1 830972 247119
1 860275 896057
1 919522 338457
1 761588 967924
1 160686 333379
1 813764 168825
2 24053
2 524956
0
0
0
0
1 424574 398707
0
0
2 331073
0
1 64924 133588
0
1 334437 968151
2 141899
2 240805
0
1 26825 824954
0
0
0
1 993455 34823
1 175870 408148
0
1 195148 960801
0
2 329152
0
0
0
2 182423
0
2 105723
1 247249 912379
2 760818
1 979456 163921
0
1 204027 292712
2 45671
1 756103 818308
2 544030
1 31925 795802
2 88608
2 395969
0
0
1 692637 503019
0
2 342023
0
1 290827 216491
0
1 6108 514021
1 995465 46668
0
1 491639 643211
1 586162 399114
2 381573
2 632668
0
0
1 817615 462200
1 173920 49514
1 830337 365877
2 521994
2 590699
0
0
2 841717
2 302704
2 916995
0
0
2 747002
0
0
2 231895
2 109355
0
2 666666
0
0
2 977133
1 514779 811545
1 504718 769533
1 518744 103358
0
1 686686 85175
2 1856
1 131993 373384
0
0
1 124466 737635
0
0
0
2 89963
0
2 617596
2 493620
2 380186
2 388673
0
2 658635
2 31139
0
2 626069
0
2 289763
1 538100 126724
0
0
0
0
2 443144
0
2 343554
1 90809 671453
2 55952
0
1 822117 558070
0
2 257331
1 657782 579322
2 923437
1 407732 232499
2 774094
0
0
1 408676 227492
0
0
1 945522 736906
2 971282
0
1 318131 620761
2 424848
2 29126
1 743219 160734
1 287378 871300
2 210901
1 93850 61030
0
2 9354
0
0
2 737989
2 423388
0
2 939561
1 774383 671680
2 744501
1 685326 878589
0
2 261149
1 710274 15115
2 76141
2 241121
0
1 614998 130868
1 959053 749631
1 633185 354197
1 684994 129972
0
1 134630 67395
2 748086
1 475666 496648
2 283966
1 725366 364895
2 912834
0
0
2 20734
0
1 702198 341992
1 652199 190306
2 380964
2 442639
2 670630
2 266619
0
0
2 565625
0
1 816486 853198
1 15295 329044
1 883905 279779
0
2 858132
2 142939
2 458855
0
2 183293
1 526499 434096
0
1 196672 162774
1 400249 668842
1 144956 351195
2 755051
2 186546
2 440299
2 570944
0
2 167800
0
2 279075
0
2 32613
1 405926 19231
0
2 452422
1 601696 582747
2 875524
1 391086 859154
2 950901
2 943618
2 568096
2 970252
2 925762
1 739033 481860
0
0
0
2 398436
0
2 459780
1 534980 711666
0
1 165973 272565
1 642195 869819
0
1 201693 573356
1 109453 630713
0
2 938342
1 307229 986082
1 596891 550736
2 127130
1 65778 940331
1 872026 829407
2 300096
2 628372
1 435517 821576
2 715365
2 631507
1 873951 681377
1 728982 654346
1 440590 280122
2 516277
2 766965
2 318744
0
2 84675
1 272482 459825
2 191105
1 867551 963975
0
0
0
0
1 32301 996832
2 563185
2 754211
0
1 509158 821497
1 704086 55239
1 570210 687643
0
2 343689
0
1 196207 674577
1 295020 81927
2 75541
1 540692 712309
2 25476
0
0
1 200475 580215
0
2 168277
2 36543
0
1 16191 735834
0
2 104721
1 969019 997843
2 856370
0
2 53594
1 51753 594924
0
0
1 593374 533890
2 779914
2 675821
0
2 571699
2 455275
2 281148
1 621927 423696
1 87966 820213
2 495852
2 954251
0
0
0
1 731213 387180
1 57714 284797
0
0
2 814960
2 883831
1 11140 765941
0
2 999150
1 721641 263775
2 492201
1 578534 375824
1 965333 767290
1 392853 466487
1 109532 937155
0
2 241203
2 835800
1 539482 246311
1 726342 414920
2 773547
1 943742 3857
1 676808 797163
1 257778 445345
0
0
2 232667
0
1 6473 878707
0
0
1 138220 564444
1 389010 811859
0
0
1 369356 689883
1 18607 785591
2 266547
1 464982 406521
0
1 418618 399628
1 843595 221032
1 119112 793861
0
1 140216 269536
2 653894
1 563909 677778
1 804741 337626
2 546611
1 754376 923701
0
1 64490 123016
1 892358 305093
2 295035
0
2 992421
1 192739 993105
2 457929
0
1 336343 218670
1 598366 714345
2 780235
1 364173 645543
0
1 368269 873559
0
2 819713
0
0
2 374560
0
1 921821 754121
0
2 912625
2 358671
0
2 316796
1 832141 268783
0
2 953154
0
2 652064
1 326162 232588
2 857172
0
2 784774
1 440087 436547
2 216422
1 631553 9313
0
2 350610
2 423256
2 228596
2 374182
1 27282 435426
0
0
2 761468
0
1 276972 888260
2 692405
0
0
2 669115
1 376765 701478
0
0
1 702681 787694
2 134024
2 325329
1 548172 907068
1 827036 811632
0
0
2 274280
1 494566 291492
2 592745
0
2 973191
2 429930
0
2 578840
2 86667
2 648491
2 536699
0
2 559184
2 350510
1 396428 996882
1 745972 607790
2 559283
2 927996
1 404649 437324
0
2 100942
0
0
2 828235
0
1 576203 944570
1 144555 994839
1 454705 162932
2 575215
0
2 607744
2 534705
1 294176 13042
2 513925
1 92326 539556
2 697396
1 279895 3488
2 93306
2 307380
0
2 593025
1 958000 462142
0
2 52038
2 626123
2 611907
0
1 60186 865419
2 947257
0
2 600886
2 244668
1 160552 192878
2 115187
1 621382 405120
2 82071
2 484952
1 848984 486838
1 558242 824286
1 177448 696642
0
0
0
0
0
0
0
2 751564
2 697408
0
0
2 47777
1 939070 523771
0
0
1 152624 406123
0
0
1 996990 399986
1 697978 388274
0
0
1 11522 450700
0
2 211208
0
0
2 486940
1 613527 837279
2 769501
1 549869 998036
2 13468
1 84373 513662
2 547040
1 485219 709774
1 84447 284402
1 283077 170934
1 518910 972829
2 492301
2 202481
2 845725
0
0
0
0
2 294915
0
2 946351
2 749083
1 255902 731435
0
1 61675 65014
1 782597 27044
0
0
1 520604 830691
1 773610 303377
2 613930
0
0
1 105642 301825
0
0
2 240888
1 522057 170963
2 6308
1 705416 337212
0
0
0
0
1 282508 812454
2 300030
2 879855
2 696921
0
2 190445
1 360797 860295
2 826952
2 597140
0
2 928322
0
1 643365 572652
1 596242 688744
0
0
0
0
1 739905 153217
2 276814
2 989628
1 724758 697819
1 758668 715253
1 33527 793667
0
0
0
2 325585
1 711812 331470
1 713613 598628
0
0
1 787106 80792
0
2 684367
0
1 895025 348784
1 620209 695560
0
0
0
1 961105 868177
0
0
2 487312
0
1 777606 79432
1 266635 747103
1 102818 641198
0
1 940555 817123
1 712408 949078
0
2 165514
1 404817 176714
1 73114 282114
1 135378 243650
0
0
0
0
2 414175
0
2 777750
0
1 506593 764832
1 889166 561064
1 71287 330066
0
1 188430 674808
1 166185 140415
2 265653
2 814426
2 361069
2 400611
2 311937
1 287459 259811
2 962744
1 960874 182899
2 989237
1 388250 592323
1 483023 38419
1 491738 422013
0
2 143091
0
1 548111 771359
2 499533
0
0
1 529961 521560
2 262720
1 266752 841606
0
1 846106 722230
2 576917
0
0
2 83155
2 99387
2 405576
0
1 14312 256224
0
1 477512 375465
1 277624 956610
2 614640
0
1 201643 569366
2 774737
1 412223 226464
0
0
2 385707
2 813638
2 5948
1 480106 390773
0
2 755280
0
0
1 244487 658273
0
1 831295 327301
0
1 995082 584018
0
0
2 114320
0
2 644712
1 651995 702197
0
2 782065
0
1 622110 164007
1 114604 818597
1 412082 248637
2 610235
0
2 744961
2 94015
1 575731 900267
2 990300
2 830306
0
0
0
0
0
1 500201 639841
1 553222 880569
2 284055
2 471726
2 290812
1 250475 150613
2 350074
2 301464
1 855559 800123
0
2 324647
1 891963 667807
1 53442 265353
2 455507
1 946061 788369
2 687593
2 200381
2 503133
1 419280 694715
2 33587
1 791367 776743
2 521725
2 161492
2 808276
2 766980
2 143948
0
0
1 720022 118797
2 923915
0
2 751993
0
2 77626
0
0
2 962943
0
1 98219 961081
2 179454
2 946395
0
1 669748 467852
2 770656
1 246076 712642
1 140623 194560
1 774642 397069
0
2 477991
2 441461
2 695987
1 206283 859658
1 978719 542121
0
1 561902 957295
1 550833 595167
2 341073
1 437925 735348
0
0
2 457809
2 586001
1 983423 208907
2 530368
2 89372
1 74717 471685
0
0
2 795918
1 877815 827779
2 333496
1 60810 967624
0
1 346888 746879
0
2 364498
1 868629 398897
2 590485
2 269471
0
2 318933
0
2 994298
0
0
0
0
1 80716 408358
1 943179 427684
0
1 17073 105943
0
0
0
0
1 470346 391490
1 565667 371950
1 337111 232843
2 368549
1 334545 603277
0
2 523111
1 607689 739192
2 766972
0
2 924955
2 10844
0
0
2 553268
0
1 60083 889177
1 269475 238679
2 198035
0
1 806092 879245
1 174089 955639
1 297048 106050
1 829283 636920
0
2 641797
1 9303 420060
1 41084 806520
2 651397
2 27754
0
1 371214 148122
1 448882 671686
0
0
2 536066
2 249757
0
2 824187
2 80101
2 724860
0
2 51764
2 619767
1 83227 85241
2 763755
2 23083
0
0
1 783620 661191
2 125075
1 765812 887779
0
2 151229
0
1 763406 837610
2 5477
1 772350 19267
1 872045 665359
0
0
0
0
2 698362
2 624057
1 847140 643203
0
1 400582 472692
1 405180 632235
0
1 844065 21590
0
1 963352 470720
1 805828 608245
2 927337
1 502879 320179
0
2 186178
2 373770
0
1 582217 23659
0
2 721721
0
0
1 583543 621437
0
1 667509 591742
0
1 819131 934340
0
2 264447
1 234321 901953
2 543772
0
0
0
0
0
0
2 165098
0
1 508282 202274
0
2 740878
1 295297 385510
1 489862 650006
2 707877
1 111384 391129
1 983123 509177
0
0
1 495489 586721
2 52487
0
2 540129
2 9562
1 923118 906987
0
0
2 415597
2 874652
1 335199 352036
1 25651 697764
0
0
0
2 422449
2 491928
2 735366
0
0
2 31113
0
1 81235 730144
1 759979 800258
1 176166 347070
2 988021
1 971219 379143
1 556423 563165
2 283180
2 527463
0
1 506516 318912
0
1 739928 430537
2 320001
2 390939
0
0
2 92689
2 476860
2 638258
0
2 287589
1 757314 9696
2 991761
0
1 762328 851227
1 611327 891316
0
0
1 213980 287966
2 241547
1 578969 438778
2 953390
0
1 49906 959696
2 872248
1 476074 631727
0
2 160152
2 645986
1 276603 845281
2 236604
1 263157 702842
2 848455
2 817632
1 653609 167525
1 930429 678508
0
2 592274
2 181610
1 71122 428232
0
0
1 52199 924675
0
1 377412 223685
0
1 630697 825877
1 546688 811806
2 282759
0
1 799667 884275
0
0
0
0
0
2 370856
2 47419
0
1 678668 891838
2 291565
1 334108 856716
2 332418
2 565329
2 899366
0
1 3082 275284
2 26521
0
1 884984 926713
1 993148 990512
1 128635 107650
1 287827 526559
0
2 453509
2 511630
0
1 769419 384917
2 773544
0
0
0
2 685894
0
0
0
2 262549
0
0
1 778619 856652
0
2 624770
0
0
2 226489
0
1 198453 929516
2 943420
0
1 135069 439724
0
0
0
1 68664 377316
2 317340
0
0
2 102113
2 698948
0
0
0
2 518337
2 263261
1 203695 235534
0
1 31656 835361
0
0
1 127145 756460
2 963207
0
1 217369 840088
2 699468
2 563799
1 77064 307528
2 766822
1 962187 495472
2 64576
1 718426 52662
2 615842
0
0
2 3455
2 923971
2 584907
0
2 891466
0
2 401846
0
2 681142
0
1 437783 190727
1 472977 531930
0
2 923227
1 710291 661106
0
2 996622
2 50036
1 523004 253052
1 25780 953113
1 125193 128397
1 2360 886575
2 688635
2 820587
0
1 681837 363375
0
0
0
0
0
0
1 193584 112773
0
2 48608
0
0
0
0
1 375081 785076
1 751551 718365
0
2 172004
1 485824 375767
0
0
2 670803
1 313988 796620
0
0
1 771417 78212
0
0
1 898512 383617
2 301142
1 954166 14428
0
2 277756
0
0
0
2 343395
1 934705 123919
2 102373
2 779694
1 688276 187396
1 131589 909735
2 629798
1 140480 580429
1 108069 365951
2 801242
0
0
2 611082
1 98893 440045
2 272613
2 396146
0
1 949302 217076
1 701000 657429
2 536013
2 62262
1 730154 249262
1 327771 291717
1 254729 712790
0
2 702247
2 899393
2 528601
1 225190 117288
0
2 281656
1 917078 487923
1 780055 86544
2 685228
2 430144
0
2 52263
1 959026 727249
0
1 140863 463443
0
2 193272
1 99484 807460
2 315066
1 887616 499933
2 234988
1 159058 211337
1 17399 530724
0
0
2 939260
2 237401
0
2 346341
2 938996
2 614778
2 487352
2 687095
2 864112
1 779612 158189
1 336312 629249
2 826419
1 545299 84970
1 604979 779873
0
1 913236 562243
2 464710
0
2 289113
0
2 263259
0
0
1 8975 230230
1 994331 414849
1 988842 110717
1 731708 913402
0
1 782869 962472
1 299011 861582
1 521675 129095
2 51436
2 375440
2 358382
0
1 857435 256907
2 182051
1 863902 271695
1 792035 859845
1 556284 56085
1 597144 54680
2 874524
1 766831 420154
0
2 289615
2 420829
1 778239 754941
1 70635 61975
1 361136 93452
0
2 46594
2 109388
1 587958 154497
2 231576
0
0
1 886858 13754
1 666369 799115
0
2 815117
2 144209
0
2 543636
0
2 411337
2 205447
1 796972 72814
0
0
2 616881
0
0
2 477127
2 762451
1 91469 490989
2 637617
2 267276
2 706176
1 635547 92512
0
2 16800
1 537997 377927
1 317774 82416
1 462757 886748
2 4123
1 726736 928461
1 820700 955428
1 151633 135727
2 368082
0
0
1 872125 918276
1 298883 126929
1 270098 179705
1 92768 250020
0
2 972833
0
2 762701
2 613629
1 339174 393881
2 336629
2 541962
0
1 529598 83074
0
1 560843 261395
2 711951
0
2 355997
2 40233
1 512612 980968
1 168204 675710
0
0
2 15819
0
2 193822
1 940658 543975
0
0
2 579612
2 788162
0
2 656633
2 706057
1 424189 61533
2 870202
0
2 925622
1 231524 139859
0
0
2 958157
2 262627
0
0
1 766083 647628
2 197640
1 227675 442935
0
0
1 489443 629956
1 14526 157991
2 227808
2 604600
1 212214 663274
0
2 152311
0
2 287558
2 570984
0
1 716264 942719
1 634861 398712
1 489812 679988
2 871904
2 766746
2 149695
2 1434
2 373767
2 157289
2 44572
0
1 788854 287091
2 616930
1 990493 838926
2 432133
1 664523 730607
0
2 316877
1 108211 465495
0
1 309592 312314
0
0
1 305 354024
2 199182
1 486844 299701
1 501655 286505
0
2 442848
2 110973
2 796104
2 267362
1 970703 717340
2 178199
2 535852
2 497636
2 130378
2 279355
2 716226
2 672920
0
0
2 206487
1 429128 126934
1 717915 979573
0
1 47095 20593
0
1 95383 685604
2 519907
1 969204 908593
1 261829 543169
2 49751
1 654442 407688
2 920801
0
1 502523 785303
1 404365 418573
2 203871
0
2 952644
2 58169
0
1 144753 425879
2 962483
2 507121
0
0
0
2 364268
2 898739
2 889715
0
1 962201 520676
1 720650 931156
0
1 86324 858102
0
0
2 870048
2 348848
2 37294
0
0
1 862862 785451
1 830530 738646
0
0
2 218272
0
0
2 98810
0
2 794209
0
0
2 875846
0
2 811385
0
0
2 418805
1 433155 76827
1 414797 33271
2 725768
2 820583
0
2 48533
2 994748
1 838551 418975
2 156192
1 254942 755976
1 716750 502186
2 21017
2 315253
0
2 443667
1 978346 832197
0
0
1 694385 741697
2 720857
2 311208
0
1 435180 140802
0
0
0
1 557634 493745
2 563094
0
0
1 423520 875761
1 570245 824633
0
1 225461 464966
2 823528
1 25060 974136
1 265365 786205
2 733970
0
1 850374 14477
0
2 208036
2 639637
2 689135
1 406261 464607
1 119385 340705
2 74872
1 978135 55486
0
0
2 398736
1 605670 378417
1 34401 290453
0
1 489814 576884
1 562209 293073
0
0
0
2 782697
2 481384
1 447074 623850
1 670708 465763
0
2 558680
0
2 616956
0
2 136287
1 297678 362507
2 652090
2 57240
2 179839
2 981573
2 446022
0
0
1 13074 176945
0
1 319690 821382
1 54723 936726
2 216703
2 307268
0
0
1 366677 983618
1 795987 192011
0
1 967064 67340
1 399467 63739
0
1 595608 879699
2 213475
2 416198
2 327280
2 342903
0
1 249657 24595
2 230732
1 456858 275188
1 980648 734823
0
2 724546
2 332509
2 769277
2 71503
1 639261 453058
1 27855 534114
2 765595
0
0
1 237216 58447
0
0
1 598940 448756
2 719864
0
2 523527
2 844323
1 357032 225073
2 981769
0
2 707604
0
1 611418 150389
1 980537 813379
1 225180 971268
0
2 483291
2 142780
1 318705 502902
2 866118
2 43417
1 192365 531982
2 68843
1 954843 249075
2 644839
0
1 921012 554181
1 332575 113631
2 255212
2 305437
1 804649 277224
1 789704 732499
0
2 814991
2 165520
2 686953
1 443316 52704
0
2 21989
0
0
2 861313
2 646038
1 547970 34668
1 988970 169485
0
1 661192 507082
1 304376 372713
2 386167
1 674105 349759
2 669295
1 855351 684631
1 112365 454583
0
2 590626
0
0
2 749071
0
0
1 848813 104898
1 386369 209424
2 270376
1 525433 897609
2 324686
0
0
1 314846 273832
0
0
2 777889
0
0
0
0
0
1 232417 644153
2 9374
1 264418 548368
2 543834
0
2 135383
1 358660 84747
0
1 5182 95879
1 736019 398527
1 510524 389646
1 653280 204156
0
1 177962 526554
2 380834
1 300157 93596
1 622072 502752
2 450440
1 117482 838969
2 633372
0
0
0
1 832771 118983
1 589266 866251
2 503579
0
1 196513 783996
2 151523
0
2 606914
2 925322
0
1 967321 43685
0
1 264983 212235
2 616135
1 787741 495565
0
1 346710 82394
2 687055
2 459266
1 260506 636070
0
1 650755 676781
1 649561 515296
0
0
0
1 403389 967303
0
0
2 807690
2 401057
2 65879
2 801302
0
1 106904 639278
1 588833 995540
1 934927 965002
0
2 228945
0
0
1 629868 172990
1 34728 288259
2 95182
0
0
0
1 427793 500335
2 759256
1 150657 343607
1 695770 11430
1 583687 652399
2 202640
2 734645
2 523945
1 574740 22860
2 901601
1 708825 709194
0
1 384288 948612
1 929970 898422
2 902888
0
2 650828
0
1 724183 879763
2 964527
1 323749 131453
1 276565 397872
1 482430 708426
2 378729
0
2 723374
1 725232 876623
2 22088
2 581782
0
0
0
0
2 599137
0
1 402123 703864
0
2 541689
1 60329 959917
1 447067 139327
1 976693 577701
0
2 115120
1 998291 318341
2 533013
0
2 508693
1 157133 125273
0
1 782018 741214
1 955991 499086
0
0
2 404237
1 444533 189368
1 107042 56392
1 461105 646667
1 326663 656047
1 819260 697802
0
1 183830 216831
2 840509
2 578929
2 421816
1 574966 602574
1 521009 610112
1 303680 780088
1 524339 654472
1 29386 600448
1 703274 520724
1 761931 678143
1 831502 530280
1 556992 461658
2 128506
0
1 22722 831097
1 597150 413876
1 386063 927640
1 674294 786934
1 235247 334593
1 738792 860117
2 321469
1 783271 909388
1 945787 380437
0
1 983381 178546
2 697861
1 687581 596944
2 615227
0
0
0
0
2 679243
2 573247
1 463900 958821
0
1 630759 644374
1 847945 306300
1 85975 164585
1 596979 190229
2 305087
2 148790
2 354793
1 972705 396823
1 439567 252624
2 255324
2 384086
2 153060
2 948104
0
1 956260 452438
0
0
2 61985
2 8215
1 738431 546919
2 164491
2 448443
0
0
2 63584
0
0
2 774309
0
0
1 110995 70246
0
0
2 482008
0
0
2 407940
0
2 17746
0
1 149395 646433
1 836727 481456
2 747228
0
2 712345
1 374951 723541
0
1 668164 79633
1 636803 679482
1 533749 778690
1 300026 383175
2 738541
1 737576 787738
0
2 57074
1 750516 715493
2 330988
0
2 717904
1 337735 196861
1 415233 955295
1 431869 195256
2 2891
1 469299 959608
1 100483 759160
2 441607
0
1 225808 919720
1 875345 570108
2 585435
1 414218 837019
2 263030
1 601762 764756
0
2 989343
2 529364
1 66845 335799
2 753421
2 624954
1 888342 137279
2 618036
1 941010 769373
0
2 416452
2 487531
0
1 322942 922194
2 767077
2 370081
2 557137
0
2 931165
0
0
2 363387
2 362280
0
2 494394
2 484384
0
2 143027
1 232624 184881
2 101609
1 626210 753839
1 889194 170905
2 967342
2 865676
1 125401 624386
0
0
2 486709
0
1 40637 411336
2 208975
0
1 889240 583868
1 144306 772312
1 873246 6245
2 302922
2 659459
1 233287 725679
1 353981 774851
1 675935 938915
0
2 999375
2 579918
1 310378 242362
2 275750
0
0
1 706450 396966
2 528804
2 320829
0
0
1 663685 300548
0
2 381499
2 935349
2 103335
1 949638 348438
2 581692
2 49628
0
0
0
0
0
1 791030 528137
0
0
2 910061
1 672247 700430
2 750554
0
0
1 693975 575163
1 841917 935105
1 819306 148468
0
2 511855
2 667665
0
0
1 667470 999542
2 602794
2 491050
0
0
0
0
0
0
1 498541 495498
2 13980
2 745748
0
0
2 252745
1 41377 530357
1 469690 918673
1 624606 654259
1 672180 111263
1 214659 133445
0
2 953758
2 959834
2 839575
0
0
2 607603
2 271189
0
2 91688
1 444441 51163
1 78486 946521
2 557314
1 886819 338594
1 973425 461031
0
0
0
2 607419
0
2 208005
1 921553 416776
0
0
2 130698
0
2 421307
1 741732 855500
1 385322 624930
1 500001 189496
2 46554
0
0
1 15658 273142
1 203970 820516
2 487012
2 348654
1 904599 175109
2 302884
0
2 6246
2 4051
1 937343 648527
1 882072 345472
2 484188
1 679581 598857
0
0
2 255152
2 924789
2 910555
0
2 929963
1 98908 863332
0
0
0
2 546855
1 740924 66451
0
2 34762
1 116075 843920
0
0
0
0
1 330572 977592
2 896059
1 241801 987064
1 341280 295132
0
2 419338
0
2 206279
0
0
2 640942
0
2 584569
2 500968
0
0
0
0
0
0
1 6607 89647
1 62676 236776
1 892253 304815
2 980613
2 213191
1 787520 821956
1 976588 939924
2 79959
1 894950 888523
1 401503 189225
2 117833
0
0
0
2 567810
2 365372
1 430560 627692
0
0
2 688821
2 26122
1 999747 256620
2 214519
0
1 568607 203987
1 516812 282448
0
2 213676
1 464139 507319
1 799741 340141
2 211988
1 435982 242225
2 983514
2 642759
0
1 267731 222699
1 291275 147210
0
1 233638 167443
2 585754
1 16272 236130
0
1 401176 192658
2 635010
0
2 639968
0
2 147529
1 191318 174097
0
1 847070 923889
2 778206
2 114908
1 937040 769156
1 757499 820827
1 285490 64867
1 927972 402048
1 980985 921511
1 384039 461307
0
0
1 787064 724033
2 485588
0
1 288893 512739
0
1 585726 144992
1 75576 242971
1 588598 360235
2 938178
2 183497
1 456381 817289
1 85353 180046
1 261481 570290
1 150817 309621
1 31417 870408
2 860503
2 755019
2 725032
0
2 788138
2 896273
0
0
2 373566
1 91408 157420
1 422566 198190
0
2 287105
2 19023
1 282878 374307
1 950044 712984
1 540304 533179
1 734138 400632
0
1 149329 168066
1 349743 359285
2 49190
2 824847
1 349406 712783
0
1 407128 475452
0
1 26929 469604
2 747989
1 574733 651879
1 424351 932650
2 28186
0
2 125179
0
2 463978
0
2 952670
0
0
2 623324
2 537057
0
1 937555 891002
0
0
2 19128
1 702757 461409
0
0
0
0
1 991906 169705
0
1 243879 959286
0
0
2 91324
2 640129
0
0
1 744237 794950
2 440514
1 658053 733074
1 117471 124720
0
2 389048
1 669140 45694
0
2 284109
2 370267
0
0
1 223388 427848
2 729222
0
1 40409 97508
2 307247
0
0
2 276653
0
2 855028
1 148696 140209
2 673377
2 361436
1 889577 790139
2 360335
1 960469 563820
2 444104
0
1 827598 799130
2 985256
1 270185 864664
1 660268 668223
2 575472
1 295274 661870
1 61000 603968
2 250444
2 682154
2 273069
2 900084
1 103077 963868
1 382627 271067
0
0
2 557034
0
1 915104 51962
1 784717 645705
0
2 671561
2 158119
1 258161 304959
2 955963
2 751185
2 247341
1 26142 776527
0
1 509446 46006
1 276853 672406
0
2 770651
2 191917
2 131782
0
2 602536
0
1 23019 400300
0
2 680900
0
2 452242
1 913868 46929
2 116571
0
2 554605
1 636580 555481
2 239700
0
1 787170 540706
1 613166 664195
1 888051 615431
0
0
2 632346
0
0
0
1 574900 552258
1 316779 594415
1 541392 25524
0
2 409540
0
1 126433 715294
2 775945
1 335958 894449
1 789520 777950
0
2 9974
2 730450
2 948351
1 371457 374256
0
2 657586
1 326488 724689
2 882885
1 91349 439426
0
1 181244 891616
0
1 867597 369709
0
0
1 121736 953993
2 678157
1 882608 295786
2 632419
0
0
0
0
2 28562
0
2 698925
0
2 400564
1 869242 858561
2 771918
2 314571
0
2 488886
0
2 171126
0
2 223913
1 129056 860317
1 177375 560170
2 682162
2 25803
0
2 978565
2 491930
2 311012
0
1 609278 28660
0
2 887508
0
0
1 753735 757243
1 938211 632682
2 215391
2 65350
0
0
2 181346
0
1 127061 290247
1 581263 640774
0
1 418403 205637
0
2 620286
1 44187 96508
1 94512 606964
1 703764 67960
1 424777 764669
2 726647
0
0
2 449133
2 538342
1 390685 900128
2 66372
1 920808 580436
0
1 980475 579498
0
1 586430 705567
2 772866
1 469110 909147
0
0
1 974100 875618
2 375219
0
1 836172 943725
1 569947 810097
2 584221
2 762186
1 556164 362997
0
2 26707
2 825030
0
1 440479 41846
1 782597 989080
1 464060 708641
0
2 674690
2 871172
0
1 367142 827261
0
2 763919
2 538054
0
2 160636
0
0
0
0
0
2 498100
1 786297 798788
1 877509 937605
1 342952 475424
1 603255 515854
0
0
0
0
1 129088 249292
1 237622 23261
1 635341 244112
2 580127
1 38219 73767
2 180095
0
1 77276 831769
0
0
0
1 269833 255502
2 210072
0
2 958876
1 872221 694890
2 126721
0
1 757541 462772
1 350343 586185
1 815590 999349
0
0
2 47669
0
1 976188 572514
0
2 11930
0
2 126184
0
0
1 846067 962439
1 937836 475844
0
2 625767
1 30860 75315
0
1 273743 272822
1 147868 190380
0
0
0
2 89715
2 586257
0
1 35144 613928
0
1 88688 979318
0
1 681077 859352
2 851567
0
2 185380
0
1 497958 764422
0
2 177740
1 186789 280212
0
0
1 822553 916331
1 908921 908362
1 126466 50278
2 892155
2 519753
1 244244 742604
0
1 565428 6541
1 165392 930547
1 832389 179132
1 588172 207686
0
2 496208
1 584653 583779
1 651920 691934
1 116732 988359
2 918571
0
1 442237 480449
2 808630
2 924950
0
1 221245 233327
2 801926
1 187412 211728
1 802597 649831
2 623822
1 148831 786685
0
0
2 509371
2 870425
1 225477 111149
2 254871
2 310788
0
1 903200 206529
1 755928 456976
0
2 695727
2 644359
2 788843
1 974629 757651
2 794118
1 747419 515739
0
0
1 135071 241608
1 319879 385099
1 959702 825321
1 85315 367312
1 567827 59033
1 887365 893165
2 892277
2 331039
1 133901 707082
2 507973
1 795178 76022
1 737700 187378
0
2 522774
1 536810 699681
2 134454
1 454171 217718
0
0
0
1 676577 153441
1 968191 133956
2 585637
0
0
2 247828
2 874785
0
2 333422
0
0
1 542212 106309
1 177651 848857
2 439467
1 1060 113190
2 603932
1 930491 931719
1 261626 243829
2 89447
0
1 594025 865740
0
1 177045 33924
0
1 759461 995268
2 251092
0
1 301100 955533
2 517113
1 118316 19313
2 738796
1 217631 856846
0
2 745527
2 438220
2 690940
1 364175 644112
2 659431
1 659196 493075
0
0
0
2 588167
1 506418 439514
0
0
1 169274 114338
1 23920 927817
0
2 561449
0
0
0
1 196454 920887
2 265186
0
0
1 877844 829105
2 387780
0
1 666654 318788
0
2 732545
1 13242 900393
0
0
2 314755
0
1 85944 678531
1 74629 812985
0
0
2 377023
0
1 886004 689122
2 764297
2 259971
0
2 779841
1 579613 361824
1 940689 41138
0
1 670694 398494
0
2 331494
0
2 797777
2 706520
0
0
2 185215
1 281410 909333
2 680039
2 27031
2 201099
1 319614 753171
2 590181
2 642648
0
1 771464 525323
1 638830 921253
2 394747
2 839831
0
0
1 121610 303499
0
0
2 816090
2 264513
2 243712
2 63430
1 764851 983219
0
0
0
2 437598
0
1 515045 211233
2 764228
1 276694 311767
2 183065
2 102642
1 404859 150580
1 371932 967562
1 14255 760828
2 535899
1 104320 34908
0
1 129858 605881
2 233798
2 924052
2 447908
0
2 593188
2 961896
0
1 66105 70071
1 3751 443183
1 745009 428097
0
1 272187 206380
0
2 661663
1 480582 952409
0
1 812164 757504
1 719316 729480
1 281208 382111
0
2 870364
2 932428
0
0
1 239257 262410
1 365805 926976
0
1 104785 385671
1 277325 958018
2 784819
2 872730
0
1 677730 730243
2 246585
2 246819
0
2 598794
2 128479
2 846175
1 365411 581751
2 137740
1 823750 240786
2 629349
0
0
1 311448 224949
1 462673 363135
2 842782
2 532769
1 783442 901683
1 222054 725768
0
0
0
1 868441 808910
0
0
0
2 667329
2 362749
2 635982
2 23086
1 641413 157037
1 141028 542459
1 448656 746098
2 41
1 183414 270462
0
1 319286 418883
0
1 290242 896027
0
0
1 702586 566244
2 144628
0
0
0
2 2363
2 340489
0
1 663778 548608
2 339650
0
0
1 540983 876328
0
1 885962 476655
2 343415
1 289697 409961
0
2 707926
2 41099
2 57827
0
2 450864
1 201875 6938
2 883293
1 88148 500431
0
0
0
0
0
2 208811
1 373639 787482
0
0
2 158638
0
2 683278
1 364390 779351
1 288605 942057
1 212854 59224
1 823695 238160
2 721170
2 518945
0
2 111356
0
1 100344 91127
0
1 996562 35755
0
0
1 133717 40157
0
0
0
1 850258 633490
1 307161 605288
1 403265 446842
1 389249 278443
0
1 759032 906315
2 776425
2 356408
2 898259
2 448268
0
1 286355 456707
1 387689 326126
1 124336 543673
0
1 964773 221122
2 930529
2 642104
0
0
0
1 369601 655009
2 730042
1 226012 359036
1 845289 43084
2 668810
1 226116 648201
1 915322 830522
0
0
1 59083 496273
1 355331 564189
0
2 163382
2 392176
1 907489 581154
0
1 937676 623323
1 954285 228300
2 645114
1 688511 125865
0
2 142260
2 600592
2 444715
2 508855
0
1 514283 932211
1 239246 450333
2 22169
2 815007
0
1 736720 843646
2 320705
1 588265 930660
2 752404
2 556001
2 328586
1 821253 806304
2 635683
1 760562 611744
0
0
1 451604 829149
2 26060
1 596783 811279
0
0
1 496283 912586
2 919522
0
0
2 822029
0
2 692065
1 48844 843963
1 168643 774589
0
1 371256 421446
2 864163
2 991350
1 371793 411701
2 563479
1 957417 575475
1 593654 485445
2 956504
0
1 953233 320707
1 164635 202986
1 184668 131528
2 463508
0
1 863571 634011
2 116746
1 278283 546171
2 433873
1 802872 636155
1 704948 923698
0
1 356603 67207
2 539630
1 216015 240576
1 969301 997907
0
0
0
2 582047
2 420485
0
2 904057
0
0
0
2 304695
2 637337
0
0
0
2 197868
1 943880 423128
0
2 775762
0
1 403807 699326
2 270038
1 843280 200790
2 864750
0
0
0
2 528081
2 59085
1 847279 982141
2 51948
2 419619
0
1 326275 690676
1 643978 107151
2 146246
2 522673
0
0
0
0
1 346507 722890
2 935151
0
0
2 879358
2 276578
0
0
1 446795 963454
2 738528
0
1 612886 169864
1 462032 114872
1 569145 721881
1 431565 234019
2 511079
2 989784
2 654835
0
2 70904
2 549152
2 286544
0
0
2 576222
2 893790
1 198837 361676
1 277759 956832
0
0
2 72980
0
0
2 231898
2 997461
0
0
2 452104
2 238454
2 618337
2 598546
0
1 602025 690891
0
1 473165 791786
0
1 733273 956432
1 188917 973729
0
2 297645
0
1 436412 1016
2 384460
1 270642 190198
2 162917
0
1 497363 534296
0
1 156867 444148
0
1 102505 293261
2 709093
1 662686 575238
1 84069 278612
0
2 422633
0
2 754362
2 654985
1 576355 995882
0
1 180694 629335
0
1 866860 759742
2 766200
2 423218
1 53336 717556
1 569848 846162
0
0
2 694216
0
2 538831
2 92594
1 102984 554110
2 388348
2 727352
2 460616
1 146408 379557
2 91797
2 557491
1 701180 786354
1 918733 955978
2 733007
0
0
0
0
2 248535
2 970078
2 443687
1 128680 578536
2 630028
1 276472 749055
1 862610 304458
0
2 89112
0
0
1 212042 300927
0
1 448484 592732
1 809514 631864
2 402204
1 487179 412543
1 381967 553379
2 31714
2 625325
2 323937
2 817330
1 508730 646427
2 925071
1 812653 203493
0
1 534482 902875
1 598134 613780
0
2 47943
2 303424
1 450816 944128
0
1 106818 62157
0
2 886748
2 669475
1 838159 705190
0
1 908289 937374
0
0
2 336462
1 874625 134318
2 6686
1 992417 794592
2 946458
2 204619
0
2 410056
1 835193 501141
2 115164
0
0
1 993251 296012
0
0
1 207486 768142
0
2 94158
1 539315 923835
1 311323 273097
2 52498
1 159213 604156
0
1 915036 61392
0
1 835010 675051
1 40457 797073
0
2 371259
2 670278
0
1 580718 513327
0
2 342913
2 972418
2 701243
0
1 906199 978143
0
0
1 472160 137587
1 625292 937563
0
0
0
1 685947 180989
2 223771
2 509580
0
1 686535 480545
1 215574 757914
0
1 267468 494878
1 642932 767616
2 694343
1 722468 79499
0
1 686615 604646
0
1 256657 643028
0
0
2 267924
1 244965 332189
1 874282 904566
1 584196 607833
0
1 145534 568145
1 996504 282056
0
2 656456
0
2 182928
0
0
0
0
0
2 621314
2 662961
1 783046 548775
1 722103 373440
2 593249
1 160325 201870
2 162887
2 673011
1 970290 728245
1 381654 53512
2 59661
1 276227 905415
2 880343
0
0
0
2 670813
0
2 388508
0
1 435215 715543
2 324764
2 791904
1 187429 349213
2 424831
2 259866
1 749068 891973
0
2 239456
2 119535
1 651010 577397
1 848207 868101
0
0
1 130145 766429
1 399815 426414
0
2 149831
2 813527
1 392087 726978
2 133819
1 785056 988722
1 589047 453085
2 744829
1 675885 847569
1 948823 10882
1 416165 560350
1 131642 592720
0
2 255307
1 758229 748609
1 143508 66050
2 926991
1 800278 350489
0
0
1 398482 47729
0
1 707925 307708
0
0
2 101918
2 2672
2 492238
2 426139
0
2 590644
0
1 174719 704619
1 715053 60411
2 924220
1 21106 496227
1 445337 357630
2 523409
2 701608
2 585121
1 711765 413316
1 745406 42140
0
2 785264
0
1 789415 165699
2 957028
2 270125
0
1 818072 728203
1 590892 74122
1 880361 797156
2 423714
0
0
2 109269
0
0
0
1 874371 255086
2 430564
0
2 504515
0
0
0
0
2 504825
1 931063 613993
1 468192 10963
0
1 908414 931576
2 404480
2 113684
1 359802 253685
1 917696 300640
2 687959
0
2 50113
1 887343 978350
2 833905
2 490928
1 736151 876711
1 858557 249251
2 623215
2 868639
1 798001 753064
0
0
1 569133 153382
0
2 879997
2 726439
1 427923 476897
1 965549 644344
0
2 934054
2 428957
2 597583
1 923599 921712
0
1 83661 587275
1 866543 903365
1 285621 936968
1 788399 918327
1 252673 803895
0
2 699837
0
2 70163
2 722545
1 843937 257987
0
2 95082
0
1 308099 109863
2 385306
1 944794 425316
1 447490 711832
0
1 75896 779658
1 294841 805560
1 533287 800056
1 18690 398371
2 395199
2 559343
0
1 691967 619464
0
0
2 899495
1 954987 474782
2 303020
2 497594
0
1 786668 206794
1 379746 997319
1 486457 855010
1 222737 591308
0
2 717284
1 968602 392756
2 96165
0
2 398683
1 619423 333008
1 106839 898302
1 376222 825782
0
2 385824
0
1 885798 203241
0
1 31447 171521
0
0
1 551531 749865
1 626847 327257
2 696214
1 988852 574591
2 433824
1 474221 149290
2 539496
2 629641
1 93176 255239
1 885676 336783
0
1 173076 920718
2 157451
2 453443
0
2 741468
2 102013
0
0
1 315481 564291
1 970303 287111
0
1 395087 990156
0
2 408372
1 172162 559812
2 844143
0
0
2 693018
0
1 740516 801715
1 252310 111913
0
1 677849 942070
2 392259
0
0
0
1 161984 827022
0
0
2 631125
1 335263 314912
1 296626 142266
0
2 899829
2 253986
0
0
0
2 581745
0
0
1 178764 510732
0
2 151729
0
2 141669
0
1 729191 619992
1 359892 566232
0
0
2 779774
1 798033 181696
0
1 283157 989370
0
1 706761 729292
2 328262
1 549862 827387
0
2 293723
0
1 683020 627837
1 628293 861769
2 949366
1 589403 852562
2 693752
0
2 401400
0
0
1 102706 735903
1 414656 322089
1 186838 812101
2 740623
0
2 110712
1 690781 109522
2 478476
2 741866
2 323055
2 991211
0
1 263382 113274
0
0
0
1 554173 422982
1 808508 253415
1 739784 466410
0
0
2 438713
1 576561 632570
1 767991 232112
2 108437
0
1 296400 356163
2 678386
1 985721 402991
2 752328
2 245838
0
2 680243
2 7587
1 210575 473129
2 926027
0
2 681274
1 126210 44923
0
1 152922 154368
2 175428
0
0
2 151151
1 859488 821043
0
2 25610
1 226409 133354
0
0
0
2 191481
2 999267
0
2 149696
1 296148 625566
1 290158 394728
2 903355
0
2 983119
0
2 583298
0
2 102525
1 576350 582682
0
0
1 158913 122145
0
2 510886
2 324449
2 41923
0
2 61152
0
1 407060 408373
0
0
1 876158 755165
1 779125 420532
1 659606 731826
1 663454 350091
1 332761 120419
1 346501 219523
1 719858 652816
1 832862 731118
0
2 403682
0
2 30333
1 689586 315803
1 53480 814108
1 974903 876354
2 290745
1 319660 844266
0
1 972864 469303
2 426898
0
0
0
2 849761
0
1 750276 374990
2 301221
1 876320 177971
0
1 474227 542290
2 918535
0
0
2 513424
1 908152 730356
2 674206
0
0
2 825158
0
0
1 962645 613042
1 840071 409397
0
1 352546 991370
2 855009
0
1 343269 83628
2 397188
0
0
2 638383
2 852478
1 691026 647188
2 591322
1 386254 707034
2 732181
2 188978
2 551174
0
1 566991 182856
1 379259 722184
2 796758
0
1 794698 112131
0
2 712573
2 223786
0
2 77207
0
0
0
2 599480
2 619399
2 156774
0
2 75437
2 854602
2 219424
2 213874
2 82804
1 872277 875612
0
2 816919
1 91055 807938
1 783048 768998
2 260661
2 319334
2 282807
1 431207 398004
1 671661 515560
1 676696 145424
0
0
2 375883
2 481112
1 141493 773324
0
0
2 33954
1 934184 604477
1 362375 575108
2 824329
2 921236
2 112526
2 860933
0
2 644478
2 305389
0
0
1 552262 74849
1 336928 32792
0
1 274382 992480
1 748062 384898
0
1 706288 776872
0
0
1 234303 411797
0
0
1 542359 730019
2 255625
1 904049 910476
0
2 3878
1 787342 440352
2 893622
2 902466
2 234403
2 540696
1 236607 24660
1 568216 378201
2 390221
2 77045
1 728501 994557
2 35889
0
0
1 528875 508702
2 479430
1 408270 755706
0
2 905667
0
0
2 456283
1 753691 852806
1 802356 220369
0
1 482896 874650
2 856044
2 244806
1 11731 754105
1 604428 267303
2 34837
1 515929 960726
1 784217 473665
0
2 185124
2 733746
2 454777
0
1 723094 460417
0
0
1 607982 209578
2 619185
2 350271
2 24476
0
2 556194
2 489746
0
0
1 531686 221136
2 577824
0
2 738103
2 676499
2 265852
0
1 695571 162916
1 317629 868133
0
1 285771 366188
2 942503
1 21920 256256
1 62036 732028
0
2 311546
2 816371
0
1 820568 215904
2 597797
2 355977
0
2 96714
1 913050 959930
2 238469
1 750806 636128
1 70737 32507
1 425227 492189
0
0
2 86957
2 812909
0
0
2 890058
2 906930
1 327879 650460
0
0
2 9716
2 783896
2 659830
1 190124 600158
2 191968
2 183498
2 118229
0
0
1 90377 362249
1 513803 797211
0
2 690863
2 443021
0
0
2 57630
0
0
0
1 155099 246745
0
2 64047
1 937884 871736
2 792047
0
0
2 769327
1 970868 601489
0
2 180007
1 617802 162792
2 132784
1 19637 861726
2 380425
0
2 621030
1 597437 481364
0
2 710963
2 224479
1 837288 361249
2 964439
0
2 716892
1 546685 280092
1 38774 90260
0
2 108025
0
0
2 154695
0
1 563104 188507
0
1 143166 874592
0
0
2 780486
1 485539 732317
1 297196 642229
2 382032
1 303358 737696
0
2 344760
0
2 434603
1 663703 535702
0
1 218157 81915
0
1 441914 419284
2 130909
1 785882 937277
0
0
2 664062
0
2 492064
2 707101
2 84138
1 110815 815926
0
1 651884 534413
0
1 789093 937761
0
2 997226
0
1 920420 963932
1 447133 389929
0
1 412642 944159
2 577884
2 383605
2 794835
2 573359
0
0
2 817438
2 391299
2 945187
2 254691
2 590101
2 617843
2 867849
2 509256
2 541311
0
1 581627 135209
0
1 914785 885229
2 551756
2 786823
1 219541 65184
0
1 601360 978337
0
2 776975
1 793599 983398
0
2 543169
1 156439 69170
2 576542
1 516137 546204
1 32913 861476
2 449686
1 257976 903860
0
0
0
2 910891
0
2 198628
0
0
2 173625
1 898514 222648
1 606214 110409
0
1 745233 820960
1 42050 43896
2 403292
1 710622 485700
0
2 633122
0
0
2 276509
2 230654
2 330804
0
0
0
2 702731
1 52546 561568
2 290854
2 393797
2 928928
1 318420 363704
0
2 36803
0
0
0
1 469225 43711
1 40286 188520
0
0
0
0
2 522084
1 227744 755768
0
2 734832
1 158029 311464
2 813606
0
2 448997
0
1 402482 493342
2 160856
2 123691
0
0
1 638050 665438
2 112270
0
0
2 922059
1 637940 751131
2 889574
2 599175
1 941292 819281
2 301703
0
2 612999
1 728080 704818
2 177537
2 659339
2 832143
0
2 275051
2 371478
2 223191
2 248782
2 256890
2 201113
1 80851 249197
2 682644
1 880300 51116
2 180991
2 937938
2 189525
1 76396 843694
2 46597
2 796337
1 259874 488030
1 486536 426266
2 602710
0
2 909600
2 628808
2 526642
2 119961
0
2 704688
2 878004
1 83002 875802
2 217862
2 132634
1 945079 691700
2 530141
0
0
2 161149
2 489848
1 798790 441310
1 759307 779876
1 861915 549994
0
2 391423
2 149433
0
2 560279
1 626291 639175
2 425689
2 764107
0
2 685853
1 218739 298542
0
1 391678 243678
1 512007 403269
2 661010
1 446061 510386
0
2 991234
0
2 802621
0
2 299013
1 850288 1957
1 466694 660537
0
2 833776
1 422008 189892
1 773595 353850
1 486863 33947
1 734631 750640
1 275271 968805
0
1 240287 521783
1 841873 152410
1 675506 404642
1 396391 55749
1 348077 161533
2 430999
0
1 957868 563174
2 738764
2 193901
2 512385
1 941877 875562
0
0
1 306607 173800
1 506110 396093
2 194375
1 522838 256263
0
2 792528
2 280770
1 608605 269069
1 576862 265910
0
2 600400
1 838166 903112
2 266548
2 423607
0
0
2 947540
2 165206
0
0
2 282178
0
1 32403 192798
0
1 961560 773619
2 152851
0
0
1 792132 47797
0
1 350697 470620
2 272312
2 48351
2 848391
1 8336 93885
1 939375 456106
1 182375 315086
1 561397 528435
0
0
2 693940
2 763631
1 715709 28951
2 216538
2 61709
1 667050 675503
2 170047
1 360402 714703
0
2 685237
2 512317
2 7067
2 36114
0
2 290175
0
1 451726 593068
2 204706
0
0
0
2 22308
0
1 840478 936298
0
0
0
0
0
0
1 263558 721307
2 232602
2 403822
2 167896
2 886898
1 120748 683163
1 306528 228728
0
1 465593 186540
0
1 57206 700143
0
1 146797 747154
2 129395
0
2 18020
1 828838 39881
1 78828 471360
0
1 628406 335250
1 151654 962459
1 499309 616343
0
1 756777 107141
0
2 649284
1 42156 177393
0
2 524745
2 497876
1 37188 45018
2 981130
1 701853 712608
1 575837 754696
2 193337
1 655495 872719
1 213616 434254
2 444625
0
2 638824
2 787015
2 694206
2 704204
0
0
1 966743 940561
0
1 532992 226885
1 956216 417115
1 678644 616200
2 374867
1 880361 579747
0
1 872310 417486
1 520174 797228
2 429072
0
0
0
2 647383
2 58659
2 245974
0
0
0
2 676213
2 374984
0
2 692741
2 290130
1 729536 232315
0
2 977268
2 74847
1 12939 171171
0
2 445786
0
1 996005 834064
1 519587 225395
1 485412 412843
2 99009
1 362795 56316
2 982988
1 847292 995825
1 178896 768735
0
0
2 370023
1 294532 444403
0
0
0
1 181099 535254
1 184038 704235
2 353246
2 782968
2 700495
2 299772
1 149430 867204
2 293337
2 489648
1 782307 568569
1 892004 700166
2 302567
2 766220
1 644564 252411
0
0
0
0
2 213027
2 921315
0
0
2 571588
1 358210 423004
0
1 978401 430524
0
1 374919 694227
1 505057 549118
2 417900
1 496708 813288
2 146953
1 525709 690725
0
1 925306 155436
1 595928 490362
1 85116 74163
0
0
2 870689
1 375834 983935
1 668506 394225
2 3695
2 327403
1 84205 190790
2 41722
1 788121 134491
2 493765
1 757214 134721
1 786192 566393
2 706383
1 629073 85998
1 647005 341611
2 888596
1 874079 209883
0
2 434275
2 464830
0
2 405993
2 458588
0
0
2 684137
0
1 653003 214526
2 587017
0
2 725982
2 473259
1 684717 90393
0
2 731028
0
1 584724 818439
1 761593 188252
1 767618 276116
1 940633 368594
1 625932 411362
2 456190
0
0
2 554788
2 723098
2 980
2 850908
0
1 978777 291567
0
2 991144
1 54560 219206
2 839756
0
1 78512 918711
0
0
2 335301
0
1 169255 541438
1 535929 803741
2 199441
1 37199 204889
1 973456 472667
1 81359 153345
2 722760
2 19824
1 142031 669629
1 856692 652441
1 424712 91471
1 168150 804654
2 304505
0
2 49912
2 155774
1 460704 33751
0
2 423677
2 204649
2 169644
1 190503 439871
0
1 291058 33043
2 595980
2 461093
2 839892
1 984011 105257
0
1 38488 916421
1 116627 459382
1 853816 806366
0
2 867525
0
1 537868 475969
2 856460
1 641223 972221
0
0
0
0
2 769693
1 64043 393932
2 112153
1 679842 38216
1 879909 845089
2 124961
2 124091
1 598897 235637
1 377926 382926
1 432472 645210
2 807428
2 736929
1 372883 82981
1 413909 125210
2 107817
1 870027 656236
1 950106 437801
0
2 974963
1 780543 554027
2 646655
0
0
0
2 290758
1 569915 660500
2 44979
0
0
2 32100
0
1 216064 510215
1 651972 509640
0
0
0
1 162511 770770
1 721556 963636
0
2 930161
2 737007
1 276629 855536
2 643197
1 241960 626778
1 207752 583071
1 662473 173890
0
2 592222
1 376383 60770
2 291826
0
0
1 625629 572013
2 57343
2 353228
1 989307 430538
0
2 840645
1 246157 30790
2 323804
2 284992
0
1 222243 923506
1 885426 689289
0
0
0
1 283972 713994
0
0
2 127038
0
2 532254
2 798505
2 672296
1 630509 403917
0
1 508831 910636
1 351875 432867
1 482675 167071
0
1 757116 391808
0
2 357078
1 840496 495792
2 6671
2 401625
1 342175 690134
1 533106 166685
0
1 771106 21395
1 87054 182774
1 803683 985968
0
0
0
0
0
0
0
1 509724 915909
1 831863 546076
1 563649 339054
1 640211 659216
0
1 880997 114921
1 94653 222985
1 911181 992957
1 39463 596842
1 747355 966735
2 608839
0
1 212428 406199
0
1 658834 944498
0
0
1 905620 156127
0
2 992963
1 885452 298703
0
1 74228 433180
2 809479
1 609397 701397
2 488943
2 173799
1 844334 4592
2 499999
2 777409
0
1 930576 539502
0
1 467150 674524
0
0
2 482513
2 714523
0
0
1 723201 380938
1 580646 747916
1 366208 487310
2 285896
0
2 749881
0
0
0
1 653306 653278
2 56869
2 268277
0
1 477680 32529
2 677295
2 783105
0
0
1 656354 239533
0
1 527898 890799
1 888959 423717
0
2 960136
1 331908 303836
2 70607
0
0
2 897396
1 212813 672223
0
2 678473
0
1 249068 679002
0
1 225084 33920
2 96447
1 929804 846545
0
1 772080 714989
1 883000 598392
0
2 595959
1 672655 403330
2 596705
1 702355 103122
0
0
2 110853
1 360708 153095
1 383300 885288
0
1 85753 683200
2 189981
1 761720 709601
0
0
1 697581 98609
2 391127
0
0
0
0
2 614493
2 339145
0
1 143655 879097
0
0
2 856288
0
1 591459 302226
0
2 939719
0
1 863907 349035
2 220555
0
0
1 300701 260181
0
1 709477 271673
1 163822 108546
0
0
0
2 464279
2 430008
0
0
1 476783 254406
0
2 541140
0
0
2 524437
2 207401
0
1 60147 170155
1 972201 663666
2 142286
1 741039 152356
1 269211 191880
1 503467 643502
0
1 9522 168126
2 720600
0
1 300821 673557
1 512502 321971
1 165083 460766
1 250833 64866
0
2 470237
1 173803 652081
2 340641
0
2 696294
2 392968
1 107694 984197
1 970285 311801
0
1 129428 522599
2 613071
1 833644 396757
1 571218 526736
0
2 763725
1 403109 852789
1 494810 434359
0
1 900971 927891
1 83484 223225
2 9687
2 368749
0
2 50271
0
1 927739 696521
0
1 143453 403547
1 549594 706456
0
2 849831
0
1 270143 168447
2 964151
0
0
0
0
1 374961 365025
0
0
0
2 925296
2 667411
2 626900
2 761762
0
2 886502
0
0
0
0
0
2 362847
2 64946
1 573068 642060
0
0
1 699038 80200
0
2 111167
2 39190
2 858233
0
2 843202
1 557072 777242
1 188738 20103
0
0
0
0
1 274388 160671
1 995717 967310
1 917970 879771
2 188777
1 938634 958188
0
1 481943 465135
2 354162
0
1 95474 240033
1 985557 353040
2 466114
0
2 433399
1 624728 337180
1 540411 618687
2 226695
0
1 836440 937560
0
0
0
1 439090 162135
1 842728 769998
0
1 8755 723748
1 927783 900948
1 159520 386698
0
2 803860
0
2 597191
2 877904
2 994096
2 372472
0
0
0
1 699643 867466
2 443146
2 321530
0
0
2 246751
2 15539
1 301729 891553
0
1 534899 369591
1 412785 484898
1 324041 634023
1 514361 560778
1 467583 354710
2 982295
2 492466
1 320924 722136
2 360729
2 264950
1 625897 695176
2 978563
1 953073 639271
0
1 375166 760787
0
0
2 829927
0
1 39013 656699
0
2 190296
1 176424 642593
0
2 349624
0
1 795204 187672
0
0
1 302106 239490
2 165655
1 616622 554052
0
0
2 512563
1 523366 683229
2 267605
0
2 84239
2 503937
1 588779 599946
1 388846 763256
0
2 957747
2 270834
1 657171 289991
2 714893
2 153842
1 223704 444563
0
2 191981
2 887961
0
1 379826 352807
2 838796
1 245428 522249
1 812913 388332
1 562328 869298
0
0
0
1 293270 361768
0
0
1 245339 775289
2 868502
1 189700 766258
1 5491 917503
2 745607
1 716648 898948
0
2 36574
1 218060 128594
0
1 501281 75047
1 811974 751646
2 181037
2 747963
0
1 30680 436108
0
1 371548 79637
1 948932 56929
1 162558 16771
0
0
2 435406
0
0
1 503948 912252
1 410958 603384
1 397510 431916
2 759242
1 150007 995524
0
2 573713
0
0
0
2 735033
2 825463
0
1 745726 526192
2 309284
0
2 902456
2 833683
2 684477
0
0
0
1 728996 431417
1 835089 996539
2 939329
2 850903
2 112309
2 878768
2 493310
1 667660 192884
1 273952 340368
1 403981 401352
2 78963
0
0
1 49562 708548
0
2 142549
2 363910
1 361345 49057
1 549171 338597
1 304244 260042
0
1 226364 938761
0
2 354004
0
1 529906 312556
0
2 113644
0
2 599882
2 875438
2 737341
0
2 781787
0
0
2 358619
1 62721 951510
0
1 110368 826065
1 238422 140789
0
0
2 642551
1 674556 654436
0
0
1 918903 634213
0
0
2 902466
1 594492 163778
1 296893 537621
2 87279
0
1 757039 986643
0
2 487515
1 875766 705201
0
2 385329
0
2 136414
2 540787
1 920797 71644
2 721977
2 276968
2 417797
1 996997 546376
0
2 631715
0
2 996663
1 630732 7804
0
2 431922
1 246893 273243
2 425084
2 570347
2 933707
0
2 853569
0
0
2 502251
2 728629
0
1 625388 747791
1 638610 501806
0
1 689372 169866
0
0
0
0
1 875212 417806
1 525272 94451
0
0
0
2 603058
2 668003
1 479132 372810
0
1 127709 487811
2 4955
1 59174 927404
1 716969 247562
2 692064
1 67304 886688
1 991345 678518
1 729828 244424
1 480717 991140
0
0
2 147333
1 82042 255771
1 447619 910895
2 71560
1 966492 496057
0
2 392030
1 145233 677651
0
2 131188
0
1 370957 268747
0
2 464205
0
1 873622 809417
1 569141 959110
2 513508
1 809120 722826
2 171220
0
0
2 992206
1 583538 922948
0
0
2 781594
2 207292
0
2 636524
2 884311
2 382625
2 536461
0
2 322082
2 726283
1 881465 719310
1 904007 493217
0
1 985981 19112
2 515442
1 344857 962302
2 32951
0
0
1 36408 709005
2 132462
2 135641
2 628990
2 821535
2 535731
2 332873
2 153422
0
2 127269
2 251459
0
0
2 423678
1 553088 888214
0
1 239223 659968
1 700965 337797
2 42597
1 321746 869363
2 466450
1 407804 435666
1 293755 841227
1 472355 226030
2 587900
0
0
0
0
0
2 350179
2 447822
1 110348 211282
0
2 601776
1 729316 213241
0
1 729246 799615
2 836670
1 104368 869774
1 632171 646029
2 443169
0
2 756219
1 345859 232167
0
1 785802 541168
1 678401 186670
2 308810
0
1 644803 558718
1 876008 786226
0
1 420374 25059
2 170481
2 109724
2 352408
1 750024 646593
0
1 855105 610120
2 868675
1 974489 253405
1 18762 138997
0
1 704557 468568
1 112119 326247
0
1 913529 91178
2 265568
0
0
1 364514 596378
0
1 414475 539003
1 970354 346767
1 475408 935238
0
2 113323
0
1 955731 472962
2 598993
2 776764
1 295685 818380
0
2 129122
0
1 262578 599474
2 109205
1 918133 783298
0
1 297211 50936
2 366089
1 87131 866241
1 243225 710485
2 382801
1 198641 987923
0
2 899409
0
1 792339 67916
1 116996 34824
0
0
2 248440
1 767966 620301
0
2 929387
2 866560
2 798305
1 18993 661650
0
2 960665
0
2 330976
2 372646
1 27628 472714
1 661772 600662
2 403482
2 82063
0
1 904208 110370
2 733118
0
2 227633
1 966935 580569
1 727084 458650
2 381692
0
2 397531
0
2 679136
2 950890
2 557718
2 20423
1 196982 784734
0
1 942728 53736
1 929595 491254
1 609972 250262
2 627960
2 120317
0
1 214517 218880
0
0
1 434556 823915
2 321326
1 53871 660054
0
2 399161
0
0
2 398803
0
2 730547
0
1 799766 602810
0
2 786456
1 589747 657809
1 642877 157988
0
0
0
0
2 344993
1 965755 602004
0
0
1 978570 520543
2 638093
2 588601
1 888660 923487
1 133680 780706
0
2 717714
0
0
2 227147
0
0
1 337972 100465
0
1 457112 697799
0
0
1 815871 883161
1 800163 313180
1 368116 883132
0
1 707574 572939
1 647353 637849
0
1 217599 639597
2 730054
2 653386
2 168491
0
1 175289 11472
0
0
2 978894
0
2 271038
1 926133 612225
1 611390 667410
2 755814
0
2 358940
0
2 232099
0
1 195474 709064
0
0
1 239440 605001
2 37996
2 413985
2 497579
1 667760 539424
1 163553 725861
1 566607 703306
2 125909
0
2 490985
1 273877 330620
2 894711
2 683190
2 837338
2 257483
0
2 367888
1 344884 691292
0
2 625663
1 577942 667956
1 51859 516051
0
0
2 945542
0
1 315341 289042
2 807935
0
1 551995 516728
0
1 461162 245456
1 198070 245955
0
2 974454
1 605173 407576
1 990703 221478
2 504208
2 805837
1 172325 514635
0
0
2 378899
0
0
2 121416
1 159796 810661
0
0
0
1 925514 520308
0
0
0
2 459522
2 69305
0
0
1 420112 650708
2 448267
2 113947
2 29884
2 72019
2 934155
0
0
1 361445 845002
2 781501
2 452268
1 469603 232713
2 269103
2 810562
1 437583 474545
2 570697
0
2 215751
0
0
1 197240 642697
0
1 778953 551901
1 126107 808316
1 677115 645488
0
2 208268
2 19142
1 204298 999549
1 230398 260317
0
0
2 461456
1 111373 576781
0
1 434102 860343
2 40426
0
2 240301
1 399267 192438
0
0
1 694962 609596
2 962386
1 913876 563971
2 123362
0
1 887016 140744
1 664427 716614
0
0
0
2 504701
0
0
1 740239 178298
2 531412
1 120530 963115
1 400086 146308
2 54007
2 358834
0
2 642837
2 442303
2 619134
2 727423
2 225540
1 996564 54222
1 18375 935130
1 376685 195617
2 430411
2 847336
0
1 97410 376457
1 648388 790247
1 137128 212593
1 250243 34433
2 446903
2 971000
1 403830 536469
1 891660 128311
1 876804 648318
2 442724
0
1 956280 536544
0
2 73370
2 916378
2 950130
1 958575 98069
1 563228 302605
2 330847
1 672379 432301
1 120990 666175
0
2 111825
2 452238
2 217505
1 144225 630422
0
0
0
2 676932
1 449831 613958
2 479044
0
1 259406 246202
0
2 581181
1 323295 948312
2 40093
2 609332
2 595075
1 290847 278692
2 441896
1 323359 115433
1 521616 471138
0
2 970622
2 438269
2 195151
2 772334
0
0
0
2 575622
2 958322
2 896391
0
0
1 792715 49679
0
2 929278
1 163280 755624
2 33479
1 989399 59793
0
0
2 710173
1 583533 766363
2 79252
2 884961
2 330226
1 153859 686492
1 112893 810359
0
0
1 59598 702353
0
0
0
1 815407 574569
1 963652 53454
1 738457 298230
2 775051
0
1 765686 777595
0
2 933244
1 355043 437965
2 859466
0
1 571143 151555
1 777074 377265
2 710406
2 811741
1 977477 837937
2 895155
2 792870
1 80257 283644
1 258319 701001
2 910784
1 154983 513619
0
1 281354 341587
1 246146 122046
1 804216 679817
2 481151
1 585307 637122
2 825884
1 682998 189336
0
1 519463 431044
2 904418
1 28720 472829
0
1 157444 170408
2 625760
1 593029 412353
0
0
0
2 139821
0
0
2 313029
1 659477 189919
0
2 700732
1 166797 301737
2 391230
0
2 284214
0
1 729632 201970
1 712517 919011
2 80587
0
0
2 397733
0
2 223240
2 552335
1 161654 925782
2 130915
1 990089 579035
2 72253
1 689878 401742
0
1 676422 228601
0
1 669049 718078
1 307041 179673
2 333893
1 87174 230404
2 384196
0
1 548764 914281
2 809180
0
1 449561 221795
0
0
0
0
1 719745 795695
0
0
0
0
2 902888
1 340970 894891
0
2 461176
0
1 981286 493056
0
0
2 461896
2 325075
0
1 475240 424267
0
1 807939 745228
2 259460
2 805264
2 598136
1 653673 819722
2 457505
0
1 465569 265390
2 304020
2 567772
2 42775
0
2 993695
2 931582
1 734114 914706
2 39063
1 470121 777361
1 314994 649976
1 966208 321747
0
0
1 574110 987376
0
1 845380 326167
1 295344 756326
1 198866 806218
0
2 885643
1 535007 497885
1 470065 680372
2 374367
1 231899 340651
1 328761 361541
0
1 880941 734856
0
0
0
2 737244
0
0
1 145867 512767
2 661744
2 447634
1 334491 613664
2 624004
1 950837 698281
0
0
2 526037
2 723811
2 95254
2 21822
2 817694
0
1 953672 671945
1 375364 853616
1 873692 103930
0
1 394120 847495
0
1 404258 229514
1 709657 118903
2 977681
0
1 54138 245871
2 397236
2 202689
0
1 959791 423311
2 375344
1 949859 123236
2 61473
1 246596 876131
1 983390 600634
1 39278 22436
0
1 961835 199373
0
1 166405 875630
0
2 712502
2 843078
0
1 157520 949704
1 541399 498941
1 644034 129828
2 588216
0
0
1 796784 264505
2 226525
1 858701 336463
2 699788
0
2 3923
0
0
2 967727
0
1 729638 851704
0
1 627925 135500
1 578995 735074
2 513822
0
2 724645
2 145189
0
2 984471
0
0
1 665093 446814
1 553382 289189
1 92221 47722
2 189822
1 839678 498682
2 78775
1 695294 507489
0
1 319934 364044
2 842698
2 158731
0
0
2 479803
1 812545 821808
1 749076 371491
0
1 844983 527887
0
0
1 462186 593929
2 929237
2 383573
1 831210 89063
0
1 312765 623291
2 877481
2 613936
1 710906 221147
1 426015 615121
1 768201 514290
2 468318
2 7003
2 999816
1 318485 944078
0
1 689682 981632
1 144259 608597
2 901878
1 440319 745327
2 241925
0
0
1 96800 480442
0
0
2 159149
1 12165 185111
1 462838 414057
0
2 995305
1 231134 650410
1 434063 668470
1 874068 202438
1 628560 130951
2 18398
1 242083 156140
2 417284
2 263070
0
0
2 220988
2 311883
2 846161
1 829590 44994
0
2 432744
1 427737 747951
2 958314
2 134098
1 113450 805157
1 58529 241820
0
2 586713
2 927520
2 652508
2 302641
2 920459
0
0
1 456603 155595
0
1 382362 136089
1 783254 796133
0
1 465894 574846
1 100534 912847
1 238629 668351
0
1 844401 790811
0
2 922326
1 590767 183429
0
2 740582
1 889438 73655
2 247867
1 429527 111328
2 667285
2 437570
2 402789
2 31725
1 440528 26906
2 792656
0
0
0
0
0
1 72870 319457
1 885462 714420
1 820555 974500
0
1 945951 116832
0
1 17454 779479
1 674205 944853
1 955991 403140
2 849470
0
2 326676
0
0
1 430451 450964
0
1 719911 467513
2 245539
2 363639
0
2 400491
1 430817 132990
0
0
1 439939 426511
2 145398
0
0
1 169005 711198
1 629282 538574
0
0
0
2 586949
1 59135 42523
2 304983
1 182320 98970
2 861307
0
2 206753
2 266262
2 34446
0
0
0
1 125449 310204
1 357856 861739
0
1 619767 99407
2 379412
1 508609 979162
2 62949
2 8327
0
1 147032 337741
0
1 712914 571273
1 915513 984387
0
2 118660
2 599923
2 295358
0
0
0
2 547578
0
1 103158 781100
1 84664 825670
0
0
2 691140
2 860492
2 403414
1 831228 994814
2 705437
0
1 761057 658648
0
2 556130
1 481252 952461
2 18309
1 26382 432160
2 977041
0
0
0
2 795206
2 777647
2 259272
2 613125
0
0
2 861226
1 920627 828003
1 730994 801693
2 408790
0
1 716938 45168
2 956743
2 639436
2 631217
2 672154
2 403375
2 252162
0
2 691598
0
2 932200
2 778734
1 573705 113854
1 876121 204573
2 268037
1 683714 944353
1 218213 493245
2 752135
1 481961 953729
2 160369
1 148723 941397
2 335802
2 147559
0
2 216818
2 687970
0
0
0
0
0
0
0
2 820191
1 114194 889312
0
2 205915
2 455494
1 455075 265702
2 221499
1 664483 61143
2 107977
0
1 138726 6616
1 866260 160605
2 262326
2 543259
0
2 528122
1 161635 991365
1 121280 574554
0
0
2 755142
2 857505
1 800628 904498
1 798202 157248
0
1 330366 902391
1 728424 730351
0
0
2 214954
2 5087
2 345100
0
0
0
1 308715 270684
0
0
2 752477
1 994160 91503
0
2 593098
2 485833
2 385051
0
0
0
2 886147
2 239873
2 86459
0
1 971148 718942
0
2 143806
2 441775
1 197884 814326
1 162235 745705
1 690541 501518
1 120724 238022
2 908983
2 320095
2 572393
2 138010
2 330547
1 663686 810724
2 313901
1 744267 702775
2 529408
0
1 485519 191598
1 544767 256728
1 594695 678405
1 729791 267391
0
0
1 248781 533871
1 351883 758220
1 512567 351366
2 442383
0
0
2 804938
2 445887
1 644707 81106
0
2 847867
1 484840 386691
2 827355
0
1 748038 709872
0
0
1 119666 996711
2 695224
1 218801 54885
2 188199
1 419455 969917
1 97555 26627
2 492005
1 724489 517729
1 960507 409303
1 303229 83055
0
2 989780
0
2 653543
0
1 572117 203952
1 159634 249669
1 250383 208473
0
2 503126
1 56342 138666
0
1 627063 499599
0
0
0
0
2 380737
0
2 889765
0
1 641310 314749
1 266920 40034
1 229008 503403
2 780130
2 849382
0
0
2 917791
1 491580 428854
1 767080 88621
1 944051 861462
0
0
2 170112
2 205579
2 119438
2 633499
2 624168
2 376906
0
0
0
0
0
2 8439
0
1 165954 195601
2 546295
1 528434 917944
1 951419 240713
1 985874 852858
1 548885 684322
0
2 849342
0
2 123548
0
2 236623
0
2 121760
0
2 974810
0
2 495716
2 782674
1 360322 581642
0
2 725746
2 572756
1 51467 564164
2 598174
2 557844
2 428529
1 135221 248136
2 420911
1 958264 659375
0
1 122863 184375
1 812201 727209
1 134615 557739
2 145069
2 806075
1 275633 138002
1 743849 712091
1 655987 714806
0
1 419213 796526
0
0
0
2 436718
1 282661 786059
2 569407
0
0
2 936212
1 393417 173335
1 416622 206874
0
2 970736
0
0
0
1 946982 134246
1 26916 849562
2 865416
1 419866 253142
0
0
1 315488 337540
2 880299
2 889402
1 761156 357250
2 542821
2 503219
0
1 7837 751557
2 792844
2 93070
0
0
0
1 308014 773193
2 668425
0
1 240119 885039
2 139347
1 983640 968547
2 5146
0
2 129490
0
1 412408 989960
2 969384
0
0
0
2 729995
2 447411
0
2 385736
2 40948
1 95614 111423
0
2 11331
0
0
1 776680 554935
0
1 743568 920683
1 984441 808054
0
1 156898 657099
0
2 507108
0
2 203022
1 591153 943661
0
2 680791
1 710557 357181
2 583660
1 744765 230803
2 420439
0
1 540220 580535
0
1 383054 236768
2 224914
0
2 760119
0
1 214493 638530
0
0
2 62981
0
1 924970 474151
0
1 348492 553680
2 455630
1 361654 432703
1 697054 871054
0
0
1 347894 890340
2 856560
1 184943 457983
1 364725 586358
1 174243 631024
1 609467 359357
0
0
0
2 648566
1 231320 174846
0
1 269042 244133
0
0
1 501672 947352
0
1 785449 581635
1 124977 868982
0
0
2 300404
1 323910 907715
1 47650 340736
1 778701 924034
0
0
1 399946 198585
1 689720 843875
2 118539
0
2 278023
1 445084 755997
1 120665 815181
2 989001
1 329132 473869
0
0
2 976241
1 89401 104501
0
2 924366
1 997673 810561
0
0
1 619670 954939
1 24076 629834
2 199075
0
1 651893 533089
2 908180
1 151839 620149
0
1 543329 778462
1 770498 606269
1 674593 711312
0
2 779805
1 757331 17315
2 348482
0
0
2 331899
2 347042
2 735082
2 189209
1 592180 308164
0
0
2 330548
0
2 122802
1 80695 238422
0
1 849426 958505
0
2 94097
2 635630
0
0
0
2 955705
2 95529
2 286089
2 878883
1 51099 85829
1 10376 112855
0
2 649433
0
0
0
2 117858
1 437258 147216
0
1 168104 298036
2 752915
1 712317 619725
2 115123
2 558985
0
0
2 44118
2 189775
1 327704 542922
0
2 391061
2 728431
0
0
1 696149 594941
2 187391
2 447065
1 625597 334797
0
0
1 452490 548931
1 405454 641633
0
2 898488
2 961099
0
2 826229
2 923381
1 140974 626609
0
2 267689
0
0
1 542662 587855
2 680871
0
2 532837
0
2 611692
0
0
2 849063
1 288622 491909
2 467910
0
1 464432 611356
2 133935
0
0
2 733390
0
0
0
2 388646
1 240138 905891
1 636704 518972
0
2 794985
0
1 120304 472096
2 271852
2 509867
2 368327
2 609047
2 148394
1 341470 928195
1 141534 359339
2 960487
1 749627 952771
0
0
0
2 281807
2 722921
0
1 758599 70944
0
1 845395 349032
0
2 829219
2 747881
0
2 452398
1 540664 811412
2 359645
0
1 266503 614268
2 462888
0
0
0
2 567672
1 379098 283597
2 437261
2 264005
1 581839 468085
0
0
0
1 485821 279848
0
0
0
0
2 363263
2 787258
1 63953 148695
1 31176 128945
0
2 228209
1 278432 28040
0
1 778847 802395
1 869312 22403
0
0
0
2 879155
1 472957 169379
0
2 519957
2 264471
0
1 708893 711166
1 250862 360388
0
1 171510 252671
1 886608 82677
2 580271
0
1 740758 203069
0
1 151809 570031
2 550458
0
2 543979
2 256371
0
0
1 499492 351598
0
2 619528
2 863438
2 249333
2 229508
0
1 559259 187368
1 236381 868832
2 882841
2 752530
2 357195
0
0
1 392259 469444
0
0
1 593654 1062
0
2 955092
2 667825
1 945821 238821
0
2 930047
0
2 978057
2 460976
0
1 807315 448630
2 453755
2 986983
2 893093
1 23509 659476
2 445509
0
0
0
2 917840
0
1 64230 561801
0
2 361478
2 538511
1 62752 959469
2 57758
2 144050
2 166317
1 114586 796670
2 477234
0
1 291587 340149
1 224048 439180
2 261161
2 336091
1 135373 574579
1 132279 470898
0
2 549609
2 61905
1 187897 194026
0
1 427540 987234
0
0
2 221464
2 115611
0
1 288248 425477
0
0
1 807558 353141
1 928901 897927
0
1 210947 905322
0
1 442548 449904
2 962029
0
1 217912 560695
1 366494 589936
2 741779
1 824744 158518
1 509141 6389
1 66915 211488
1 307297 505614
1 295096 788972
1 998157 858480
1 90142 108920
2 591278
0
0
2 763325
1 57854 210872
0
1 877838 681220
1 357039 63584
0
0
1 436593 354013
2 391935
2 625374
0
0
1 91650 388194
2 458061
1 466689 892123
1 670056 716886
0
2 115575
1 304804 41619
1 815933 694317
1 627332 145674
0
1 243978 471463
1 140161 852322
0
2 775002
1 735931 765644
1 701240 373009
2 713150
1 80814 762740
1 172722 123554
0
2 98841
0
1 481455 91920
1 785166 560883
2 931880
1 455730 521543
2 147517
0
1 475182 635053
1 57186 159592
2 881653
2 397675
0
1 423824 442985
1 429538 868011
1 495975 781765
2 107077
1 438069 609202
0
2 806629
2 314947
0
0
2 401566
2 152660
0
0
1 644502 273291
0
0
2 156288
2 835120
1 23533 734165
0
2 575415
2 540122
1 234737 966492
2 534155
2 516599
0
2 595534
0
1 831048 264756
1 134935 3476
1 751433 849626
0
0
0
1 683062 940596
2 181643
1 840383 805869
2 604552
0
0
2 864569
0
1 678880 262701
0
0
0
0
2 674477
1 386832 705573
0
2 264
2 692166
1 104359 220644
2 251094
2 17131
2 403860
0
0
2 286872
2 198824
0
1 500748 875274
0
0
1 651075 969158
0
2 649458
0
1 526960 270064
2 597784
2 637350
1 982552 378988
1 745954 322245
2 252890
0
1 756806 964281
0
2 976015
0
0
2 622697
1 505507 554487
2 134721
2 630664
2 246260
0
0
0
2 557257
1 106127 180943
2 180624
2 160475
1 545309 268509
0
0
0
2 46809
0
1 157273 156727
1 387959 727526
1 688307 20250
2 657568
0
1 40706 942859
1 241090 880970
2 296395
0
2 702818
0
2 859182
1 987977 449246
2 95956
0
1 460542 158209
1 761325 201106
2 111759
0
0
0
2 910943
1 475790 192713
1 343006 419713
0
0
1 24834 787525
0
1 438207 919992
1 232021 584896
1 87663 347457
2 80935
2 147749
2 451559
0
1 146170 933373
2 753271
0
0
0
0
2 784748
0
1 516914 980276
0
1 563338 510085
1 355002 996885
1 278461 863846
1 651906 193684
0
1 873577 691232
0
0
1 175507 694960
0
0
1 194211 270625
2 659858
0
1 459698 736752
0
0
2 314562
1 661608 188736
1 674381 976979
2 467819
0
0
1 218327 218951
0
0
1 788612 552358
0
1 160663 157470
0
0
2 788397
2 657808
0
1 540981 308581
0
2 42571
1 196218 529824
0
2 304164
1 38185 877625
2 521272
0
1 430372 537298
1 879444 478939
2 935168
0
1 431309 157215
0
1 207983 893521
1 44228 407021
2 566859
1 415534 997972
0
0
2 678938
1 796021 25901
1 407237 464196
2 290931
2 107745
1 476623 630814
0
0
2 883930
0
2 889224
0
2 671745
2 614821
2 901609
0
2 541835
1 760923 277027
0
2 559052
2 658479
1 171754 632135
0
2 886445
2 112976
0
0
0
0
0
1 518881 6451
1 847689 120797
1 391899 983147
0
0
2 999969
2 335111
0
1 331734 159789
0
2 58412
1 763148 193983
0
1 787254 253266
1 646691 745645
1 629348 361152
2 699932
2 715615
2 254934
0
2 590064
2 160682
2 319683
2 840063
1 165484 296617
2 745376
1 66153 626143
0
1 292919 359778
1 708348 742813
1 102244 170006
0
1 45145 350671
2 195877
1 414929 16964
0
1 366213 456934
2 201772
1 650352 93862
2 335291
0
0
2 510973
1 548690 438549
0
1 235416 366221
2 66593
1 516720 244781
2 23729
1 579112 816932
0
2 557020
0
0
0
2 239389
1 617741 745754
2 741267
0
2 708442
1 664034 900974
2 871614
2 102906
0
0
2 310082
1 978143 76686
0
1 213439 211920
2 23197
1 939853 148690
1 342417 795749
2 292720
2 735811
2 507980
1 55843 252378
2 273908
0
0
0
1 605001 750609
1 397947 542916
0
1 932071 562156
0
1 621216 141342
2 244604
2 405739
0
2 924539
1 639785 625504
0
1 882530 606113
1 691521 893599
1 848370 246556
2 175925
0
0
1 116725 278953
1 500815 524288
1 995458 901622
1 871110 290625
0
1 629201 864346
1 58923 659206
2 658840
0
0
1 862969 71524
0
0
1 794302 211013
1 386891 646449
2 460097
0
1 334666 854631
1 192876 223679
1 497020 303506
1 255480 359946
2 994292
1 386296 433446
0
1 839108 19959
0
1 592305 836274
2 296883
0
2 309266
2 566120
0
1 619257 988036
2 990162
0
1 779600 703032
1 536002 972792
1 514416 25555
1 906541 375774
1 249063 781550
2 303196
2 494765
2 72383
1 162904 25190
0
2 869917
1 940785 391525
2 619272
0
0
1 525287 599213
2 364380
0
1 112920 696699
1 916756 860348
1 980780 495222
0
0
2 93037
0
2 480440
0
2 164396
2 62006
0
0
2 204462
0
1 868124 343191
2 203821
1 124744 373023
2 745580
2 149129
1 309213 538866
1 787751 17880
0
1 647141 422161
1 295452 521155
0
0
2 560500
0
0
2 884996
0
2 296
1 450091 460018
2 166891
0
2 277423
1 189134 534226
0
2 858304
2 215058
1 838978 151256
0
2 404958
1 276527 861079
2 811791
0
2 534568
1 390932 258992
0
0
2 966231
2 547432
0
2 745756
0
0
0
0
2 322667
0
1 919026 117972
0
2 77784
0
1 528356 702754
1 63073 815065
2 360793
2 470258
2 385330
0
2 280392
0
0
1 777409 851345
1 662363 787806
0
0
1 180544 48534
2 700600
2 658670
2 414676
0
0
0
0
1 923825 763183
2 533691
2 779045
0
1 234473 15039
0
0
2 941120
1 591353 67033
0
0
1 23637 977515
1 997884 573866
2 744138
1 791196 371622
2 103183
2 419680
1 439845 987903
1 679255 607144
1 402604 827375
2 741504
0
0
2 913708
2 560780
2 786448
2 230755
2 25381
0
1 444710 738084
2 190801
1 477342 619435
0
1 782926 426080
1 725824 215529
1 955051 44347
2 792391
2 756265
2 536984
2 379897
0
2 520835
2 672572
0
2 138432
1 621380 870788
1 424641 788371
0
1 466833 907057
2 334569
0
2 392363
0
2 873583
0
2 117946
0
2 645051
0
1 26271 992019
1 701967 913075
2 955532
2 182024
0
0
1 821306 109867
0
1 247649 674936
0
1 973590 856464
1 588508 781626
2 315292
1 670211 784487
0
0
1 240655 451172
0
0
0
0
1 89298 960621
2 478171
1 232335 622640
2 309602
0
2 292929
1 708594 69985
1 885076 468996
1 636872 761225
2 431735
2 260853
2 499933
2 487218
1 950967 672793
0
2 14087
0
0
1 311831 562152
2 40114
1 461717 357250
1 90439 172140
0
1 851124 648094
2 913015
0
1 726973 999533
2 827267
2 800209
1 296066 231800
2 389303
1 250224 10203
0
1 241647 382966
2 369510
1 733218 458663
0
0
1 142397 743593
1 709871 874481
2 903121
2 535077
0
1 346924 336437
1 964042 557960
0
2 278438
1 533299 813410
2 140321
2 915589
0
1 737770 382525
0
0
1 456442 19752
0
0
1 148772 39707
2 290152
1 869444 33484
2 32145
0
0
2 696699
2 690133
1 5723 127913
1 230735 826096
1 880940 366976
0
1 53211 772802
0
2 387716
0
0
1 942047 470602
1 741331 184635
1 46277 946618
0
1 728062 382273
1 703821 582923
2 520847
0
0
0
1 508432 838606
0
0
2 801525
1 428592 949885
1 928761 228949
2 32333
0
2 770804
2 661552
1 566342 655766
2 877711
1 823319 608757
2 219441
2 727259
1 484653 811430
2 540832
0
1 960221 483720
2 573177
2 537810
0
2 252284
1 292814 420376
0
0
2 472321
2 752631
2 99128
1 444716 43741
0
1 628581 485034
2 447151
2 51558
0
2 860286
2 122000
0
1 387373 5643
2 811337
1 884488 646312
2 771143
1 208280 533644
0
0
0
1 309400 695704
1 14105 135212
0
2 225835
2 195359
2 484003
1 192599 407382
1 203694 873231
2 845940
0
2 716140
2 993429
1 474187 513553
0
0
2 667807
2 505710
1 136952 190184
2 257286
1 858341 372151
1 895846 510682
1 534411 573697
2 902077
1 181971 792040
1 438710 250176
2 172576
2 598063
2 105372
0
2 729969
2 911623
1 665964 838201
2 851835
2 100808
0
0
2 681979
0
1 132693 649701
0
2 78227
0
1 5050 713269
1 11152 999372
0
1 891401 658288
1 897986 772861
0
1 139136 586185
0
1 827242 738921
2 937316
2 388100
1 709297 820070
2 134055
0
0
2 347347
2 716024
1 704887 900605
2 542083
1 39104 628888
0
1 458450 173219
0
0
0
2 958331
0
2 662115
0
0
2 278201
0
0
1 897615 593472
1 261415 798174
1 276418 536923
0
2 284839
2 693844
2 288518
0
1 354495 195351
2 461926
1 753270 932445
1 834385 108252
0
1 896904 643631
1 330755 774339
0
1 716396 152972
0
2 201621
0
0
2 789258
1 457252 62464
1 913829 848129
0
2 445113
0
1 68903 992633
0
0
0
1 800859 827611
2 355512
2 374011
0
2 400380
1 849928 520039
2 371193
2 321307
2 737031
2 434478
2 236211
2 327702
0
2 295776
0
2 992790
1 566357 927422
2 770649
0
1 872079 446732
1 597718 258177
2 107431
0
0
0
1 336810 525371
1 830728 848752
2 757758
0
0
0
0
0
2 307285
2 18563
2 666860
0
1 983448 767544
0
1 852128 155245
0
2 502106
0
1 681595 703894
2 829470
1 402869 75604
0
1 836697 830157
2 954208
0
1 98764 803598
0
2 941640
0
1 714627 465421
1 894965 830912
2 199991
2 606708
2 313547
2 534415
1 67403 786663
1 269456 82778
2 43206
1 854392 96862
1 160538 901922
2 209980
1 808835 598324
0
1 462403 897117
0
1 72059 686047
2 477866
0
0
0
0
2 544180
1 9553 433310
0
0
2 170982
0
1 944047 340644
2 452775
0
0
0
1 659214 487969
1 111468 342171
1 884448 618377
0
2 214847
2 32226
2 913192
2 609217
2 479417
1 545352 927539
0
0
2 116076
2 65051
0
2 849181
1 452124 857817
0
1 270939 603513
0
0
1 343195 618228
1 469940 573316
0
0
2 985858
0
1 406161 524634
1 226757 369847
2 548885
1 218826 677493
0
0
2 373622
0
1 563206 284332
1 304457 282310
1 651092 286728
0
0
0
1 162880 124746
2 868789
0
2 170120
1 608789 545881
2 564527
1 335826 411020
0
1 394316 674288
2 48458
2 90426
1 319174 274705
1 400315 946040
0
2 491571
0
0
0
1 995632 625461
0
2 996062
2 305547
0
2 809903
0
0
0
0
2 595961
2 167997
1 15650 536791
0
2 18661
1 314356 846401
1 973039 380917
1 329899 986854
1 134861 705462
2 509592
1 806501 652189
0
2 919662
2 231652
2 638840
1 952831 644532
1 462724 86610
1 329119 958241
0
2 926378
1 681279 201629
0
2 577280
2 997302
1 205278 301435
1 194291 593818
2 701532
1 601581 216280
1 619718 604407
0
1 44178 802943
1 465044 650504
0
0
1 662907 796731
0
2 889849
0
0
2 242869
2 946269
0
1 664221 408345
2 581512
1 163136 773643
1 611948 517540
0
2 938302
1 355183 607823
0
0
2 786675
2 467089
1 286651 507052
1 774404 877291
1 504061 916801
2 115617
1 151937 641144
1 888462 75235
2 703774
1 111298 150878
1 743890 225057
0
1 892128 153931
0
1 653766 892054
0
0
0
0
2 463150
0
1 307937 460433
2 513167
0
0
1 897812 369242
2 551
0
1 708607 487430
0
0
2 356182
0
0
0
2 939756
1 838568 176792
1 779965 484134
0
0
1 640013 152391
0
2 611319
0
1 274900 293483
0
1 324491 609141
1 630080 320617
2 842159
2 913352
2 582219
0
1 42851 354750
1 869487 204310
1 232721 250828
0
1 829850 620445
1 356949 372977
2 555503
1 116619 260898
1 794843 476202
0
2 185225
2 790362
0
1 477675 615418
1 327582 892455
1 35053 28691
2 12011
0
2 418682
0
0
0
0
2 735451
2 269059
2 694986
1 752537 51486
0
2 786201
1 501979 10112
0
0
2 314528
0
1 157160 308397
0
1 722514 109110
0
0
0
1 277205 761241
2 681114
2 260013
1 224706 450880
0
0
2 13039
0
2 629468
1 845738 913140
0
0
1 808777 320391
2 115612
2 12508
2 827503
2 429166
1 303045 333171
0
2 804332
1 32378 956228
2 651194
1 899294 755241
2 229017
0
2 594442
1 605242 374547
0
2 186290
0
1 831869 849753
0
0
1 711513 381265
1 259207 832399
1 738921 474729
1 251599 544627
2 278289
0
1 650105 2906
0
1 923906 509725
1 475039 527110
2 759396
1 26476 586532
0
0
2 473125
2 151412
2 366771
1 244793 234319
1 519913 287839
0
1 373400 858189
1 243491 287327
1 623038 395323
2 199736
2 254068
1 247436 412708
2 819689
1 223897 344044
2 475038
0
2 316798
0
2 441146
1 536368 626614
0
0
1 832728 671544
2 486537
1 105790 801615
0
1 434739 274700
0
0
0
0
2 995603
1 127031 881049
2 71402
1 547033 764792
0
0
2 227246
1 659787 267288
1 244577 292306
1 172665 350773
0
0
0
2 103391
0
1 431917 373976
2 756200
0
0
0
1 666110 628771
0
2 105503
1 93462 317197
0
1 815594 193915
1 281546 753211
2 312929
0
0
0
0
0
1 30441 222045
2 662777
1 52208 364153
1 189454 985066
2 912476
0
1 67704 36060
2 737853
2 587782
2 697692
0
2 769603
0
2 449380
0
2 132038
2 350008
2 401299
1 558576 69535
1 496852 313847
0
2 417791
1 784699 872419
2 950628
0
0
1 667512 357432
0
1 611198 330586
2 942910
1 56165 463402
2 159903
0
1 437896 729945
0
1 960253 685890
2 601097
0
1 61950 471334
1 245078 886529
2 782746
0
2 448296
2 590637
1 31011 389427
0
0
2 986114
2 184795
0
2 447605
1 987077 51233
1 961259 397264
1 827193 846824
1 513637 696490
2 556438
0
0
2 161953
0
2 220232
0
0
2 532315
2 779010
2 191309
2 595839
2 211576
2 621728
2 53451
2 408927
2 181597
1 810340 50701
2 485539
1 291270 578931
2 195203
2 426049
2 946402
0
2 341426
0
0
2 512191
2 371108
2 520872
1 805792 346958
1 255546 322635
2 999370
0
2 290771
0
2 815224
0
2 83257
0
1 120629 403292
2 817739
2 632017
2 142810
2 42374
2 354904
2 986423
1 909885 339025
2 4436
1 36832 450782
0
1 197315 387049
2 276523
1 255914 639080
2 923747
0
0
0
0
0
2 179115
1 319641 633900
2 875662
2 687265
0
1 386227 222608
0
1 894948 278109
0
0
1 80975 30403
0
2 860769
2 640334
0
1 994045 391336
2 798186
0
0
0
1 448895 30911
1 37937 814557
2 522268
0
1 262752 122252
2 404648
1 668529 671036
2 68563
1 873583 781748
