3958
1 429224 873550
1 689343 49607
1 734670 335439
0
1 72575 748375
1 894743 33165
1 378500 927340
1 16415 420969
0
0
1 954900 40973
0
0
1 949594 420225
0
0
0
1 274014 320141
0
0
1 458981 209013
0
1 377114 244311
0
0
0
0
0
0
0
1 844128 642577
0
1 913348 145891
1 525897 453437
0
1 967409 414857
1 500356 637823
1 791714 60012
0
1 278904 71220
0
0
1 127849 998605
1 647922 767579
1 849569 265714
1 60209 190224
1 584397 151050
0
0
1 464432 998356
1 373507 407003
1 534296 647912
0
0
0
1 971807 557074
1 971762 692810
1 564182 222590
0
0
1 458137 867272
1 893224 725142
0
0
0
0
0
1 612181 159446
0
1 113846 758069
0
1 167693 500151
1 940683 993545
1 413489 579192
0
1 785144 942505
1 36270 680528
0
0
1 439975 411803
0
0
1 271384 872405
0
1 434703 385189
1 738710 880826
0
0
1 733082 899489
0
0
0
0
0
1 218053 644734
0
0
1 979422 68945
0
1 309733 738786
0
0
0
0
1 234654 114897
1 187142 933042
0
1 180927 350658
1 227123 863536
1 895959 886893
1 874857 13982
1 831656 750236
1 742914 220896
0
1 252883 327187
0
1 86843 119177
0
1 19786 592118
0
1 202346 867223
0
1 223753 396989
0
1 184851 381301
1 835685 517134
0
0
0
0
0
1 856324 923878
1 831344 287636
1 793162 240622
0
1 770580 299374
1 561243 554100
0
0
1 883030 852789
0
0
1 602482 944551
0
0
0
0
0
1 36206 941862
1 212964 897597
1 509685 855231
1 244480 807514
0
1 424895 366517
0
0
1 441598 515778
1 915911 804436
1 11163 736700
0
1 281530 706074
1 654572 355481
0
0
1 890356 628577
1 52735 575915
0
0
0
0
0
0
0
1 368710 632936
1 150280 179988
0
1 598532 178262
1 225798 682608
0
1 256791 778610
1 139676 39014
0
0
0
1 810577 527728
1 879099 956699
1 228472 716555
1 494685 583333
0
1 364886 699405
0
1 528808 283178
1 358087 898116
1 631194 292626
0
1 448654 8608
0
0
1 563561 115091
1 242864 725043
0
1 399555 647665
0
1 640859 249280
1 811519 129899
1 743724 640772
0
1 400327 781225
0
0
1 74262 146163
0
1 187776 391719
0
0
1 448776 56145
1 136945 451239
1 684830 101534
1 658137 864686
0
1 148960 235777
1 70577 918201
0
1 504153 715032
0
0
0
1 954895 673783
0
0
1 859699 217935
0
0
0
1 928531 282481
1 748611 218068
0
1 129118 212902
0
1 175192 84575
1 442267 595496
1 605461 550767
0
0
1 781618 104694
0
1 29281 682132
1 723375 365871
1 410632 125502
1 587614 98755
0
0
0
1 63509 427715
1 138617 501602
1 701009 376603
1 896790 693100
1 762104 175419
1 167643 503852
1 239862 171820
0
1 998718 906509
1 741433 95400
0
0
1 642625 831798
1 803703 106965
0
1 915967 248890
0
1 308531 92763
0
1 529889 70011
0
0
1 696994 752476
1 651432 109229
1 608865 332868
1 981689 231065
0
1 919577 755537
1 884701 175407
1 711736 125948
0
0
1 182099 344410
0
1 247960 892450
1 417619 940109
0
0
1 545060 554081
0
0
1 130087 664255
0
1 337064 520893
0
1 813746 650283
1 384826 105899
1 237971 602382
0
0
0
1 718388 18543
0
1 209527 439160
1 772327 465015
1 75744 951592
1 736055 243695
0
1 23664 892258
1 401402 491251
0
1 590859 232093
1 84920 179992
0
0
0
1 595869 690269
1 457040 855921
1 897249 973349
1 212025 141976
0
0
1 795571 682283
0
1 189388 571201
0
1 640303 191481
1 818222 981420
1 755476 996585
0
1 454408 704104
0
0
1 857932 372086
0
1 550189 725917
1 969064 540267
1 830221 400224
0
0
0
1 408434 775706
1 679964 983238
0
0
1 95077 406654
0
1 389118 646441
0
1 146498 617799
1 185152 180308
1 891129 356659
0
0
1 900716 251175
0
0
0
1 677821 112269
1 98195 54624
0
0
0
1 73171 671441
0
1 233551 561059
1 285244 929210
0
1 915241 401629
1 767207 160358
1 522382 930696
0
1 377297 132475
1 307835 112867
0
0
0
1 754755 499233
0
0
0
1 821544 338413
1 214096 604737
1 545612 32805
1 231771 17865
0
0
1 926242 874978
1 632362 6969
0
1 94159 333353
1 735792 747648
0
1 330961 840111
1 824427 550875
0
0
0
1 751903 167366
0
1 708365 500608
1 519482 91359
1 491662 652164
0
1 778484 156398
1 966812 608857
1 129101 649024
1 974092 465635
0
1 388663 482280
1 197971 74389
1 844853 962254
0
1 897361 200117
0
0
1 359768 185314
1 273084 246616
0
0
1 729369 400385
1 321429 232354
1 923348 501597
1 516020 658293
0
1 260147 73256
0
1 876052 780126
0
0
0
1 959449 888423
0
1 117882 549903
1 655298 767108
0
1 746768 290770
1 497011 113891
1 579341 471109
1 90392 11291
1 186312 461650
1 847630 957312
0
1 338526 320677
0
0
1 573358 462337
0
0
0
0
0
0
1 397023 358862
1 8666 423984
0
1 865903 902859
1 866056 448061
1 367723 878867
0
1 813383 74661
0
0
0
0
0
0
0
1 894782 19214
1 887831 187110
0
0
1 925579 716884
0
1 317000 451817
1 126148 349384
1 151031 406585
1 629090 75956
1 444868 637801
0
1 632388 215816
1 709409 275099
0
1 381355 597523
1 442595 831655
1 426713 117266
0
0
1 759280 737158
0
0
0
1 19699 691432
0
0
0
0
0
1 355780 720666
0
1 257705 233130
1 192472 588299
1 911557 437511
1 488354 492926
1 128263 884068
0
0
1 839243 720676
1 417505 434563
0
1 366569 498740
0
1 998105 850880
1 980754 788232
1 6417 182686
1 830429 63800
1 684614 901679
1 856422 969380
1 539133 525796
1 684979 887840
1 914627 536030
1 805257 684939
0
1 410838 270711
0
1 485134 670408
0
0
1 287856 252330
1 723152 262280
0
0
0
1 255005 656003
1 71071 446925
1 762842 775318
0
1 125721 314711
1 428062 831136
0
0
1 45637 344647
0
0
0
1 741152 627950
0
1 548460 316900
0
1 290172 234028
0
0
1 266888 331508
1 191958 641660
0
1 222896 127147
0
0
1 86700 483216
0
0
1 671507 226421
1 283102 474532
1 51531 951422
1 258036 590967
0
0
0
0
0
0
1 744193 609914
1 557960 970235
1 996999 69174
1 455709 378254
0
0
0
1 875444 677523
0
0
1 554496 447614
0
0
0
0
1 919160 342824
1 111579 856847
0
0
1 822975 179112
1 834865 76652
1 500856 109932
1 532239 633808
1 525320 149398
1 180873 5094
1 711363 933380
1 356360 842682
1 906575 639319
1 942542 510976
1 381325 942579
1 436428 723851
1 508472 938727
1 142287 109435
1 892110 875863
1 260772 450551
1 263131 135682
1 517955 514828
1 461245 385686
0
1 515220 861436
0
1 146495 373558
0
0
0
1 682395 60748
0
0
0
0
1 252302 10197
0
1 361977 844216
0
0
0
1 430744 753313
1 688980 557501
0
1 553699 426554
1 176576 992352
0
0
1 805621 61327
0
1 457496 487663
1 531681 882731
0
0
0
1 855517 32394
0
0
1 824046 387657
1 750062 434243
1 898562 374154
1 843405 815070
1 341119 957603
0
0
1 454011 923665
0
0
1 331122 903378
1 579628 193332
1 218772 938945
0
0
0
1 557244 656442
1 419787 869013
0
1 287555 759670
1 120846 482462
0
1 350097 590678
0
1 840886 943635
1 442858 671334
1 50413 121101
1 885897 979518
0
0
1 579141 936124
0
1 741876 669136
0
1 349942 815022
0
1 105645 730577
1 112709 162364
0
1 155477 273462
0
0
0
0
1 117103 643007
1 338038 265355
0
0
1 783451 822418
1 661883 966184
1 285043 296996
1 805461 176458
1 247774 390405
0
0
1 605092 601566
0
1 828516 237475
0
1 760757 908234
0
0
1 65406 947949
0
0
1 800413 951107
0
0
1 852176 280896
0
0
0
0
1 691871 42768
1 349202 516953
0
1 116002 40369
0
1 734824 125203
0
0
0
0
1 160279 915612
1 699124 670129
1 776072 941844
1 56940 28824
0
1 179457 328809
0
1 844046 853179
1 793319 328538
0
0
0
1 792472 552987
0
0
0
0
1 530074 553728
1 850747 715343
0
1 856287 26303
0
0
0
0
1 802976 124730
0
0
1 947857 301794
1 389060 545685
1 825092 54245
1 921339 675057
1 197956 180787
0
0
0
1 589915 159309
0
1 661315 847761
1 965663 964618
1 597733 44080
1 511307 807370
1 223131 352777
1 524284 526448
0
1 881035 553614
0
1 271074 454231
1 574453 264465
0
1 883536 505679
0
1 68597 742438
1 770359 511438
1 450025 461660
1 197735 116820
1 817743 157782
0
1 240605 536322
1 6261 181776
0
0
0
0
0
1 801685 35997
0
0
0
1 93429 292771
1 279243 335424
0
0
1 191157 725190
1 146711 280301
0
1 597137 475192
1 341492 639213
0
1 894948 420743
1 4241 970261
0
1 347291 922193
0
0
0
0
0
0
0
1 694341 300118
1 626537 427785
0
0
1 622793 866312
1 628741 311888
1 526312 255511
0
0
0
0
1 713409 573486
0
0
1 864635 652807
0
0
0
0
0
1 146221 626776
1 461101 773505
1 800360 763155
1 126145 182847
0
1 187445 639467
1 24273 797196
1 740137 105960
1 650683 73701
1 473247 677684
1 471608 677478
1 707215 837345
0
0
0
0
0
1 19745 768549
0
0
0
0
0
0
1 168767 505698
1 756740 367527
0
1 761784 820009
1 331290 3769
0
0
0
1 754019 752428
0
1 120773 54429
1 491242 711032
0
0
0
0
1 851710 804763
0
1 905753 699347
1 344024 885648
1 799854 450675
0
0
0
1 524474 866496
0
1 881339 186285
1 34416 381744
0
0
0
0
1 913862 589826
0
0
1 65054 196920
1 285535 307764
0
0
1 28439 761284
0
0
1 341455 957029
0
0
0
1 383331 132885
1 146272 433795
1 193920 2881
0
1 938738 121479
0
1 289399 94252
0
0
0
1 29491 489834
0
0
0
1 960478 299609
0
0
1 626737 313531
0
1 244992 530155
0
1 659979 560237
0
1 1352 83892
1 638590 598778
0
0
0
1 376756 833544
1 732917 605239
0
0
0
1 665471 818862
0
0
1 48570 682349
1 775179 60834
0
0
1 470615 537494
0
1 307652 253242
1 542617 292646
1 282869 365866
0
1 783910 590412
0
0
0
0
0
0
0
0
0
1 572696 113523
0
1 560023 626041
0
1 789490 562966
1 340486 563778
1 24340 733415
0
0
0
1 545637 814870
1 173967 724296
1 253303 328518
0
1 109331 242872
0
1 629614 837704
0
1 464428 926926
0
1 197736 960842
1 330859 340678
1 729372 278050
0
1 636758 811068
0
0
0
1 215181 200870
1 930321 379937
0
0
0
0
0
0
0
1 414674 38377
1 788368 957330
1 377776 916296
1 808856 35925
1 26961 352042
1 109201 272050
0
1 766167 310710
1 968853 381303
1 92223 391931
1 678420 381503
0
0
1 309457 163963
0
1 741351 975642
1 641918 315881
0
0
1 482141 871651
0
0
0
0
0
0
0
1 618478 639239
0
1 437731 71845
0
0
1 801993 234949
0
0
1 893328 238546
1 684403 381061
1 717328 804741
0
1 438550 684756
0
0
0
0
1 936786 539283
0
0
1 707543 597121
1 194962 567494
1 255339 38942
0
0
0
1 906895 67977
1 26147 471999
0
0
1 704739 208532
1 620737 280405
0
1 941151 474209
0
1 78719 871100
0
0
1 888405 193631
1 449746 674102
1 799988 356506
0
1 909261 523296
1 284527 570414
0
1 124466 355561
1 158171 396879
0
1 712924 655807
1 658863 837820
1 643685 51439
0
0
0
0
1 105988 379492
1 602595 286711
0
1 22284 121151
1 928693 663249
1 239345 676311
1 894355 547631
1 99211 494341
0
0
1 637789 798554
0
1 966209 193879
0
1 778056 450154
1 823274 802280
1 359273 494925
1 107069 909478
0
1 266491 541967
0
0
0
0
0
0
1 190123 624339
0
1 949653 817500
0
0
1 634075 415344
0
1 468701 613925
1 18215 300493
1 654292 366949
1 924094 51420
0
0
0
0
1 193525 402447
0
0
0
1 274053 887328
0
1 217776 78845
0
0
1 671537 172516
1 577950 180313
1 645469 608154
1 843250 516318
0
1 660523 858915
0
0
1 625716 10693
0
0
1 409449 291818
0
0
0
0
1 684222 649692
1 163432 783501
0
0
1 136476 431337
1 236865 615755
0
1 643173 39280
1 740173 252623
0
0
0
0
1 594320 453365
0
1 676045 665053
1 922170 115549
0
0
1 736567 419088
0
1 179869 26532
1 281056 168882
0
1 781010 402286
1 519805 225316
0
0
0
1 538470 713339
1 184559 940765
0
0
1 973711 857879
1 482307 631723
0
0
0
1 41745 389865
0
1 671528 613623
0
1 292722 758065
1 509590 882949
1 104574 799970
0
1 940070 777233
1 222130 359228
1 552970 143162
1 977180 942039
1 169869 465799
1 317890 685820
1 303755 83527
1 818006 577452
1 120228 320205
1 789680 623926
0
0
1 58349 43373
1 520121 144465
1 103328 765198
1 770864 412343
1 838038 394851
0
1 844266 295994
0
1 969037 91496
0
1 879578 709436
1 694133 947340
0
1 497526 905772
1 486378 818475
1 998501 886906
1 47331 346631
1 310281 321511
0
0
1 631060 830864
0
1 320906 566103
1 154254 472846
0
0
1 1341 329627
0
0
0
0
1 658305 447832
0
1 170479 841576
1 597704 780094
1 954995 536039
1 977254 125120
1 891299 113643
0
0
0
0
1 310225 650735
0
0
1 983199 997325
1 222868 904007
0
0
0
1 496955 459993
1 767554 400779
0
1 398974 174864
0
0
0
0
0
1 812877 165663
1 216173 683809
1 219641 969902
0
1 87695 403291
1 298423 623285
1 32818 940557
1 630653 82550
0
0
1 223774 418830
1 46035 90027
0
1 816660 774831
1 173749 43471
0
0
1 462115 288963
1 977242 803671
1 161319 857177
0
0
1 852966 708530
0
1 404314 664026
0
0
1 689460 537584
0
0
1 795597 763043
0
1 567058 834626
1 230229 691147
0
0
1 708726 460817
0
1 573934 307098
0
1 732430 628883
1 576263 256699
1 501068 263968
0
1 250216 829363
0
1 227925 229049
1 294565 21996
0
1 380862 967801
0
0
1 616397 936855
1 716679 762688
0
1 946394 311090
0
1 125003 83828
0
0
1 323950 724803
0
0
0
1 620172 347693
0
1 12103 676598
0
1 600487 360759
0
1 576606 841032
0
1 203812 228002
0
1 819935 925803
0
1 225588 842478
0
0
0
0
1 835629 832077
1 894715 597460
0
0
0
1 772099 356167
0
1 337071 328100
0
1 825277 144382
1 121361 585818
0
1 885908 250604
0
1 654055 192970
0
0
0
1 557322 699962
0
1 457893 657841
0
0
0
0
1 542625 38006
1 954267 718941
0
0
1 332692 911205
0
0
1 552502 664564
1 420888 294730
0
0
1 278349 120758
1 346024 370411
1 486794 720642
1 134884 430838
1 88375 798937
1 387495 855813
0
1 499411 993967
1 645752 348018
1 592834 746627
0
0
0
0
1 691798 73210
0
1 801705 29421
1 940367 419106
1 773689 817170
0
1 831660 360541
0
0
1 130754 144060
0
1 759342 862902
0
1 542055 659418
0
1 538663 410755
0
0
0
0
1 299420 640921
0
0
0
0
1 426015 899181
1 882294 412909
0
1 532528 999524
0
0
0
0
0
0
1 919330 36150
1 441978 365966
0
1 428209 23299
1 614244 413432
0
0
0
1 892028 947419
1 254655 860923
0
0
1 134355 171011
1 810187 547827
1 214565 17542
0
1 78155 809367
0
1 648422 801094
1 242647 283158
0
0
0
1 99223 11945
1 679970 168166
0
0
0
0
0
1 22888 632995
1 444357 719174
1 822498 713629
1 445486 563643
1 60627 320083
1 299533 421253
0
1 927907 204345
0
1 300922 444044
0
0
1 639831 38285
1 948049 439531
0
0
1 477588 897066
0
1 423729 63883
1 613571 382047
0
1 744737 4846
1 688118 339602
1 350684 323843
1 33850 71811
0
1 968335 292634
0
1 681536 612485
0
1 150769 604615
0
1 299685 834732
0
1 211714 635911
1 824233 325526
0
1 409987 597404
1 692723 280154
1 110136 152062
0
0
0
1 740045 91331
1 384256 186693
1 311789 573626
0
1 987474 540632
1 574871 855705
1 845762 404067
1 847569 938664
0
0
1 306258 710886
1 704597 835071
0
0
0
0
0
0
1 335234 493692
0
0
0
0
1 27025 22821
0
1 658708 33703
1 4541 928504
1 602488 515740
1 204423 857105
1 981536 433144
1 740600 779165
1 328190 40826
1 477428 124631
1 535232 993247
1 527324 307832
1 308178 678000
0
1 295000 618416
1 574739 484165
0
0
0
1 923754 969581
1 793140 956979
1 651128 175214
0
1 13252 360497
0
1 843612 549858
1 302789 748665
1 600910 788579
1 493143 486723
1 854016 978522
0
0
1 379346 96722
0
0
0
1 49971 387286
1 705531 442630
0
0
0
1 256845 109857
0
1 294422 220818
1 529227 924182
1 365090 879443
1 995733 902978
1 907806 162679
0
0
0
0
1 983514 513234
1 339120 777868
1 360649 667829
1 28106 407929
1 824817 683716
0
0
1 526827 856358
0
0
0
0
1 587710 517857
1 983900 359125
0
1 303990 128058
1 419198 193121
1 17176 490848
0
1 22069 356407
1 117292 484774
0
0
1 795847 448417
0
0
0
0
0
0
1 457844 156309
1 338003 968068
1 180435 84756
1 118026 795165
1 191553 609758
1 555169 3221
1 196737 572831
1 811360 271743
1 605720 264211
0
1 377316 968253
1 295087 802982
1 158781 593588
0
0
0
1 758644 276514
0
0
0
1 754364 413594
1 485316 13981
0
1 97445 680294
1 385272 701965
1 540056 630891
1 234350 215969
1 246453 992733
1 851612 22905
0
0
0
1 144786 707422
0
0
0
1 433810 333077
0
1 64243 256289
1 817805 523908
1 615421 576394
0
0
0
0
0
1 920135 97046
0
0
0
0
0
0
0
1 110963 142665
1 21434 515756
1 303565 31211
0
1 293776 54757
1 227916 89718
1 803221 196881
0
1 567341 931444
0
0
0
1 80887 783663
0
0
1 631112 386737
0
1 754889 818432
0
1 955102 62053
0
0
0
0
1 690187 427962
1 175513 909565
1 132330 217598
0
0
0
1 747809 627563
0
1 488438 1077
0
0
0
0
1 46851 434553
1 214004 671192
0
0
0
0
0
1 865987 703206
0
0
1 451410 653972
1 510655 277727
0
0
1 899520 531456
1 108263 771831
1 987289 655322
0
1 31419 844583
1 907525 362146
0
1 541921 492719
1 899603 546441
0
0
0
1 662432 864924
1 501354 65151
0
0
0
0
0
1 543134 859635
0
0
1 506976 138185
0
1 448523 518474
0
0
0
0
0
0
1 459792 277403
1 607606 939903
0
1 582823 677689
1 239261 383144
0
0
0
1 792252 484405
1 927740 191075
0
1 506952 179901
1 131338 389950
1 267661 714487
0
1 786057 123891
1 295801 173265
1 783722 116187
1 480248 899240
0
0
0
1 772516 137864
1 892105 389141
0
1 574116 177774
1 20918 271153
1 597243 521994
0
0
0
1 310980 66235
0
1 15679 703576
1 97992 212722
0
1 223442 533412
0
1 63213 600107
0
0
0
1 341750 682369
1 117098 916939
1 297332 702965
1 81131 672599
1 689043 982172
1 523364 998363
1 868421 8788
0
1 999071 14943
1 684678 198010
0
1 454616 679441
1 633594 968001
0
0
0
0
0
0
1 997616 599354
0
1 49054 859153
1 572487 795749
0
0
0
1 710511 617805
0
0
1 447876 263950
1 479439 860194
0
1 137817 725873
0
0
1 358272 366932
0
1 630707 679600
0
1 166661 814761
1 14900 672370
0
0
0
1 631685 83312
1 440756 52688
0
1 647723 335227
0
0
0
1 483482 883271
0
0
0
1 199408 616595
1 788065 240748
1 509992 230953
1 683193 236180
0
0
0
0
1 680340 12137
1 408892 757788
0
1 927331 429737
0
1 863213 556501
0
1 856004 495768
1 564766 59720
0
0
0
0
0
1 93541 489787
1 446250 605023
0
1 963472 327214
1 147431 898458
0
0
0
1 649283 546278
1 318894 373473
1 453697 312916
1 589456 469561
0
1 120213 99869
1 733525 801219
1 562069 37039
0
0
0
1 335903 872118
0
0
1 286165 797615
1 112412 952857
0
0
0
0
0
1 230505 195224
1 589903 394885
0
1 385549 984347
1 280675 141828
1 307572 211030
0
0
1 597796 957320
0
0
0
1 331592 685594
1 893075 770780
1 926367 480654
1 187419 820721
0
0
1 842414 841507
0
1 493558 835090
0
1 513279 753056
0
1 780810 708867
1 633565 642319
1 867493 252574
0
0
0
1 216141 403320
0
1 947667 29381
1 767188 55734
1 605336 866625
1 743021 478928
0
1 872219 547996
1 75370 506105
0
0
0
0
0
1 239474 408876
0
0
1 345714 514883
1 775270 420922
1 498566 981721
0
0
1 443791 613079
0
0
0
1 53525 433954
1 899298 156078
1 217669 143239
0
1 772144 737632
1 902193 513853
1 569054 238224
1 845691 373777
1 890866 800814
1 848557 541979
0
0
0
1 734507 530231
1 275213 210837
0
0
1 337529 491637
0
1 538125 46721
1 526936 729365
1 460982 224745
1 208061 382944
0
1 804660 897666
1 143032 474491
1 578220 353190
0
0
1 240454 939343
0
0
0
1 360519 368642
1 296374 381285
1 830821 508094
0
1 221186 823319
0
1 39375 279426
1 53547 628487
0
1 359334 589241
1 791670 216748
0
0
1 313387 729634
1 432466 504058
0
1 786732 702761
0
1 564764 892085
0
0
0
1 162960 729692
0
0
0
1 481763 974351
1 185682 343167
0
1 691206 477607
0
0
0
0
1 546480 424683
1 837714 458168
0
1 988232 262533
1 323477 904130
1 9947 60544
1 595948 469946
1 903168 170749
0
1 596101 823962
0
1 417104 350797
1 666664 824522
0
1 865760 957647
1 45779 224943
1 526235 28118
0
1 646357 683080
0
0
0
1 368013 357091
1 991627 615811
1 626242 772160
0
1 355773 866281
1 778180 697339
0
0
1 77973 331569
1 785870 193849
0
0
1 994758 966924
1 530868 28738
0
0
1 624603 33335
0
0
1 588452 928824
1 934811 854888
1 999977 79743
1 307800 662464
0
0
0
0
0
0
1 852007 903846
1 990246 331022
0
0
1 970325 432559
0
0
1 680836 191355
1 872160 707677
0
1 525660 762500
0
0
1 967087 11521
0
1 131739 526584
1 754712 539370
0
0
1 59827 427112
0
0
0
0
0
1 190672 509019
1 757482 160793
1 117612 240656
1 710963 692142
1 939979 797886
1 629725 442508
0
1 80173 48136
1 339307 746393
0
1 383657 254856
0
1 177782 764620
0
1 595433 629972
1 296726 956218
0
0
0
0
0
0
1 685953 169260
1 240258 1635
1 539726 675285
1 92745 124955
1 194622 129642
1 738471 808946
0
0
0
0
1 340970 980132
0
0
1 372932 562878
0
0
1 320653 803916
1 527794 225769
1 142006 383281
0
1 854280 735496
1 621933 867647
1 77835 865896
1 658672 775046
0
1 87901 262605
1 420452 499540
0
0
1 550199 338391
1 193935 44404
0
0
1 492495 7094
0
0
1 737281 365346
0
1 939104 886321
1 721622 929001
0
0
1 573347 699391
0
1 729474 584625
0
0
1 823004 983452
0
0
0
0
1 654188 183289
1 820798 469382
0
0
0
0
0
0
1 825433 134644
0
0
0
1 552984 641028
1 782642 272865
0
1 635347 454329
0
0
0
0
1 926224 780642
1 964728 315735
1 451201 990974
0
0
0
0
0
0
1 459138 493484
1 156010 935107
1 355071 448445
0
1 107587 966443
0
0
0
1 566150 800803
1 689387 789803
1 802928 107361
1 49832 32041
0
1 860200 745990
1 974073 820657
0
0
1 586918 97954
0
1 385130 344640
1 356392 389057
0
1 314905 668188
0
1 672784 990134
1 544648 251440
1 515633 760026
1 390572 189304
1 317584 626178
1 846064 196985
1 495747 910732
1 437182 228973
1 605744 52390
1 447620 992051
1 636669 432413
0
0
0
1 466661 574242
0
0
0
1 805739 927162
0
1 49226 489919
1 145130 606902
1 393165 561281
0
0
0
0
0
1 661802 867138
1 533680 461901
1 694643 487651
0
1 568704 932284
0
1 437288 907709
0
1 783131 350475
0
1 173433 347858
0
1 173161 956946
1 876063 354996
0
0
1 433937 324958
1 310842 423806
1 634132 695337
1 838740 802619
0
0
0
0
0
1 938382 97121
0
0
0
1 148860 762772
1 652783 648161
1 155117 441590
0
1 747901 924471
1 369391 213914
1 55029 453186
1 786972 886660
1 857671 564334
0
0
0
1 943791 752388
1 767101 304070
1 340998 92019
1 61601 384022
0
0
1 835013 263003
1 987752 120939
1 228967 124485
0
1 313579 481022
1 578052 564416
0
1 778956 208057
1 854588 191459
0
0
1 691859 660759
0
0
0
0
0
0
0
1 450701 605331
1 969531 749955
1 153310 279213
0
1 921729 430794
0
1 954475 703976
1 673572 795674
0
1 439136 207958
1 394943 99056
0
1 562941 719026
1 198005 434539
1 258196 460750
0
0
0
0
1 293075 236924
1 898401 544564
0
1 416872 677699
1 7209 978256
0
0
1 480082 822847
0
1 493564 397479
0
1 713089 819915
0
0
0
0
0
1 73525 742160
0
1 761825 115026
0
0
0
1 669449 780797
0
1 307194 480209
1 540395 311313
0
1 997128 446098
1 311687 382436
1 27126 434297
1 937638 662535
1 708541 616895
0
0
0
0
1 271978 848936
0
0
0
1 253975 180013
0
1 326646 772633
1 327354 646706
0
1 897369 519615
0
0
0
0
1 677846 342875
1 539462 451266
1 71366 75023
0
1 838112 977699
1 693224 998850
0
0
0
0
1 349676 569368
0
1 330909 111927
0
1 463897 389986
0
0
1 180899 529274
1 737011 763122
0
1 394621 574708
0
1 820501 343669
0
1 498312 59515
0
0
1 214963 410601
1 312618 280052
1 961540 237339
0
1 363514 277272
1 774461 487929
1 375664 508864
1 342416 759143
0
1 907682 924843
0
1 332328 757228
1 796837 888484
1 26571 417163
0
1 51524 522971
1 721093 708512
0
0
1 15098 147698
1 753804 594839
1 672471 348142
1 565715 90860
1 587006 115874
1 866237 425772
0
0
1 162859 212319
1 837609 46514
1 522878 400544
0
1 540502 938933
1 5429 979995
0
0
1 651903 354795
0
1 227155 771460
1 761236 675180
1 684879 487028
1 301855 609021
1 458896 807746
0
0
1 669278 243716
1 493200 180255
1 158781 767302
0
0
1 859102 310429
1 239368 493749
0
1 346114 669777
1 200808 568518
0
1 911160 988472
1 689758 195245
1 602231 683484
1 120777 794026
0
0
0
0
1 263079 924089
0
1 471234 613361
0
1 150624 986377
1 917712 781863
0
1 729121 660005
0
0
1 308465 171319
0
1 102424 396300
0
1 977070 367746
0
1 409520 867651
0
0
1 81694 429151
0
0
0
1 206637 535430
1 126026 472238
1 601117 947396
1 194982 33445
1 998557 415167
0
1 756566 985226
1 128416 845588
0
0
1 899520 923048
0
0
0
1 321282 890258
1 185605 92817
0
1 457425 389750
0
0
1 568851 870646
1 383407 392376
0
1 334215 507468
0
1 472268 296139
0
1 523425 345716
1 976393 16171
1 724487 116918
0
0
1 548704 358546
1 403699 674760
0
1 598399 270069
0
0
0
1 284476 600141
1 674196 828493
0
0
1 751762 802239
1 170203 898465
0
0
0
0
0
1 551278 374965
1 100330 543716
1 899809 332280
1 448402 335628
1 791781 24135
0
0
1 850647 704945
0
0
0
0
1 938861 683669
0
0
0
1 507598 351970
1 8781 251718
1 134358 198800
1 737666 711461
0
0
1 867399 335614
1 204070 337360
0
0
0
1 768025 214654
1 593816 775710
1 519686 112756
1 390568 461656
1 511033 910745
1 299814 623992
0
0
1 459626 812234
1 377894 197938
0
0
1 463689 477659
1 493436 252252
1 359309 132154
1 874257 962437
0
1 23825 694219
1 314311 383132
1 581023 264662
0
1 353863 693906
0
1 698273 393241
0
1 579894 356637
0
0
0
1 361428 567424
1 43192 268888
1 779896 438712
1 543348 411565
1 509206 858359
1 843078 922619
0
1 340126 964180
1 561654 40055
1 272050 77832
0
0
1 983606 301977
1 527168 81374
0
0
0
1 296483 236769
1 280826 406835
0
1 489461 493881
1 519746 47357
0
1 241944 827764
1 480454 16817
0
1 395226 917819
0
0
0
1 927677 140996
1 683156 995453
1 404144 25130
1 499221 982489
1 504886 941898
0
0
0
0
1 151819 71085
1 96499 352733
1 518825 23086
1 385211 986004
1 406775 387064
0
0
0
1 259936 215950
1 522403 323993
0
1 301482 787524
0
0
0
1 192002 708071
1 155008 74639
0
0
1 726135 885752
1 697053 486717
0
0
1 607713 500117
0
0
0
1 901955 293948
1 805474 974191
0
0
1 679107 375175
0
0
1 990795 672317
1 543623 31230
1 733029 765435
0
1 115356 779522
1 750195 161898
1 967775 408879
0
1 189810 73940
0
0
0
0
0
1 606493 716246
1 369751 409970
0
0
1 695879 779091
1 885613 109356
1 514821 782625
0
1 520491 904910
1 576654 935489
1 242336 355367
1 966616 280380
1 674055 270957
0
0
0
1 782975 142943
0
1 299570 609471
0
0
0
0
1 625682 62767
0
0
0
1 783114 167473
1 695123 950991
0
0
1 118953 401476
1 78358 107598
0
0
1 908574 65617
1 466479 256360
0
0
1 940633 141815
0
1 539569 632414
1 9480 427687
0
1 879836 806941
0
0
0
0
1 53892 327287
1 580307 906384
1 252911 379204
1 344457 630107
0
0
1 573419 636385
1 79860 348272
0
0
1 780524 46211
1 812432 397098
0
0
0
0
1 916451 466691
1 738863 431127
0
0
0
0
1 326419 507153
1 715364 334382
1 702754 826947
0
0
0
1 669095 37848
0
1 554662 194689
1 641699 739580
0
0
1 687252 400472
0
1 730194 926212
1 354138 919545
1 2488 452214
1 387860 246287
1 325028 76577
1 866439 668033
0
0
0
0
0
0
0
0
1 523853 696706
1 154303 243944
1 200778 674824
1 676153 381089
1 148101 397051
0
0
0
0
1 42807 295098
1 950482 517736
0
1 698857 376586
0
1 584204 355989
0
1 375790 196527
1 830718 602640
0
1 803 199461
0
1 245 76579
1 65390 184510
0
1 95945 736430
0
0
0
0
1 111853 932814
0
0
0
1 276281 29541
1 274490 827666
1 200176 269639
0
1 579246 63741
0
1 615040 807775
0
1 425382 889055
0
0
1 916044 98882
0
1 319867 238089
1 234816 833440
1 320649 634701
1 487255 261977
0
1 628419 295189
1 954641 429373
1 213029 273082
0
1 58734 288446
0
1 122581 132855
0
1 191898 533396
1 474151 362280
0
0
1 312551 359330
1 125351 193510
1 47578 398119
0
0
0
0
0
1 879198 519239
0
0
1 352085 452818
0
0
1 899917 790724
1 616731 682674
0
1 784405 666752
0
1 998415 475409
1 772920 233453
0
0
1 412544 362127
0
1 922582 717864
1 219199 415391
1 187277 917346
1 48186 911273
0
1 739460 284325
0
1 771525 183742
1 929781 416322
1 291207 91943
1 505077 57485
0
0
0
0
1 479457 251953
0
1 277204 319605
0
1 569517 875326
0
1 606471 412041
0
0
0
1 93692 188017
1 965131 247768
1 39349 461129
0
0
0
1 400189 878902
1 269890 378713
0
0
1 448646 490576
1 727316 609964
0
1 211823 906860
1 255796 187248
0
0
0
1 279652 790756
0
0
0
0
0
0
0
1 388426 101385
0
0
1 558910 918183
1 971063 996395
1 723902 515500
0
0
1 834975 872596
1 659961 612674
0
0
0
0
0
1 968436 264167
1 475750 368200
0
1 650439 940395
1 677602 401782
1 924298 880101
1 478451 11032
1 266491 409162
1 731280 288922
1 907969 846844
0
0
0
0
0
0
0
1 982775 656386
1 773369 953021
0
1 661062 78848
0
0
1 816093 868592
1 496723 312595
1 838917 838617
0
1 434379 658610
0
0
1 987434 747766
1 148380 742245
0
1 37655 363976
1 633201 239362
0
1 339484 208239
1 839452 137704
1 271553 399090
0
0
1 277387 919494
1 761598 389055
0
1 467628 522840
1 492093 83548
1 453560 460506
0
1 503698 385173
0
0
1 356624 484119
1 570066 129909
0
1 200278 108305
0
0
0
0
0
0
1 323666 373879
1 588045 347802
1 65715 867775
1 912902 446344
1 858247 233323
0
1 540277 588080
0
1 443057 515835
0
0
0
0
1 231261 426812
0
1 507279 207209
0
0
1 326007 159312
0
0
0
1 975340 460266
1 196347 769415
0
1 650724 883813
0
1 173928 293947
0
1 599627 995156
1 487114 146152
1 245896 330169
1 268505 626987
0
0
1 823821 704801
0
0
0
1 988218 838872
1 122961 449305
0
1 763975 572871
1 496855 495081
0
1 938859 384034
1 580547 712919
1 562899 33681
0
1 217205 665786
1 75020 558704
1 440396 659146
1 659715 484521
1 956972 413860
0
0
0
0
1 106547 120586
1 561311 175702
1 991084 528967
0
0
1 312570 854601
0
0
1 250659 35288
1 976891 456424
1 443840 389011
1 152356 41565
1 798490 487003
0
0
1 583256 289178
1 95421 872541
0
0
0
1 15622 239088
0
1 96503 707869
0
1 59282 987127
0
0
1 714608 181327
0
0
0
0
1 855800 179258
1 58371 706597
1 816704 686568
1 252974 264426
0
1 431212 813584
1 855128 978687
0
0
0
1 926767 741001
0
1 18504 859594
0
1 116619 734582
1 367557 287601
0
1 756760 64048
1 791789 245506
1 61728 234927
1 135548 829167
1 194169 443958
1 587229 906187
0
0
1 27951 658053
1 847600 199821
1 129204 390222
1 903487 706877
0
1 888346 222944
0
0
1 487873 761372
1 188046 399356
0
1 948036 771029
1 691618 188492
1 134316 53306
1 635895 190472
1 836888 531486
1 682908 495838
0
0
0
1 771435 349880
0
0
0
1 686701 417449
1 813257 608062
1 29284 684222
0
1 850669 173345
1 748058 320848
0
0
1 180526 449790
0
0
1 802209 570037
0
1 879236 632683
0
1 439162 374936
1 582576 647189
0
1 250354 970526
1 449235 589016
1 41961 396723
0
0
1 249534 870912
1 375510 471937
1 623848 939710
1 522410 47113
0
0
0
1 203278 689323
1 235852 871745
0
1 676564 709252
1 223083 522243
1 6824 889102
0
0
0
0
0
0
0
1 627354 640162
1 508252 782626
1 159925 108391
0
0
1 573053 685440
0
0
1 130413 979957
1 909456 409335
0
1 762633 982070
0
1 314609 269923
1 428106 426301
0
0
1 103853 573085
0
0
0
0
1 451379 9436
1 872898 778593
0
1 264083 491359
1 597528 362733
0
0
1 325124 326261
1 297191 582230
0
0
1 172353 407240
1 673677 350759
0
1 143692 893264
0
0
1 75414 680317
0
1 292757 116863
1 584640 915695
0
0
0
1 150709 515904
0
1 791761 38492
1 385899 511282
0
0
0
0
1 482546 391547
0
1 680904 145211
1 681962 61212
0
0
0
0
1 458387 994601
0
1 455162 492964
0
1 959554 164121
1 319078 610588
1 109186 220718
1 473672 253509
1 255513 110395
1 94162 477706
1 164134 707263
1 821621 662426
1 389922 760598
0
0
1 785989 661919
1 490950 754415
1 60145 379684
0
0
0
1 542836 683402
1 308472 263736
1 470630 438877
0
0
0
1 197251 831928
0
0
1 289181 506759
1 841774 441068
0
1 139959 119627
1 431904 958006
1 761414 531814
0
0
0
1 829205 66183
1 176330 598567
1 409615 605560
1 627877 561370
1 840603 687572
1 999456 837858
0
1 645895 974555
1 165849 198890
0
0
1 384497 907951
1 169068 176779
0
0
0
0
1 289487 416366
0
0
1 187595 72396
1 630903 179228
0
1 871131 956010
0
0
1 835140 680158
0
0
0
0
1 450969 549606
0
0
1 471043 105306
1 15009 20072
1 716089 740135
0
0
1 546022 537668
0
1 562065 914679
1 291651 557559
0
0
1 118322 577366
1 438324 537353
0
1 881414 620857
1 266820 625836
0
0
0
1 89977 837611
0
0
0
1 228855 492043
1 587185 140072
1 31994 763003
0
1 71567 78181
0
1 328780 958217
0
0
0
0
1 389811 117234
0
1 301914 801856
0
1 891207 142775
1 447735 269353
0
1 841653 317233
0
1 416973 778101
1 314124 87830
0
1 12317 858941
1 929965 583682
1 41364 238140
1 488050 246183
0
0
1 142813 985722
1 183864 164348
0
0
0
0
1 625730 738457
1 329494 358724
0
1 391447 332468
0
1 199764 895138
0
0
0
0
0
1 289750 484978
1 412582 205723
1 579268 17292
1 991941 213811
0
1 974425 215904
0
1 105766 351167
0
0
0
1 984690 239142
1 130916 179680
0
1 609362 21755
0
0
0
0
1 919036 367364
1 735145 650832
0
1 608834 36312
1 596593 243335
1 532958 881933
0
1 160243 88327
1 285283 97247
0
0
0
0
0
1 947862 709153
0
1 225364 866521
0
0
1 284407 909057
1 190329 38058
0
0
0
1 159123 41702
1 845097 160856
1 864054 897522
0
0
1 190381 298850
1 787603 460252
1 140113 844510
1 196841 292683
0
1 255182 562506
1 598510 173915
1 579161 912087
1 217330 414991
0
0
1 773820 566311
0
1 679320 566982
0
1 981691 864881
0
0
1 311224 410607
1 635251 128504
0
1 423258 143763
1 614492 13842
0
0
0
0
0
1 442633 691317
1 463600 838112
0
1 914830 91419
1 318585 581695
1 474738 270020
1 555538 484064
1 460544 28126
0
1 306521 300805
0
1 951107 61381
1 141188 282514
0
0
1 379658 415449
0
0
0
0
0
1 461582 86228
1 755086 332045
1 629492 34280
0
0
0
1 990174 198806
1 537042 60670
0
1 13748 910579
0
1 206646 342973
1 264565 480965
0
0
1 597441 546475
1 789860 260761
0
1 870222 654415
0
1 578440 576990
1 388165 519826
0
1 777541 53636
1 802125 850892
1 758021 841751
1 779650 418435
1 174145 609554
0
0
1 641102 253601
0
1 96785 465845
0
0
1 989583 966474
0
1 70116 62123
1 881724 701787
1 498145 70148
1 62685 845786
0
0
1 756865 870645
0
0
0
1 147421 291771
0
0
1 722051 753814
0
0
0
0
0
0
0
1 411297 335627
1 432062 908177
0
1 119772 961922
1 113234 533247
1 354236 451668
1 626898 882167
0
0
0
1 71892 397377
1 82956 997866
1 918232 345905
1 172231 922983
1 336288 9084
1 553649 484777
1 830576 845412
0
0
0
1 968118 101402
0
1 598611 415799
1 897293 286935
1 267393 668518
0
1 447642 814455
0
1 370873 884651
1 393974 844081
1 273807 11515
0
1 807865 538114
0
1 100973 457520
0
0
0
0
0
0
1 324608 198024
1 281451 429125
1 592029 27419
1 88451 565693
0
0
0
1 865018 46425
0
1 868736 225104
1 891607 396611
1 738776 441345
0
0
0
0
0
1 273453 283389
0
1 18457 664321
1 191221 373283
0
1 621777 582933
0
0
0
1 272195 724662
1 323773 340294
0
0
0
0
0
0
0
0
0
1 215389 631493
0
0
0
0
1 74346 959338
0
1 27562 769209
0
1 652533 430441
1 740711 195478
1 392087 878609
0
1 536963 754317
1 415750 7089
1 812587 266216
1 575671 57819
0
1 719958 673467
1 236511 536908
0
1 241562 628841
1 594698 514098
1 464039 70704
1 578936 745600
1 181087 990918
0
0
0
1 653081 958255
0
1 963310 670053
0
0
0
0
1 668788 296754
0
0
1 845674 355051
0
0
1 628484 78972
0
0
0
1 886552 285834
0
0
1 921010 215374
0
1 261042 466769
1 750842 111112
0
1 46663 297997
0
0
0
1 513176 531763
1 597830 422400
1 866576 710324
1 926751 566712
0
0
0
0
0
0
1 636546 731546
1 156948 395289
0
1 795743 697961
0
1 571271 22391
1 356141 38152
0
1 368024 621907
0
1 927890 232425
1 396197 683604
1 291905 94169
0
1 141961 802089
0
1 262948 234054
0
1 639913 282062
1 56482 532755
0
1 383212 611142
0
0
1 143503 431251
1 723668 18758
0
0
0
1 210540 312385
1 626711 452778
0
1 177243 797894
1 543243 799317
1 582101 939521
1 692880 861090
1 675531 900457
1 148086 976544
1 198916 486469
1 745706 558884
1 735045 136126
0
1 467477 747349
1 827 594767
1 685094 936633
1 398771 932859
1 227726 848495
0
0
0
1 480444 816169
0
0
1 456065 849196
1 629608 630649
0
1 693303 32767
1 138318 449424
1 17865 612453
0
1 643737 513323
1 348544 933446
1 762768 693181
0
1 402362 171932
0
0
1 488563 958600
0
1 965190 247740
1 192338 831874
1 155598 845874
1 392365 803281
0
0
1 159949 813636
1 233329 202142
0
0
1 470245 151026
0
0
0
0
1 157629 521657
0
1 147796 99602
0
1 116068 516021
1 372005 807223
0
0
0
1 798906 863936
1 145657 313258
1 977349 958024
0
0
1 856019 669876
1 140619 194160
0
0
0
1 340589 314311
1 544958 840590
0
1 416554 766057
0
1 766160 694034
1 594397 613930
1 843824 363919
0
1 42993 553250
1 861016 63834
1 344272 485418
1 512532 175911
1 172098 186380
0
0
0
0
0
1 243885 999866
0
0
1 554509 246758
0
1 465555 312966
1 275282 328496
0
1 282831 222580
1 887967 151380
0
0
0
1 942929 268016
0
0
1 355689 973811
0
1 202975 70199
0
0
1 169672 425790
1 313799 157822
0
1 513968 851249
0
1 386325 354882
1 598378 827416
0
1 366973 467546
1 539695 955163
1 657005 213783
0
1 859970 449266
1 441880 236139
0
0
1 500285 428222
1 991323 79256
1 570545 491576
1 489104 384115
0
1 312006 899574
1 229017 370961
0
0
0
1 193367 316684
1 663682 471902
1 300960 346468
1 394471 631098
0
1 826534 243526
1 974028 189534
0
0
0
1 579940 766112
1 313287 977650
0
1 484156 121974
0
1 896079 493348
1 782580 259739
0
1 126031 479837
1 322525 822034
1 985355 588108
1 576245 577122
0
0
1 120495 309057
1 358917 445948
0
0
1 74089 259740
0
0
0
1 98745 856363
1 342400 330191
1 691630 7400
0
1 434275 130523
0
1 416731 809643
1 561568 782636
0
1 586095 888628
1 88771 920271
1 602609 418546
1 377914 227105
1 650425 703827
0
1 627751 688118
0
1 584059 337482
1 784164 655873
0
0
0
1 166546 17513
1 459175 255368
1 902348 542061
1 11150 229944
1 757015 909645
0
0
1 61168 540071
0
0
0
0
1 53997 59572
0
0
1 664130 318558
0
0
1 890552 969290
1 600794 277787
0
0
1 515360 723801
0
0
0
1 775966 437877
0
1 552133 908474
0
1 341628 3162
0
1 329748 885756
1 930979 329188
1 453300 723227
0
0
0
0
1 809493 922988
1 318865 822739
0
