617
1 52375 1000000
2 29005
1 595582 1000000
0
0
2 92956
1 856893 1000000
0
2 503644
0
1 215744 1000000
1 733146 1000000
1 143479 1000000
2 238547
0
2 526543
0
1 849651 1000000
2 734081
2 981559
1 831608 1000000
1 874238 1000000
2 893811
1 128621 1000000
2 852086
1 191303 1000000
1 736008 1000000
2 924443
1 993928 1000000
0
1 103511 1000000
2 374531
2 911602
1 807250 1000000
0
0
1 639558 1000000
1 128735 1000000
0
0
2 513207
1 384575 1000000
2 678288
2 647209
1 98991 1000000
0
0
0
2 229810
2 192047
2 16646
1 886613 1000000
2 83783
1 894766 1000000
1 583837 1000000
0
2 527855
0
0
1 853658 1000000
0
0
2 5139
1 212157 1000000
1 789484 1000000
0
2 584762
1 37570 1000000
0
1 674342 1000000
0
2 24282
1 842296 1000000
2 4964
2 798761
1 418087 1000000
1 929989 1000000
0
0
2 211159
2 857755
2 669015
1 474357 1000000
2 162186
2 189839
2 81124
0
1 425234 1000000
1 253270 1000000
0
2 768926
2 488326
2 204418
0
1 875144 1000000
0
2 499834
1 753695 1000000
0
2 922648
2 440838
1 84836 1000000
1 468684 1000000
0
2 600257
0
2 28509
0
2 491301
1 135202 1000000
1 828288 1000000
2 258665
0
0
2 274788
2 581817
2 379807
1 277233 1000000
2 172365
2 777135
1 150053 1000000
0
0
1 888957 1000000
1 413795 1000000
2 447453
0
2 635334
0
0
0
1 86914 1000000
2 495038
0
0
2 93000
0
0
1 821737 1000000
1 942444 1000000
0
2 117322
1 817763 1000000
2 908312
0
2 88142
2 646721
0
2 168305
0
2 405321
2 175925
1 790525 1000000
1 352497 1000000
1 9383 1000000
1 171860 1000000
2 494485
0
0
0
2 63763
2 186422
1 308908 1000000
0
1 696107 1000000
1 142431 1000000
2 42938
1 273717 1000000
1 74701 1000000
1 934585 1000000
2 363453
0
0
2 536549
1 583611 1000000
2 697972
0
1 852013 1000000
2 73766
1 834415 1000000
2 781016
1 727734 1000000
2 944694
0
2 223426
2 397267
2 81705
1 823430 1000000
2 624963
1 185078 1000000
0
2 675474
2 337693
0
1 430426 1000000
2 29208
0
2 687137
0
0
0
0
1 525654 1000000
1 397696 1000000
0
0
0
1 317283 1000000
1 386522 1000000
2 786829
0
1 558278 1000000
2 940381
1 163487 1000000
0
2 348716
0
0
2 672060
2 120080
2 656994
2 122007
0
0
0
0
1 342557 1000000
2 392456
1 335505 1000000
1 117030 1000000
1 804808 1000000
0
2 392051
0
2 304571
0
2 151098
2 474057
1 606340 1000000
0
0
2 187379
2 246152
2 127122
0
0
0
2 14101
0
1 941199 1000000
1 260377 1000000
1 255575 1000000
2 275922
1 828905 1000000
0
1 107481 1000000
2 772400
1 221297 1000000
0
2 647778
1 204939 1000000
1 852630 1000000
0
0
2 45561
0
0
1 729908 1000000
2 752883
0
0
1 884303 1000000
1 117165 1000000
0
1 229785 1000000
2 566640
2 831274
2 250468
0
0
0
1 496134 1000000
0
0
2 714930
2 911532
0
0
0
1 961925 1000000
0
2 473368
1 46013 1000000
1 554422 1000000
0
1 492704 1000000
1 31813 1000000
2 100368
2 76034
1 241304 1000000
1 435893 1000000
2 298571
1 33611 1000000
0
0
2 232833
2 378941
2 264865
2 683278
1 248821 1000000
0
2 476412
1 878629 1000000
1 710739 1000000
2 114104
2 17115
2 996023
2 488081
1 309931 1000000
1 635929 1000000
1 901590 1000000
0
0
1 699215 1000000
2 327596
1 156250 1000000
2 676436
1 276115 1000000
1 383538 1000000
2 53386
2 942213
1 347887 1000000
0
2 684926
2 433580
2 487969
0
1 863067 1000000
0
2 857054
2 256630
0
2 236163
2 10976
1 349517 1000000
0
1 415079 1000000
1 581551 1000000
0
2 702774
1 456273 1000000
1 453738 1000000
2 402021
0
2 479418
1 116123 1000000
1 962938 1000000
1 108274 1000000
0
2 665033
1 893794 1000000
0
1 407048 1000000
2 890516
1 701722 1000000
2 552051
0
1 622240 1000000
0
2 78137
2 594202
0
1 477894 1000000
2 972281
1 676295 1000000
1 165766 1000000
1 921787 1000000
1 116825 1000000
1 503179 1000000
1 369773 1000000
2 838945
0
1 26800 1000000
1 158358 1000000
0
2 838298
0
1 598216 1000000
0
1 184123 1000000
2 692894
0
1 157271 1000000
1 220023 1000000
2 231212
2 389290
2 401491
2 474101
1 388279 1000000
0
2 384114
2 994341
1 882983 1000000
2 171050
0
1 864158 1000000
0
2 911076
1 109962 1000000
1 409765 1000000
1 641215 1000000
2 827294
0
0
1 780834 1000000
1 1445 1000000
0
2 643514
1 387447 1000000
0
1 49591 1000000
0
0
0
2 49644
0
0
1 381924 1000000
2 967049
2 274809
1 932902 1000000
1 61086 1000000
0
2 958169
0
1 93787 1000000
1 489434 1000000
1 42463 1000000
1 369438 1000000
0
2 544482
1 353694 1000000
0
2 445409
2 422152
1 937245 1000000
1 985798 1000000
2 386184
1 718924 1000000
1 487084 1000000
2 425119
1 950410 1000000
1 776371 1000000
0
2 628201
0
1 625809 1000000
2 33656
0
2 936556
0
2 565955
2 360084
0
0
1 730371 1000000
1 503443 1000000
0
2 569737
1 173647 1000000
1 555804 1000000
1 109312 1000000
1 315118 1000000
2 622418
1 959284 1000000
1 303571 1000000
0
1 200244 1000000
0
0
2 48976
1 162792 1000000
2 79901
0
1 848778 1000000
2 236510
1 222344 1000000
0
2 420285
0
2 752590
1 421281 1000000
0
2 566326
1 314411 1000000
1 19099 1000000
0
2 957928
0
2 148405
1 214473 1000000
2 643922
1 233276 1000000
2 143228
0
2 121542
2 198529
2 10433
2 10466
2 450790
0
1 970243 1000000
0
2 531941
0
1 250079 1000000
2 377914
2 662255
1 172086 1000000
2 415621
2 594715
2 792414
1 290602 1000000
2 109189
1 504600 1000000
0
1 703540 1000000
2 417231
2 205510
1 914764 1000000
1 915581 1000000
1 470771 1000000
0
2 536260
0
1 264362 1000000
2 123580
0
2 693147
1 708146 1000000
2 230911
0
0
0
2 123466
0
2 890037
0
2 355712
2 543704
2 628624
2 814889
2 248007
1 244222 1000000
2 552586
0
1 829508 1000000
0
2 965060
1 19763 1000000
1 571069 1000000
0
1 55284 1000000
1 360617 1000000
0
1 1923 1000000
0
2 753593
0
1 646859 1000000
0
1 982538 1000000
0
1 145350 1000000
0
0
1 360709 1000000
2 641558
0
1 642288 1000000
0
2 853970
1 379460 1000000
1 942399 1000000
1 695263 1000000
0
1 316814 1000000
2 1301
1 871305 1000000
2 843327
0
2 373049
0
1 879774 1000000
2 293696
2 445770
2 604056
1 931369 1000000
0
2 34350
0
0
0
0
1 376378 1000000
1 274117 1000000
2 912175
2 970401
2 212379
0
1 416321 1000000
1 639680 1000000
0
0
1 104103 1000000
1 295403 1000000
0
