459
1 884389 1000000
0
1 684080 1000000
0
0
1 374334 1000000
1 933839 1000000
1 313421 1000000
1 417454 1000000
2 350351
0
0
1 177907 1000000
2 771736
0
2 385236
0
1 477153 1000000
1 310214 1000000
1 761382 1000000
1 718208 1000000
1 733581 1000000
2 888992
2 421772
1 788456 1000000
2 715958
2 782861
0
2 211691
2 913926
1 325948 1000000
2 915786
2 22806
0
0
0
0
1 635449 1000000
2 331316
2 775663
0
1 16463 1000000
0
2 813041
2 195562
1 477741 1000000
2 370750
2 135137
0
0
2 11758
2 12731
0
0
1 109371 1000000
1 34629 1000000
2 112160
0
1 407297 1000000
2 71209
2 16688
2 306850
2 33435
2 13027
1 160172 1000000
0
1 851799 1000000
0
2 884040
0
2 111754
0
2 15179
0
2 303
2 761
1 566514 1000000
1 474660 1000000
1 694882 1000000
1 512975 1000000
2 838159
2 290789
1 215383 1000000
0
1 560591 1000000
2 588938
0
0
2 169392
0
0
2 959039
0
0
1 893743 1000000
0
1 715204 1000000
1 316030 1000000
2 469046
1 548708 1000000
2 33129
2 92253
0
1 655733 1000000
0
2 336411
2 874297
1 938118 1000000
1 521923 1000000
1 97131 1000000
2 503786
2 607694
2 704051
0
1 352830 1000000
2 4489
0
0
1 854005 1000000
0
2 448661
2 137004
1 745262 1000000
0
2 375025
0
1 773884 1000000
0
2 44375
1 681085 1000000
0
2 921184
0
0
2 870644
0
0
1 310154 1000000
2 417354
1 335180 1000000
1 693960 1000000
1 947777 1000000
0
1 175492 1000000
1 82003 1000000
2 872561
2 141703
0
0
2 618420
1 479776 1000000
2 119800
1 398168 1000000
0
0
0
2 474447
0
0
2 196808
1 32563 1000000
2 810385
0
0
2 805774
1 142036 1000000
2 390524
2 377991
2 32761
0
1 20071 1000000
1 47239 1000000
0
0
1 869925 1000000
0
2 197831
0
0
0
1 810933 1000000
1 114533 1000000
1 762166 1000000
1 576847 1000000
1 975834 1000000
1 112606 1000000
0
2 306981
2 912127
1 314386 1000000
2 23513
1 498319 1000000
1 726554 1000000
0
2 312804
2 150516
1 403619 1000000
2 358409
0
2 881862
2 577550
2 306637
2 128788
0
2 810582
1 793222 1000000
2 556842
0
2 44417
2 8733
2 836140
0
1 304639 1000000
2 457264
0
0
0
0
1 507624 1000000
0
0
1 901506 1000000
0
1 176805 1000000
0
0
1 891393 1000000
0
2 56917
1 653542 1000000
0
1 411844 1000000
2 734449
2 60636
0
1 762694 1000000
2 784091
1 801173 1000000
0
2 229559
2 374053
2 654464
0
0
0
0
2 163864
0
2 43467
0
1 46374 1000000
2 526999
1 939432 1000000
2 594448
1 429796 1000000
1 423656 1000000
1 478631 1000000
2 710235
2 505347
2 998861
1 332525 1000000
1 600065 1000000
0
1 703740 1000000
1 908536 1000000
2 99915
1 523676 1000000
2 787977
2 371656
1 387777 1000000
0
2 557031
2 545263
2 801539
0
2 709273
2 501076
2 546323
0
2 153581
2 7563
2 9427
1 567936 1000000
0
2 333590
2 159584
2 17407
2 47117
0
0
1 699939 1000000
0
1 653472 1000000
1 155295 1000000
0
0
1 349689 1000000
2 873240
2 775025
1 970875 1000000
2 189966
0
2 703426
0
2 213460
0
2 44820
1 168484 1000000
1 915333 1000000
2 189975
0
1 752180 1000000
1 180313 1000000
0
1 177945 1000000
2 307638
2 820548
1 181148 1000000
0
2 505950
0
2 230880
1 867411 1000000
2 117106
1 247877 1000000
1 64344 1000000
0
1 576134 1000000
0
1 694246 1000000
1 14651 1000000
1 926736 1000000
1 387381 1000000
0
1 936953 1000000
1 258868 1000000
2 442574
1 638991 1000000
1 264367 1000000
1 914841 1000000
0
0
1 727585 1000000
0
2 513909
1 649783 1000000
0
1 418634 1000000
0
2 345467
1 421141 1000000
0
1 452924 1000000
2 515440
2 860978
2 229571
2 126403
0
1 204802 1000000
1 289094 1000000
1 144760 1000000
2 820775
1 855751 1000000
2 354436
0
0
2 595603
2 257711
2 559766
2 120533
0
0
2 10206
1 182924 1000000
0
2 837042
2 895733
0
0
0
1 571066 1000000
1 929051 1000000
1 992847 1000000
2 14124
2 92419
1 513087 1000000
1 843425 1000000
2 201095
2 504102
2 25253
2 12914
0
0
2 159152
2 683915
0
0
1 476401 1000000
2 386654
0
1 936885 1000000
0
1 98591 1000000
0
2 295253
1 880095 1000000
2 397673
2 508665
2 391812
2 21002
2 514224
1 767349 1000000
2 685755
2 144092
0
1 880877 1000000
0
2 315450
2 697813
0
2 283536
1 565062 1000000
1 297033 1000000
0
1 485518 1000000
1 352137 1000000
1 126127 1000000
0
1 298730 1000000
0
1 296044 1000000
0
1 323812 1000000
0
2 790279
0
0
0
2 660332
0
0
2 771007
0
0
2 294253
1 149300 1000000
1 272655 1000000
2 183084
1 890508 1000000
0
1 829523 1000000
1 889240 1000000
1 803030 1000000
0
2 182061
2 653677
2 341632
0
0
