4022
1 750477 314452
0
1 283608 913267
0
0
1 936685 323534
0
1 462446 294188
1 173821 580660
1 107048 260481
1 864979 369260
0
0
0
1 574439 121851
0
1 377539 266677
1 216884 309987
1 993125 484517
0
1 555973 370386
1 780678 881047
1 933692 667492
0
1 91787 162123
0
0
0
1 981825 277516
1 137567 888507
1 731757 404583
0
0
0
1 581604 874779
1 383008 798490
0
0
0
0
0
1 989187 472156
1 461384 274363
0
0
0
0
0
0
0
1 896858 146321
0
1 283352 245598
1 448078 241792
1 991817 902411
1 935967 945251
1 818527 779913
1 708489 582042
1 883922 132775
1 767886 490207
1 534995 897644
1 844798 79481
1 349577 146014
0
1 579803 413895
0
0
0
0
0
0
0
0
0
1 658803 904614
1 162418 470091
0
0
1 50778 598397
1 571433 242091
0
0
0
1 306911 967904
1 957879 431051
0
1 253113 367514
0
1 854679 301634
0
1 849648 434176
1 927627 940035
1 104564 150721
0
0
1 132542 118166
0
1 792714 937101
0
1 203879 512927
0
1 913517 784042
1 777997 245912
0
1 627137 753526
0
1 846807 202466
0
1 663018 229012
0
1 886213 279427
1 83990 819012
1 761160 233676
0
1 213896 336017
0
0
0
0
0
1 407256 525277
0
1 266135 583742
1 19047 304426
0
1 483302 910123
1 840480 385276
1 395987 151598
0
1 558150 450172
1 518215 57315
0
0
1 711583 432042
1 354156 55588
1 721685 619133
0
1 505272 123019
0
0
0
0
1 785214 662803
0
0
0
0
1 996091 491116
1 43532 611617
1 68918 495755
0
0
0
0
1 880440 966886
0
1 770444 14749
0
1 435550 971484
1 903421 341833
1 644164 951080
0
1 428189 489952
1 669273 761573
0
1 645527 354433
1 118043 459896
1 481345 103666
1 790141 919463
1 236349 443357
1 666963 45988
0
0
0
1 525231 495779
0
0
1 389511 100811
1 942067 976589
0
1 209503 193519
0
0
0
0
0
0
0
1 760958 751855
0
1 194516 831845
0
0
0
1 339484 392497
1 430079 283226
1 840448 730185
0
1 373910 629605
1 708624 193064
0
0
0
1 910791 208188
0
0
1 192197 327268
1 507371 842399
0
1 37589 60523
1 847184 916044
0
0
1 127062 526165
1 321129 451472
1 898662 115519
1 398304 674044
0
1 342671 919176
1 818376 248075
1 176939 952752
0
0
1 378270 239420
1 360072 38422
1 404331 36636
1 811329 850818
0
1 603998 429433
1 432235 490516
1 549239 782317
0
0
1 679453 709985
1 824982 254035
1 955512 233124
0
1 720623 699083
1 253851 264305
1 225562 499665
1 393691 187758
1 404779 676811
0
1 481579 589723
1 106194 730660
1 66289 746809
0
0
1 162549 204090
0
1 808586 268411
0
1 618718 131116
0
1 552755 320586
1 797154 711273
1 880719 754020
1 800357 289047
0
0
0
1 292545 779375
1 195401 357897
1 415531 837905
0
0
1 651280 96985
1 807525 316474
0
0
1 779397 491373
0
1 93041 372184
0
1 689591 381410
1 754149 429926
0
1 661252 290369
0
0
1 970841 864256
1 132620 401779
1 725370 790617
0
1 370786 424366
1 919213 559353
0
0
0
0
0
1 460535 22386
0
1 830079 90375
0
1 594984 802011
0
0
0
1 693634 93141
1 311816 752517
0
0
0
1 696349 483002
1 76781 488886
0
1 443445 695457
1 386837 264592
0
0
0
1 33427 642339
1 326445 996102
0
0
0
0
1 657780 367074
1 767950 936519
1 440901 655867
0
0
1 716156 120383
0
1 981974 976068
1 983494 220898
0
0
1 895697 738080
0
0
1 533648 547753
0
1 409157 159190
1 975295 291885
0
0
0
1 322743 258889
0
1 705666 726545
1 931902 825409
0
0
0
0
1 591678 462861
0
1 916372 280143
0
0
0
1 995426 515317
0
1 950726 498582
0
1 796065 272805
1 388548 230020
1 732416 927767
0
0
1 964761 988728
1 899681 463181
0
0
0
0
0
0
1 501991 615627
0
0
0
1 459120 399193
0
0
1 172111 410575
0
1 958501 171396
0
0
1 475917 540887
0
0
1 789146 165894
0
1 857628 514601
0
1 421381 983655
0
1 999918 170918
1 370276 54075
0
1 210920 338919
0
1 345269 676107
0
0
0
1 814001 245201
0
0
0
1 951591 734268
0
0
1 11764 748057
1 21057 223383
1 781380 310443
1 995884 239725
1 594285 977593
1 446052 38543
1 101137 569940
0
1 271089 301522
1 569083 700317
0
0
1 4889 838411
1 721992 438451
0
0
1 16094 745060
0
1 200602 856920
1 631878 51527
0
0
0
1 447404 150331
1 210178 239095
1 942802 925301
1 84660 960906
1 652786 771341
1 264560 663319
1 409136 826386
0
1 713266 772659
1 843891 175319
0
1 353763 661301
1 661737 527688
0
1 627279 567315
1 219366 715385
1 345906 650315
0
1 213269 663839
0
0
1 69140 334342
0
1 704057 920449
1 102730 958502
1 101162 671722
1 312810 869532
0
1 337839 391199
0
1 258913 577150
1 428834 650639
0
0
1 229627 426900
1 176844 283467
0
1 997162 893714
1 426424 479810
0
1 686087 657333
1 658724 965763
0
1 785261 604352
0
0
0
0
1 632387 348729
1 157511 543925
0
0
0
1 521628 125664
0
1 26653 893397
1 866806 107019
0
0
1 147777 648172
0
1 34318 179487
0
1 983197 483604
0
0
1 359771 449299
1 867512 991499
0
1 885075 323504
0
0
1 394186 463770
0
1 540431 922769
0
0
1 903014 241635
1 940433 472801
1 994083 489940
1 845886 309010
1 898461 747890
1 572711 292222
1 982183 766759
0
1 949193 318730
0
1 59475 825440
1 604272 191009
0
0
0
0
1 14984 36359
1 419426 627118
0
0
0
0
0
0
1 697326 166079
1 811475 473007
0
0
1 403349 39663
0
1 788706 238204
1 377932 86763
1 854179 197721
1 291700 1934
0
0
1 480320 577606
1 595316 536957
1 339652 867636
1 550731 531326
0
1 378351 130681
0
1 244255 790341
0
0
0
0
0
0
1 779848 941491
1 191641 251102
1 61436 659207
1 665115 324891
1 368834 274851
1 644264 110681
1 513666 306786
1 912733 841660
1 510628 19898
0
0
1 87787 865733
1 918479 968543
1 193699 400074
0
0
0
1 414167 259494
0
1 398589 367175
0
1 952568 623240
0
0
0
1 121549 180229
0
0
0
0
1 90915 135267
1 363756 410821
1 895788 599551
1 677167 976726
0
1 578836 326185
1 29220 845424
1 406815 148316
1 337310 639005
1 654286 792375
1 295003 26019
0
0
0
1 2177 885776
0
1 242770 568909
1 551979 451882
1 33465 484017
1 627438 857631
0
0
1 650346 468676
0
0
1 798993 977433
1 145921 170199
1 323679 764070
0
1 711146 994514
1 554483 840157
0
1 739585 706302
0
0
1 698418 512413
0
1 700833 6602
1 729277 571750
0
1 725718 802631
1 633998 688211
1 643747 39901
1 667079 382148
1 283663 290760
1 364533 513381
0
0
0
1 463376 382301
1 326322 170450
0
1 261340 128605
0
0
1 178893 740529
0
1 309317 654684
1 236780 376745
0
1 492294 890466
1 354252 262165
1 981967 920789
1 687340 587581
0
0
0
1 103088 968111
1 446308 984742
0
0
0
0
1 158765 863245
1 226581 817813
1 761514 230550
0
1 663319 899767
1 217835 60140
0
0
0
0
0
1 866610 76878
0
0
0
1 915142 993270
1 472059 619417
1 437078 172361
0
0
0
0
1 786006 382914
0
0
0
0
0
1 509710 498053
0
1 818301 460837
1 931631 413974
0
0
1 457357 201
1 297409 994246
0
0
0
0
1 213148 310466
0
0
0
0
1 535576 312778
1 216224 385932
0
0
1 972798 607691
0
1 880197 492209
1 18204 522578
0
1 559582 57080
0
1 416506 814729
1 361079 141420
1 568431 901940
1 557777 41737
0
1 606012 988224
1 480120 654247
1 746269 529859
0
1 459718 785227
0
1 70629 569600
0
1 500919 372992
0
0
0
1 223342 684841
0
0
1 715416 157146
0
1 717652 431175
1 571854 533461
0
1 504905 605142
0
1 767210 277440
0
1 108313 319278
0
1 749882 888383
0
0
1 836076 972852
1 735954 99254
1 507972 821059
0
0
1 289535 563441
0
1 579902 573915
1 970741 351459
1 601358 807949
0
1 756974 89560
1 318855 409276
1 821653 560551
0
1 597398 293754
0
0
1 957169 378545
0
1 181207 264914
0
0
1 350680 61122
1 306563 550620
0
1 344749 957275
1 152746 33649
0
0
1 557916 753457
1 563752 749765
1 531656 471861
1 204957 833086
0
1 42967 887520
1 98567 103074
1 88956 328579
1 587587 112207
1 230402 84482
1 786521 658646
1 585648 906147
0
1 812618 678163
1 279400 855381
0
0
1 492182 926800
1 541700 100108
1 739346 668159
1 187376 882629
1 13125 500447
1 972051 336624
0
1 316667 690959
1 937936 111199
0
1 751499 28303
1 227 986828
0
0
0
0
0
1 757331 330691
0
0
1 193282 693105
1 402799 820247
0
1 158778 19625
0
1 17003 431861
0
1 857700 876024
0
1 36430 968947
1 586731 411552
0
1 383880 51195
0
0
0
1 323299 9384
0
0
1 681741 278188
1 163629 74487
1 794265 706787
1 498706 181915
0
0
0
0
0
0
1 5221 661571
0
1 529491 495741
1 297500 250469
1 695683 293959
1 442273 518216
1 101290 459408
0
1 248352 58250
1 340449 877505
0
0
0
1 16330 375584
1 774382 126008
1 322239 938240
0
0
1 18977 119475
1 862837 316309
0
0
1 368585 802152
1 726269 428985
0
0
1 253792 732028
0
1 621135 700663
0
0
0
0
0
0
1 547223 312763
1 648066 423481
1 524336 406870
0
1 712950 635742
1 813397 739949
0
1 163585 351078
1 641706 441504
1 867183 465031
0
0
0
0
0
1 272461 490836
0
1 332831 845247
0
1 255128 644350
1 909903 89519
0
1 482913 95447
1 886671 721615
0
0
1 304588 676217
0
1 210637 704939
0
0
1 316629 727312
1 137852 964967
0
1 477761 145481
1 934408 402462
1 474722 859218
0
0
1 11265 349515
0
1 189011 442394
1 89731 239768
1 760118 436597
0
1 526325 512733
1 882236 389648
0
1 16827 689804
0
0
0
1 651448 645151
0
1 95196 887745
0
0
1 338659 393623
1 369797 304556
1 262282 770899
1 426221 329317
0
1 325343 765742
1 190658 844993
0
1 759439 576453
0
0
1 137503 470141
0
0
0
0
1 289337 197506
0
1 998099 665562
1 838677 610517
0
1 740824 856835
1 324117 968531
1 637770 413031
0
0
0
1 457803 223346
1 980996 469400
0
1 173530 206973
1 400621 967395
1 497365 445337
1 982866 704380
0
0
1 555325 858018
0
0
0
1 836313 449311
0
1 715455 773318
1 887121 981896
1 815235 21775
1 3876 948247
1 759000 647946
0
0
1 884780 563924
0
1 534401 217227
1 978482 951303
1 143142 117297
0
1 735161 59134
1 421961 397691
1 662981 205070
0
0
0
1 251231 683651
1 314201 24402
1 750789 159546
0
1 119376 830206
1 455214 106923
0
1 428846 548142
1 569437 52968
1 862427 573514
1 567260 509340
1 19728 828103
0
0
1 189670 456943
0
0
0
0
1 989051 638283
1 262023 670215
0
1 289688 540798
1 572775 562776
0
1 909339 915427
0
0
0
1 246217 674587
0
0
1 929179 727900
1 454958 611924
1 22964 131336
0
0
0
0
1 392571 150738
0
0
1 66666 404115
0
1 466175 368868
1 768923 541731
0
1 406853 631193
0
1 779558 44043
1 218806 772024
0
0
1 988839 942430
0
0
0
0
0
1 133536 942471
1 839882 496625
1 726704 265470
0
0
1 815952 161601
0
1 421784 193625
0
0
1 400061 950823
1 844805 311494
1 413480 709620
0
1 209434 854709
0
1 332960 48440
1 38005 628056
0
0
0
0
0
0
1 627591 473865
0
1 387888 498533
0
1 427675 529012
1 17492 161663
0
1 275551 920082
0
1 666393 243128
0
1 56817 676967
1 977289 601677
0
1 272164 333116
1 891108 358936
1 650713 860722
0
1 216862 499976
0
0
0
0
0
1 487573 927108
1 892746 268601
1 989727 990718
1 204977 902334
1 172396 42289
1 834426 877587
1 50002 272
1 763491 598269
1 629965 139727
0
0
1 730933 151634
1 644631 94392
0
1 102931 656810
0
1 379311 227772
1 187705 157232
1 171884 54454
1 675859 318307
0
0
0
0
0
0
1 363184 282612
0
1 198030 432217
0
0
1 888967 183437
1 526268 914273
1 544278 68186
0
1 879981 939757
1 124214 327335
0
0
0
0
1 696264 1481
1 785317 399591
0
1 553987 902715
0
0
1 957331 728508
1 456133 390403
0
1 652394 217276
1 712699 912702
1 958625 223350
0
1 592882 439249
1 645722 840221
0
1 434256 615420
0
1 286978 571315
0
1 42070 269104
1 587236 447009
1 824884 555106
0
0
0
1 54150 484438
0
0
0
0
0
0
1 327000 787133
0
0
1 18246 559225
1 512991 237189
1 727848 699286
1 443060 168448
0
0
1 670354 619214
1 957520 971828
0
0
0
1 484241 210278
1 983746 662740
0
0
1 573888 73712
1 556555 227225
1 915330 49308
1 683240 131740
0
0
1 244797 952285
0
0
1 557610 124015
0
1 171238 878057
1 905316 662968
0
0
1 211410 191940
1 721346 812476
0
1 816326 381784
0
1 573411 210514
0
1 538939 645594
1 101200 852791
1 736704 570551
1 659007 593930
1 582288 605038
1 960672 108702
0
0
1 977074 326264
1 13927 333589
0
1 692122 126285
1 289244 646218
1 106734 302817
1 779448 928304
1 119503 302186
1 400330 399361
0
1 488947 196077
0
0
0
1 800726 632167
1 341225 221049
0
0
1 690951 936393
1 398592 737657
0
1 790916 779540
0
1 444584 523207
0
1 333732 970656
1 896611 286194
1 518296 392933
0
1 931253 408900
0
0
0
1 270120 71720
1 557235 332734
0
1 85846 6478
0
1 715897 971965
0
1 102600 823083
1 323050 879830
0
1 753937 626881
0
1 57725 952217
1 318455 266763
1 352405 942032
1 422148 624915
0
1 722617 892162
0
1 120911 668402
1 670323 728310
1 395254 227485
0
1 911527 586657
0
0
1 864040 310161
1 158203 130849
0
1 643735 294581
1 832818 656925
1 442410 932787
1 331195 634227
1 65151 893632
0
0
0
1 104159 865043
1 677199 842106
1 943884 160689
0
1 710407 612792
1 955120 152125
0
1 608914 77013
1 489320 285226
1 857284 890794
0
0
1 220241 866768
0
0
0
1 233799 293375
1 816850 532917
1 847048 191578
0
1 295082 742531
0
0
1 803412 694768
0
1 480930 578472
0
0
0
1 311619 929910
1 36296 911046
1 588684 349955
0
0
1 314106 152101
1 264842 50229
1 755582 109967
1 773535 864828
1 723076 145975
0
1 801044 682282
0
1 850805 955218
0
1 168878 298018
0
0
1 792087 264601
1 659062 937162
0
1 824629 282490
1 211479 2156
1 711012 869966
1 162504 142494
1 688287 778064
1 542901 146328
0
0
0
0
1 374082 19983
1 150791 648180
1 516045 547868
1 841941 950814
0
1 79176 747492
0
1 567762 63098
1 832848 771851
0
0
0
0
1 411954 702277
1 629609 38343
1 695558 44296
1 98280 824794
0
1 535409 721175
0
0
1 541828 460239
0
0
0
1 892353 836645
1 710170 533007
0
0
1 518362 113153
1 694162 135803
0
1 645961 433154
1 24046 108636
0
0
1 67783 823540
0
1 992879 316164
0
0
0
0
1 37546 604355
0
1 969287 291085
0
0
0
0
1 850202 536564
0
1 514717 193422
0
1 649304 435751
0
1 626222 607441
1 131971 46065
0
1 540030 481871
0
1 64894 8062
1 301987 668761
0
1 813171 39677
1 324939 42189
0
1 757434 177757
0
0
0
1 991496 434012
1 480463 255529
0
0
0
1 242162 403233
1 218294 289537
0
1 59493 766116
1 213897 975525
0
1 916860 881133
1 495716 559934
1 910174 636236
1 804991 597811
1 708117 125960
0
0
1 515164 256162
0
0
1 825097 102227
1 833153 855985
0
1 954711 361974
1 186121 526766
0
0
1 829646 503169
1 706188 868879
0
0
0
0
0
0
0
1 167413 375900
1 626129 823276
1 62753 440271
1 812845 210830
1 478520 803118
0
0
0
0
0
1 736122 305434
0
1 198252 244747
0
0
0
0
1 141931 722510
0
0
0
0
1 22797 794127
0
1 25235 523945
1 427356 754021
1 133998 14406
1 929264 961404
0
1 541862 912255
1 560693 665308
1 987920 962203
0
1 663084 692910
0
1 682414 804148
0
1 99655 922833
1 827526 550810
0
1 300322 188608
1 382921 732363
1 825045 44944
1 891005 65611
0
0
1 145066 669188
1 18480 789108
0
1 263451 137681
1 314645 458275
0
1 187436 949154
1 480576 936674
0
1 243581 714703
1 745544 71957
1 546274 913529
1 823652 264427
1 165352 245532
0
0
0
0
0
0
0
1 137547 83508
1 182957 858008
1 462959 495029
0
0
0
1 30551 315825
0
1 795715 623641
0
1 458038 993436
1 50649 19131
1 787718 205023
0
1 402694 18853
0
0
0
1 76077 172415
1 151746 944122
0
0
0
1 826328 450866
0
0
0
1 944630 152385
1 389769 596978
1 302266 388775
0
0
0
1 249459 440064
0
0
0
1 678470 54953
1 362407 732707
1 214521 805422
1 86332 609823
0
0
0
0
0
1 297855 301229
1 380301 570169
1 42579 945976
1 689090 281441
1 426607 115538
1 516982 58094
1 373702 794338
0
1 47577 300071
0
0
0
0
1 189827 961335
1 358752 70106
1 59864 388981
1 344459 996835
0
1 817093 776544
1 138730 300377
0
0
1 241272 312350
1 502620 29910
1 362083 161975
1 439767 747586
1 32730 176842
1 743199 380156
1 670460 116439
0
1 887915 712143
1 937120 968461
1 468875 930954
1 586210 744891
1 915772 154623
1 277144 580071
1 984459 986134
1 228120 709077
1 295875 739421
0
0
1 593390 259032
1 268054 12095
1 807060 434713
1 129332 27765
0
1 915657 401180
1 894812 371934
1 591749 950462
0
1 8136 685537
0
1 348238 637535
0
1 690243 620707
0
0
0
1 41985 110907
0
0
0
0
0
0
1 726152 746505
0
1 779062 157988
1 348334 16434
0
0
0
0
1 326039 13560
0
0
0
0
0
1 366495 658474
1 907884 705174
0
1 343531 784777
1 935555 984072
0
1 829493 899405
1 638071 705171
1 603442 259706
0
0
1 616866 186381
0
1 110117 556233
0
1 339465 291552
1 691374 189599
0
1 80878 2795
1 422892 797153
1 624538 330123
0
1 987919 347233
0
1 510833 122525
0
0
1 465768 518773
0
0
0
1 525950 916399
0
1 28264 151836
0
1 369046 726296
0
1 482282 529637
0
1 504828 901839
1 409554 343670
0
0
1 164092 258063
1 976991 127883
1 736379 318430
1 839753 557791
1 887444 384948
0
1 500694 710536
0
1 627765 144841
0
0
1 798085 168715
1 514893 56793
1 411706 875438
1 283799 440038
1 678160 106368
1 934221 962396
0
1 63928 872217
0
1 269080 576672
0
0
0
0
1 877838 198015
1 480968 106388
0
0
1 979704 7414
0
1 988871 224843
0
1 218188 186269
1 631852 890006
1 38537 102462
1 807135 473484
0
1 881305 515870
1 734369 334098
1 863407 375265
0
1 538878 636040
1 724629 317975
0
0
1 125809 314592
0
1 241108 823332
0
1 300699 866130
1 263145 336564
0
1 31127 713585
0
1 930216 928741
1 19295 287509
0
0
1 812054 516693
0
0
1 137380 406422
0
0
1 691642 323845
1 266892 535269
0
1 367870 308247
0
1 109859 764340
1 316270 303647
1 185560 492643
1 237019 735125
1 928185 512176
0
1 911591 115676
0
0
1 670928 232646
1 302618 241778
0
1 760938 884301
0
1 693625 571871
0
0
1 392882 354631
1 208196 142319
0
1 466788 900909
0
0
0
0
0
0
1 522256 576474
1 155007 565424
0
0
1 194189 398922
0
0
1 442781 920377
1 860727 820505
0
1 282600 358822
1 25763 208599
0
0
1 145310 847994
1 412742 503480
0
1 26127 565757
1 528504 745858
0
0
0
1 700527 924397
0
1 99903 106845
1 99358 430359
0
1 225401 787881
0
1 288657 275841
0
0
1 448856 229618
0
0
0
0
0
1 519765 769781
1 752861 573642
0
1 651407 42075
1 966375 387777
1 883537 503162
1 207147 830262
1 336966 362978
0
0
0
0
1 613340 561225
1 45074 860403
0
0
1 340073 328509
1 643098 192085
0
1 662988 329037
1 579040 282886
0
1 537632 397684
1 116288 189833
0
0
0
1 122136 590861
0
0
0
0
0
1 23252 48361
1 613537 50233
1 961342 96356
1 977011 390969
0
0
0
1 121002 48924
1 176791 806489
1 27720 781618
0
0
0
0
0
0
0
0
1 961648 769724
0
1 779971 976901
1 329695 833434
1 328974 737353
1 539469 824677
0
0
0
0
1 619886 325996
0
1 670901 807198
1 13791 411858
1 918226 779519
1 501653 8640
0
0
1 948490 643232
0
0
1 225053 927265
0
1 129845 866186
1 222885 880948
0
0
1 429235 593501
0
0
0
0
1 929046 926741
0
1 994613 907943
0
1 758947 253361
1 55572 859624
1 272125 58768
0
0
0
0
0
1 700697 502146
0
1 846270 191396
0
0
0
0
0
0
1 573909 170510
0
1 283598 507471
1 901887 48785
1 707062 993421
1 731473 966548
0
0
0
0
1 873101 542507
1 976927 857216
1 982059 688088
1 710578 771531
0
1 90495 613088
0
0
1 986145 198623
1 864385 215347
1 32439 893387
0
1 402747 393113
0
0
0
1 638958 380063
1 895877 164656
1 815773 283529
1 136748 434028
1 178766 752284
0
0
0
1 885874 466873
1 326484 313948
0
0
1 733311 396899
1 125649 977337
1 375273 361767
1 776226 68027
0
0
1 535460 532516
1 362001 81986
0
0
0
1 209898 482083
0
1 132211 41986
1 134477 168198
1 755062 944859
1 74153 739676
1 414033 190911
1 911501 851700
1 19460 908184
0
0
0
1 276572 858707
1 969685 887762
1 217045 22743
0
1 687732 320936
0
0
0
0
1 696646 411711
0
0
1 932106 480950
1 454974 716903
1 497370 130394
0
1 164694 665806
0
0
1 327957 128778
0
0
0
0
1 221333 778549
1 211549 494751
1 320987 709195
0
1 283341 920401
0
1 223377 758384
0
1 388840 722020
0
0
0
1 660037 986188
0
1 690385 285531
1 942230 961301
0
0
0
1 617399 349326
1 557765 142250
0
0
0
1 159748 431843
0
1 511327 889329
0
1 185077 283104
1 121193 469885
0
1 639367 593347
1 302639 838251
0
0
1 307854 928883
0
1 810494 809268
1 505580 233460
0
1 480238 951299
1 903739 816328
0
1 658520 715707
0
1 467178 597604
0
0
0
1 319821 726717
1 297966 489687
1 783542 915543
1 701576 256559
1 616473 550010
0
0
0
1 218712 741148
1 618548 43245
1 487028 259093
1 611021 368101
0
1 198157 78234
1 502182 546382
0
1 643931 361033
1 110226 949163
1 970511 523840
1 704455 259175
0
1 993683 731947
0
0
1 552995 900680
0
0
1 483945 848508
0
1 851601 240977
0
1 81826 103171
1 885765 156378
0
0
0
1 435636 183172
0
1 981401 411849
1 758712 131122
1 653594 694059
1 138840 452147
0
1 76050 74361
0
0
0
0
1 551597 97265
1 189359 230554
1 357986 646848
0
0
1 301235 297468
0
1 824994 601607
0
1 967394 295037
0
1 318738 635832
0
0
1 150450 8624
1 60275 829623
0
1 782740 166416
1 845694 992156
0
1 557240 177176
1 494105 921003
1 843079 826256
0
0
0
0
1 163609 251537
0
1 520364 347308
0
0
1 236395 95671
0
1 940116 608169
1 925501 603297
0
1 181163 879483
1 719251 437887
1 690640 639232
0
0
1 102628 394795
0
0
1 452278 771799
1 779237 949009
1 436492 444010
1 388370 78990
0
0
0
0
0
0
1 824749 220191
0
1 958267 893538
0
1 293736 788613
1 798738 561940
1 491534 845236
0
1 489695 262333
0
0
1 138343 476464
1 83816 390209
0
0
0
0
1 941800 277012
0
1 948710 769470
0
0
1 504509 708197
1 441424 567325
0
0
0
0
0
0
1 241331 735988
1 934225 789696
1 300155 72996
1 445627 34241
1 197854 731764
1 936049 645769
0
1 457749 126854
1 998202 645482
1 533234 85332
0
1 982348 820960
0
0
1 253996 588328
0
1 432578 252543
0
1 235393 506596
0
0
0
0
1 876806 565740
0
1 639155 553126
1 680151 524199
0
1 467155 637322
1 266623 906906
0
0
1 202180 849541
1 986376 690219
0
0
1 820715 799042
1 621760 115107
1 124279 576688
1 462719 219530
1 553545 535182
0
1 301509 106395
0
0
0
0
1 711644 943940
0
0
1 438653 552285
0
0
0
1 294293 20381
1 621961 530969
1 585570 533597
1 756300 7711
1 248915 4724
0
1 802420 941717
0
1 784512 409387
0
1 42253 191415
1 894596 10504
0
1 80179 989301
0
0
1 75859 399680
1 241865 213403
1 185084 880620
1 730959 597163
0
1 627096 37133
0
1 305349 26183
0
0
0
1 498018 744410
0
1 724116 658152
1 863920 550841
0
1 859019 919498
0
0
0
0
1 166132 457578
0
1 153678 139950
0
0
1 414615 693700
1 403985 154508
0
1 187494 243077
0
0
0
1 73503 200388
0
1 328531 34085
1 396867 994930
1 567512 771706
1 534293 365169
1 754067 90316
0
0
1 985653 731694
0
1 830500 437846
1 518459 675751
0
1 301598 990788
1 209483 439201
0
0
1 598465 968372
0
1 641895 391978
1 512081 906872
1 473403 829659
0
1 147476 617311
0
1 405202 537336
0
0
0
0
0
1 135470 342147
1 966378 862005
1 176203 85698
1 784341 182846
1 971672 565760
1 761076 493841
0
1 200433 564222
1 287647 943424
1 505138 992022
1 81748 869304
0
0
0
0
0
0
0
1 417043 791499
0
1 101029 864057
1 348881 844212
1 416419 159675
0
0
1 154529 451899
0
0
1 747708 70412
1 497891 501724
0
1 388092 680954
1 222639 501059
0
0
1 670487 209661
1 773215 110398
0
0
0
1 468115 115408
1 736779 833340
0
0
0
1 834226 460932
0
1 708574 338092
0
0
0
1 782608 852369
0
0
0
0
1 987636 215459
0
1 834436 332224
1 934182 146460
1 525849 78322
0
0
0
1 651201 333450
0
1 474517 124363
1 437345 954670
1 789587 977696
0
1 298350 903586
0
1 659046 498014
1 590829 428185
1 845791 188169
1 864326 151243
1 338879 349868
0
1 148227 50019
0
0
1 713048 331805
0
0
1 649701 54409
0
1 919355 612435
1 133479 796325
0
0
1 646581 700927
0
0
1 565531 415878
0
1 156747 108631
1 109419 33104
0
1 837786 536206
1 357267 559223
1 601828 429087
1 277759 981833
0
0
0
1 469466 363076
0
0
0
1 671863 583340
0
1 715719 396745
0
0
1 458239 934342
0
0
1 308283 114581
1 254654 127210
1 366908 953276
0
0
0
1 868680 978043
1 462062 61471
0
1 516766 382941
1 789387 240498
0
1 562743 244141
1 961579 793368
0
0
0
1 935132 679464
1 171791 521594
1 42933 249874
1 951507 520880
0
1 551198 631107
0
1 823893 742830
1 644988 495869
1 286068 798733
0
1 563111 104862
0
0
1 478127 566671
0
0
1 544900 473116
0
1 545328 530321
0
0
1 537565 253190
0
0
0
1 715998 739652
0
1 322264 514576
0
1 924481 622669
1 787630 58200
0
0
0
1 181139 341553
1 69232 845749
0
1 378816 468209
1 259195 71123
1 716928 845593
1 566669 788783
0
1 535327 902998
0
0
0
0
0
1 965439 301725
0
1 915812 581097
0
0
1 894253 778983
0
1 144898 962600
1 270108 729927
1 578505 483483
1 34989 94222
0
1 459660 613861
1 639668 477573
1 863700 7682
0
0
1 896890 536077
1 359579 957776
1 971366 277693
1 577443 507718
0
0
1 571139 177200
0
1 8088 317895
0
1 668562 938337
0
0
0
0
1 277273 476130
1 461775 199335
1 385779 65240
0
1 989909 739114
0
1 178308 531852
0
0
1 717116 400918
0
0
1 376084 496273
1 101151 787106
1 396700 141694
1 174942 86021
1 965013 803124
0
1 113457 392789
1 300635 668937
0
0
1 996893 395661
1 457784 950588
0
0
1 803222 208367
0
1 405785 676697
0
0
0
0
0
1 105150 764722
0
0
1 838461 165198
1 128514 383070
0
0
0
0
0
1 531922 114385
1 717389 601505
0
1 699053 607021
1 521688 618432
0
1 194979 374116
1 34354 405581
0
1 739618 97114
0
1 403585 84267
0
1 414723 427064
1 229351 817340
0
0
1 253710 484875
1 151469 325995
0
1 851429 927314
1 846768 883245
0
0
0
0
1 234336 281057
1 823553 878175
1 954312 413818
1 704459 876853
1 153130 293934
1 278943 123301
1 470936 278183
1 653979 528284
0
0
1 462640 684336
0
0
1 440656 85145
1 891132 946787
0
0
0
1 303417 148890
1 421918 452388
0
0
0
0
0
0
0
1 361841 899281
1 999035 594692
1 109613 220840
0
1 787880 504781
1 858257 287284
0
0
0
0
1 728589 614368
0
1 396659 733076
0
0
0
1 719679 207460
1 750017 591162
1 558359 289181
0
0
0
0
1 433282 484028
1 385307 942512
1 657498 711172
0
1 954767 47591
0
1 250724 857448
1 746184 849066
0
1 37032 729559
0
0
0
0
1 835507 883076
1 41918 336199
0
1 24677 777814
0
1 746983 927360
1 250789 303543
0
1 215466 385608
0
1 58999 41477
1 279164 324257
1 443140 768196
1 862944 248671
1 873173 859593
0
0
0
0
1 708633 680083
1 799849 553870
1 935183 24506
0
1 299661 46181
1 71426 885681
0
1 520092 855923
0
0
1 168209 81803
1 805246 327853
1 775966 589779
0
0
0
0
0
0
0
0
1 338651 190521
0
1 117083 683433
0
0
1 298039 627490
1 148721 819069
0
0
1 452504 985306
0
1 448669 494298
0
0
0
1 966116 152447
1 483994 927453
0
0
0
1 342508 143631
0
1 374538 841109
0
1 298099 463269
1 638752 237820
0
1 600884 293678
0
1 818964 480003
0
0
0
0
1 401851 568963
0
1 962813 773142
1 697417 752345
0
1 768507 753738
0
0
0
1 655351 267275
0
0
0
1 897221 948727
0
1 954453 326612
1 581894 863011
0
0
0
0
0
0
1 924132 137471
1 554518 945914
1 300334 530522
0
0
1 471440 701428
0
1 922964 683814
0
0
0
1 636663 995811
1 343805 935569
1 682635 305678
1 134047 884031
1 686523 497874
1 829293 793209
0
0
1 124865 180650
1 716739 182032
0
0
0
1 476233 722468
1 940309 275340
1 827065 566284
0
0
0
0
1 562786 458101
1 659288 534938
1 534683 553861
1 726631 632586
1 57354 516221
0
1 583876 404416
0
1 260919 319132
1 864325 188542
0
0
1 548151 14814
1 371525 49850
0
0
1 862156 124452
0
0
0
1 26465 837371
0
0
1 120189 701371
1 81325 786415
0
0
0
1 10995 606408
1 547116 57361
0
1 797441 750229
0
0
0
0
0
1 790457 816066
0
1 356785 502828
1 890767 307183
0
1 305775 137417
0
0
0
1 348372 890466
0
1 762099 378789
1 191398 210214
1 54596 713198
1 839467 498208
1 94254 180550
0
1 159085 410322
1 746505 788430
0
0
0
1 546679 826452
1 946619 323337
0
1 22524 491127
1 710500 591409
1 33117 695871
1 129082 284864
0
1 883012 105364
0
0
0
1 412697 663532
1 675004 806415
0
0
1 64519 755492
1 812641 570881
0
0
1 933106 689077
1 509331 511223
1 68673 19152
1 154685 511099
0
0
1 166324 44992
1 263538 115434
0
0
1 768681 857119
0
0
1 658381 825609
0
0
1 937289 614030
0
0
1 385609 191833
0
1 251302 168489
0
1 224270 112580
0
0
0
1 736110 991486
0
1 290889 872630
0
1 873965 142091
1 215033 351408
1 431411 237727
0
0
0
0
1 18398 880820
0
0
1 695936 876215
1 737181 381125
1 144285 425484
1 239486 826788
1 75381 250569
0
0
0
0
0
1 521313 386850
1 69127 915315
1 555984 843085
0
1 931239 157990
0
0
1 776129 494169
1 686539 980508
1 545243 901136
1 551874 502317
1 902475 108905
1 876753 649994
0
1 72654 397090
0
1 894178 993977
1 663314 212246
1 490303 801623
1 519044 798031
1 220036 382192
0
0
0
0
0
0
0
0
0
1 280314 222623
0
0
0
1 989520 62253
0
1 511499 151919
0
1 892832 703325
0
0
1 339004 941154
0
0
1 741272 779761
1 227605 359857
1 151802 787272
1 307352 276611
0
1 492635 384344
0
1 99008 61325
0
1 437666 441666
1 362345 831240
0
0
0
1 876818 880438
1 484942 663572
0
0
1 452433 78582
1 528928 696971
1 940544 861354
0
1 403324 357052
1 789670 241201
0
1 367777 526917
1 580360 394130
0
1 290982 39958
0
0
0
0
0
1 200568 118485
0
0
1 767338 765605
1 368979 927615
0
1 963304 681515
1 633352 558712
0
0
0
0
1 618263 465713
0
0
1 177452 841915
0
0
0
0
1 630025 633825
0
0
0
0
0
1 566387 10315
0
1 869275 848285
1 937505 435437
0
0
1 703018 219976
0
0
0
0
0
0
1 179812 434386
1 803506 964654
1 818304 784721
1 344863 209865
1 291388 541561
1 382276 514074
0
0
0
0
0
1 79303 683597
0
0
0
0
1 196183 240879
1 921151 365645
1 682264 153760
0
1 112636 462055
0
0
1 163448 811358
1 33493 137868
1 44350 476338
0
1 616849 230026
0
0
0
1 204300 550399
0
1 20938 973180
1 421996 889075
1 852349 624794
1 671129 218125
0
1 356183 944453
0
1 700682 859754
0
1 821754 388776
1 454867 333524
0
0
0
0
1 603819 509364
0
0
1 884091 858731
1 216982 788757
1 181750 243821
0
0
0
1 629382 289624
1 567326 165279
0
1 925034 987206
0
1 427934 974721
1 424588 441333
0
1 194776 463589
1 353512 171005
0
0
0
0
0
0
1 107898 712936
1 788667 639505
1 256001 27864
0
0
0
1 586248 362412
0
0
0
0
0
1 638507 825685
1 689138 431455
1 981230 948940
1 625609 534634
0
1 645080 613718
1 800693 637196
0
0
0
0
1 304299 610222
1 74746 682867
0
0
1 234545 662550
0
0
0
0
0
1 824150 620817
0
1 655017 449570
0
0
0
0
1 753285 200164
1 726987 619882
0
0
1 20676 934692
0
0
0
0
1 960211 541568
0
1 960731 440093
1 890444 176664
1 756417 304926
0
1 865991 298981
0
0
1 861967 547794
0
1 659307 819701
0
1 173859 950638
0
0
0
0
0
0
0
1 199117 478822
1 798206 946457
0
1 302090 210709
0
0
0
0
1 988784 890041
0
1 901434 69406
0
1 827998 536811
1 955074 368682
1 743534 577426
0
1 135413 342327
1 364037 164138
0
0
0
0
1 484979 643071
0
0
0
1 966877 162075
1 828189 530693
0
1 57125 291557
0
1 695662 114639
0
1 890084 227644
1 841786 633574
1 400161 359362
0
0
1 582462 72261
0
1 345154 800900
1 771889 278732
0
0
0
0
0
0
1 843222 170458
0
0
1 183412 40924
0
0
1 537891 480357
0
0
0
0
0
0
0
0
0
0
1 789177 880665
1 979123 990612
1 137674 725835
1 325565 850568
0
1 2669 981471
1 715522 799204
0
1 863685 216563
1 249688 322692
0
1 136990 998314
1 558572 116464
0
0
0
1 85290 713249
1 312449 246131
1 68192 535247
1 752556 853652
0
1 256164 629797
0
1 991609 517847
1 674608 247109
1 716949 543736
1 544841 653709
0
1 401970 518613
0
0
0
1 940520 741867
0
1 597577 951194
1 835240 653887
1 8666 567645
0
0
1 414187 120118
0
1 278692 42565
0
0
0
1 173443 683873
1 174936 71866
0
1 699867 312339
0
0
0
0
1 428987 446716
0
0
0
0
1 463243 88221
1 515085 207056
1 600516 884968
0
0
1 192436 263807
1 980883 721123
0
0
0
0
0
1 23441 916834
1 503403 856665
0
0
1 563497 836749
1 235394 326491
1 175014 849503
1 623840 674902
0
0
0
1 67306 375298
1 178573 328962
1 517254 192884
1 209942 80903
1 894954 35565
0
1 700807 129347
0
0
0
1 279830 695470
1 992153 313393
0
1 247474 910683
1 303377 482698
0
1 463654 450713
1 278040 257252
0
0
0
1 891686 658069
1 390176 623959
0
0
0
0
1 884752 198569
1 968889 69178
0
0
0
1 166427 174057
0
1 552002 111590
0
0
1 228027 14794
1 544210 779516
0
0
1 748489 122658
0
1 653898 181222
1 591301 444194
0
1 869021 107374
0
0
1 121895 867662
1 987143 257614
0
1 275369 758357
0
0
0
0
0
0
0
0
0
1 954415 961512
1 225842 537222
0
1 978746 247990
1 98593 189726
1 666466 147825
1 483826 287143
0
1 720249 477247
0
1 938523 145486
1 307550 206610
0
0
1 90724 927436
0
0
0
0
1 36489 42133
0
0
0
1 979456 676993
0
1 593148 650140
1 705806 448874
0
0
1 351256 173944
1 901675 38055
1 173923 482254
1 866320 603335
0
0
0
0
0
1 619643 760040
0
0
0
1 697241 36995
1 298379 882264
0
0
0
1 833569 841024
1 895648 94318
0
0
0
0
1 139982 768034
0
0
0
0
0
0
1 201472 43939
0
0
0
0
1 305478 520757
0
1 2644 708706
0
1 461757 764798
1 36567 996703
1 174827 754613
0
0
0
0
1 732732 817846
0
1 761800 63018
0
0
1 392490 379957
1 876964 145511
0
0
0
1 455975 127027
1 196310 669791
0
1 29220 322165
0
0
1 261213 47891
0
0
0
1 572331 367718
1 249593 449042
1 485739 593838
1 334756 678668
1 751301 430937
0
1 63187 398990
1 624512 215747
1 716126 703920
1 181541 56660
0
0
0
0
1 928906 775510
0
1 923693 663726
0
1 683112 192754
0
0
0
1 142926 119282
0
1 32446 10538
1 392160 765370
0
0
0
0
1 322466 220034
0
1 682054 264257
0
1 545032 203369
1 132319 437450
1 929538 982333
1 864530 356371
0
1 994089 722248
1 88649 537216
0
0
1 883605 987832
0
1 162500 605931
0
1 348662 288774
0
0
1 990001 288904
1 974374 603699
1 291941 92791
1 399327 975694
0
0
1 326067 995506
0
1 438436 665991
0
0
0
0
0
0
0
0
0
1 707406 110786
1 595781 79666
0
1 271084 91711
0
0
1 338548 948468
0
1 895769 426142
0
0
1 786509 459228
0
1 596584 249936
1 194370 795151
1 8024 52213
1 812543 822064
0
0
1 295039 532033
0
0
0
0
1 576794 581089
0
0
1 37628 76201
1 870638 310384
0
1 951132 888720
1 349124 816230
0
0
0
0
0
0
0
1 187566 768440
1 572442 587485
0
0
0
1 699298 245252
0
0
0
1 692715 879171
0
1 42619 524178
1 959973 637589
1 63012 177550
1 91185 636305
0
1 326514 153490
1 439250 477673
1 420647 34656
1 988737 865626
0
0
1 499644 541889
0
1 953331 256286
0
1 538179 60618
0
1 735582 696733
0
0
0
1 270924 410956
0
1 724626 332589
1 163148 950281
1 585280 155151
1 560367 80182
0
1 827565 566980
0
0
0
0
1 537299 112810
0
0
0
1 353370 756067
1 5592 520431
0
1 314397 453816
1 312351 268967
1 188147 908934
1 104791 955315
1 615011 914759
0
0
1 851148 265495
1 327593 311835
0
1 79386 275729
1 642589 726011
0
0
1 680891 610957
0
1 978630 622679
1 139956 521932
1 527753 623719
0
0
0
1 204353 780925
0
1 245920 78520
1 773540 165300
1 94927 944463
0
0
1 193395 581529
1 618326 150772
1 795948 610507
0
0
0
0
0
0
0
0
1 649488 389384
0
1 574615 730305
1 233348 730992
1 968124 846816
0
0
0
0
0
0
0
1 241746 954937
1 993098 799624
0
0
1 614034 855797
0
1 26399 803331
1 998300 307544
1 494508 545662
0
1 427666 989026
0
0
0
0
1 896387 263169
0
0
0
0
0
1 981136 60902
0
1 13212 679050
1 907126 198487
0
1 816426 602345
1 709389 988531
1 659236 293849
0
0
0
0
1 323067 423058
1 410970 874713
0
1 693943 879683
1 191171 871097
1 107819 926678
0
0
0
1 58812 431874
0
0
1 820728 220426
0
1 451112 765081
1 226125 680248
1 285209 798511
0
0
0
0
1 211072 878129
1 612437 14650
0
1 718111 512781
1 157637 461386
1 827035 513080
1 183527 160045
1 835037 856108
1 299168 458761
1 995895 303988
1 171383 490526
0
1 701318 912748
0
0
0
1 732667 541737
1 34708 184034
0
1 419354 225131
1 68076 337179
1 986532 53712
0
0
1 324672 275292
0
0
0
1 863924 724729
1 161318 175311
0
0
0
0
1 25682 896639
1 172143 267102
1 991581 856918
0
0
1 720783 944613
1 510121 226341
0
1 275261 986732
1 150088 558450
0
0
1 199334 538656
1 114135 880441
0
0
1 886422 433371
0
0
1 120647 391600
1 942395 612403
1 657178 103092
1 174288 396201
1 535469 557259
1 526603 677082
0
0
1 766799 261944
0
1 527276 766502
0
1 706563 222325
0
1 531245 440844
1 768447 671880
0
1 529329 812210
0
0
0
0
1 341527 360123
1 678515 917435
0
1 843172 446861
0
1 89547 839522
0
0
1 782997 34376
0
1 863879 115398
1 282208 699342
1 965798 19257
1 258700 868123
1 682644 194194
0
0
1 77348 830199
0
1 498863 670595
1 475665 703507
1 540199 84408
1 319466 100875
1 339732 679242
0
1 989216 530062
0
0
0
1 967267 355507
1 876768 343062
1 413374 660115
0
0
0
0
0
1 961542 608517
0
0
1 341378 749946
0
1 640003 780524
0
0
1 327504 473988
0
0
0
1 73338 494106
1 545013 584981
0
0
1 309113 64957
0
1 19397 734321
1 490130 506366
0
1 616200 732072
1 938833 494854
1 337033 679898
1 501931 113162
1 151978 773909
0
0
0
1 534058 257924
0
1 710900 114430
1 661989 127748
0
1 180078 187051
1 247167 440605
1 986178 613839
0
0
1 782760 499314
1 955610 869119
1 282347 583584
1 675397 741449
0
1 935460 158438
1 858937 445956
0
1 469566 840612
0
0
1 862811 272315
1 952100 6803
1 167257 741451
1 963172 353436
1 952319 915028
0
0
0
1 5103 76029
0
0
0
0
1 685795 29116
0
0
0
0
1 222768 185838
0
1 319036 378049
1 822610 157819
0
0
1 571580 193608
0
1 6863 110634
1 644471 673134
1 816382 274053
0
0
0
0
1 350995 285897
1 941607 534740
0
0
0
1 469127 777744
1 350612 113184
0
0
0
0
0
0
1 594108 158684
1 541692 833410
1 552035 800135
1 36339 203756
0
1 796811 97976
1 720632 292470
1 978761 247344
1 168303 645070
1 76677 834746
1 354545 634993
0
1 643439 157168
0
1 605469 320908
0
0
1 219746 841986
0
1 804228 856346
0
0
1 410389 872645
1 310905 428512
1 159605 971987
0
1 618613 131670
0
1 494604 779995
1 856642 806406
0
1 472558 999857
1 608001 855264
1 498438 279670
1 373127 249267
1 541404 396066
0
