3275
1 589208 886131
2 51471
2 376396
2 148997
1 166653 560674
1 316073 160326
2 241859
0
2 110700
1 5216 731227
2 55954
1 728106 347029
2 542013
1 280439 501545
1 443060 246818
2 327862
0
1 356242 282511
0
2 719246
1 755612 200327
2 14709
0
1 886244 148990
1 33660 182508
0
0
2 939948
0
1 741770 881416
0
1 501335 330544
0
0
1 845012 657929
2 526476
1 382087 380839
2 252954
0
0
0
1 937501 112346
1 642378 286800
2 907537
2 603594
1 780481 150634
0
1 122587 477669
2 974909
0
1 623500 921593
1 578924 615964
0
2 259917
1 526190 197743
1 867126 3979
2 615929
1 755638 423434
0
2 434251
2 801011
0
1 103810 302349
2 588223
1 439009 540642
1 25576 866743
2 729189
0
1 801051 477277
2 198398
0
0
1 382862 540471
0
2 191552
2 47205
0
2 994573
1 723888 68527
1 685680 405161
2 488545
0
0
2 962641
2 675479
0
0
1 464716 718822
2 420733
2 172828
0
0
0
2 457781
0
1 471076 414856
2 64088
2 409217
2 245292
2 85587
0
0
1 703296 124071
1 49039 970874
2 400542
1 364360 800144
0
0
1 855445 918616
0
1 224480 890692
2 802152
2 904599
2 176572
1 376199 382607
1 392867 74145
2 300618
2 769964
0
1 106702 923406
0
2 609750
0
1 247042 365159
0
0
1 843511 76007
0
2 108733
0
2 930871
0
0
2 33896
1 82966 194380
0
1 479819 214782
2 657397
2 84821
0
0
0
2 228304
2 15237
1 35252 658359
0
0
1 818406 320916
1 901412 987162
0
0
0
2 619742
0
2 573181
2 267448
1 365081 64872
2 195471
2 224398
1 910164 641855
1 168161 690787
0
2 966728
1 532714 388444
2 314438
2 577670
2 9786
0
2 5127
1 952454 830530
1 253994 39012
1 829001 706688
1 781148 742820
1 452799 508173
0
2 486929
1 368364 368792
1 871292 222368
1 378814 847657
2 934976
2 315552
0
1 540146 16182
0
0
0
0
1 965470 901061
1 759294 471966
1 350440 783976
0
2 846381
0
1 241710 382930
1 171967 69674
1 563271 117514
1 641868 313039
0
2 629883
1 655009 49208
0
2 159156
2 323550
2 961592
2 394355
1 912427 199994
2 387559
1 206288 301694
1 914880 974963
1 368454 979990
0
1 104780 821850
0
2 957318
2 843640
1 819639 497271
2 942952
1 739994 982012
1 808441 117996
1 246071 35256
1 973708 601440
1 886999 842348
1 883552 939415
2 819843
2 905871
1 789195 519588
0
1 308342 352306
1 657210 331927
0
2 425928
2 691514
0
2 454291
2 961204
0
0
2 652213
2 542032
2 28277
0
2 455822
1 863285 243589
1 989397 726579
1 93392 175788
0
0
0
2 984533
0
0
1 675329 725621
0
1 967161 576233
0
0
2 356394
2 304808
0
0
2 330909
1 514674 100331
1 633882 591707
1 133658 309236
0
2 319129
2 42836
1 454165 516934
2 533993
0
2 768389
0
2 742234
2 46311
0
1 830696 512104
2 450864
1 484816 452563
1 532838 13145
2 572903
2 582499
2 550553
0
0
0
1 910749 16479
2 526061
1 710103 936074
0
0
2 931467
2 179373
0
1 291175 853766
0
1 107767 437894
2 909743
2 135279
1 648958 686541
1 617816 714126
1 367600 419312
2 732058
1 272561 154755
2 861150
0
1 183483 276973
0
0
1 667959 21762
1 146262 340490
2 671337
0
0
2 94129
2 816455
1 417108 305984
1 288669 912907
1 880969 278465
2 205980
2 688617
1 862938 986065
0
2 589591
1 345775 581603
1 29151 912112
0
2 659269
0
0
1 795002 53548
1 564487 208175
1 757467 221171
2 392939
1 780480 277096
0
0
1 591027 334445
0
2 996318
0
1 124806 959117
2 241742
1 145761 595161
0
0
0
2 848335
0
2 849330
2 5466
1 851968 65499
2 217510
1 893945 209443
2 762226
0
2 596834
2 80446
0
0
0
1 229341 734307
1 380895 172042
2 7953
2 958118
1 567792 658892
2 718134
0
0
0
2 463931
0
1 800862 379459
0
2 161139
2 40416
2 66476
0
1 811174 586319
0
0
0
2 773123
0
2 958131
1 403958 985143
2 792295
2 726711
0
2 312473
2 670686
1 958575 828764
0
0
2 15879
1 632987 498641
0
2 532262
1 414712 272997
1 485564 347661
2 132692
2 266084
1 909329 606715
1 625983 980648
0
1 26065 793027
1 758318 711494
0
0
2 581087
0
1 390034 84556
1 537814 6684
2 719088
1 250961 744083
1 883127 827381
1 856971 805876
1 544484 142546
2 878444
2 222301
0
1 334858 873184
1 811303 91194
2 302290
1 867371 368802
1 901908 621617
1 352659 89451
1 944719 697575
0
2 779793
2 485983
1 625600 663563
2 412216
1 956641 479535
2 111320
0
1 764758 422964
1 396905 257182
1 234255 657643
2 916848
0
1 998565 969854
1 181098 977876
0
0
1 543242 497918
0
2 457434
0
2 512033
2 515674
1 856956 718136
0
2 796941
1 687138 755480
1 77860 351593
1 148406 404586
0
1 709700 356507
2 246077
0
2 376385
1 743023 703870
0
2 850815
0
1 480652 794049
1 882896 706330
0
2 905592
1 533052 631815
1 8660 964648
1 778804 341667
0
0
0
1 126770 748964
0
1 272246 818317
2 87997
0
1 631056 485581
1 560198 281795
0
2 813684
0
0
1 574162 524865
2 793750
2 62630
1 660749 312848
0
2 92854
1 555933 853978
1 828050 585838
1 439894 384938
0
0
0
0
2 413912
0
1 258476 615145
0
2 831323
2 485825
2 145245
2 443346
1 790439 533455
0
1 889693 108787
0
1 307029 649186
2 446279
1 993834 909113
0
0
1 829835 824278
1 828897 265687
0
0
0
1 913179 556583
0
0
1 435991 390892
0
0
2 502867
2 772805
0
1 814648 853053
0
2 896457
0
2 988649
2 181818
2 25356
1 50079 101788
2 978479
2 897695
2 161512
1 583057 997897
0
1 789367 341788
0
2 80923
1 142590 729796
0
0
1 125675 915977
1 14260 196444
2 910555
0
1 200920 681009
2 13806
2 485274
1 264282 154457
0
2 130488
2 485255
0
0
2 573280
0
1 109774 894389
0
0
0
2 918523
1 31455 30524
1 696116 990918
2 379520
1 525858 396864
1 505634 807843
0
1 926316 885577
2 854505
0
1 464558 616484
2 635372
1 737609 436391
2 459736
2 729392
0
2 471239
2 561243
1 670577 994988
2 482527
2 424244
1 164229 953169
2 206626
2 892753
2 649046
0
2 337236
1 349072 590042
1 105311 234244
2 200624
0
2 557695
1 745918 968749
1 249421 226690
1 182819 228616
2 600962
2 806189
2 547615
1 569545 77697
0
2 390578
0
1 785251 7318
1 509823 436641
0
2 42679
0
2 1911
2 143198
1 23597 865766
1 463053 744642
1 885505 82151
1 624197 549884
0
2 96474
1 576320 163342
2 198048
1 294718 86765
0
0
1 145147 254079
0
0
1 970815 447520
2 499863
1 460453 550572
2 437892
0
0
1 571567 577897
0
1 860366 101154
1 114624 181665
1 289504 973923
0
2 616498
2 138143
1 364041 41753
0
2 118072
0
2 681069
2 101122
1 990765 78715
2 272639
0
2 968427
2 379835
1 631569 361878
2 473716
1 503762 503229
0
1 121609 49002
0
2 865968
0
0
2 901499
1 40977 653147
1 683611 600382
0
1 131359 332903
0
2 58107
1 744400 356868
1 820984 551958
0
1 415963 22753
0
0
2 484278
0
1 22889 253028
1 118207 972752
1 475556 875149
1 191925 558045
2 562188
1 972565 3914
1 244766 407383
2 901851
0
2 413922
0
2 967975
2 635741
2 153615
0
0
1 59465 666726
1 427077 304263
1 317601 557471
0
2 775857
0
1 681262 8612
2 329220
2 72931
1 115339 395088
1 631194 305372
2 402209
2 731412
2 454392
2 61172
0
2 840473
2 552050
0
1 232205 232670
1 555796 848220
0
2 762200
2 667449
1 576557 725312
0
1 78172 903077
1 65900 499136
2 942076
1 999669 557741
0
2 576297
2 290166
0
0
1 981255 5714
0
0
0
0
2 568536
1 525429 621743
0
2 411329
0
1 303854 524051
0
2 578154
1 801056 344643
0
2 289373
0
1 836465 108562
0
2 914302
0
0
2 251784
1 5175 256395
0
2 115309
1 557171 130942
2 695675
0
0
0
2 818952
1 790016 507515
1 228368 40071
1 492548 937312
1 490157 892264
0
1 487318 603979
2 344749
2 697255
2 779121
1 665 528417
0
1 835561 26848
0
0
1 752384 716100
1 149136 283173
1 705402 99291
2 522889
0
2 33169
0
0
1 894171 632487
1 88602 541750
1 768610 322490
1 664608 842275
1 30284 762438
2 11736
1 313152 579745
2 837128
0
1 994846 929236
0
0
0
2 543657
2 466672
0
0
0
2 162928
2 361038
2 558010
1 177048 965684
2 666813
0
1 61774 360320
2 96886
2 922354
2 399188
1 458499 961176
1 16222 384958
1 283763 514682
0
0
0
1 403683 899133
0
1 130065 109322
1 248572 297980
1 844451 175580
2 254453
1 883700 865058
1 687660 154698
0
1 574640 259874
2 255311
0
1 519591 435211
0
1 343303 615673
2 125135
1 644263 684137
2 528308
0
1 920354 396067
1 715426 421187
1 95907 819686
2 415800
0
0
2 418845
0
0
2 782668
1 613068 281703
2 429871
0
1 119627 375868
2 832578
0
1 663380 70842
0
0
1 687549 152732
0
1 672638 714744
1 84652 21305
0
2 310198
1 605621 3917
1 99702 879879
0
0
0
0
1 919642 859098
0
2 496097
2 744338
0
2 396693
2 500985
1 80463 502152
2 335353
0
1 805620 66664
0
2 903457
1 232907 190383
0
1 420206 601441
2 375
0
2 481765
0
1 359015 581951
2 756719
1 295295 74787
0
1 586594 877550
0
0
0
0
0
1 978982 128438
1 422998 169501
0
1 740021 794766
1 891610 849336
2 451106
1 720526 120928
1 612738 313455
0
0
0
0
0
1 897651 602603
2 255408
1 108212 214249
0
1 942054 775804
2 976340
1 962639 214094
2 116785
2 654440
2 33830
2 52782
0
1 900355 751812
1 213150 990091
1 604454 77030
2 499288
0
0
1 628793 577836
1 384867 483253
0
1 683096 838225
1 316087 416632
0
1 300577 559078
0
1 877183 310766
1 796779 326311
2 440117
1 299182 479355
1 924297 886841
1 784655 362048
1 880444 73480
1 735882 503152
0
0
1 421811 715449
2 279617
1 923147 765699
1 725136 279603
0
2 691328
2 510322
0
1 206397 294193
2 118685
1 730161 276562
1 219942 981056
1 554394 294683
1 506464 65149
2 682824
0
2 627287
0
1 187054 726685
2 314827
0
2 783089
2 632059
2 422501
0
1 57957 509068
2 394990
1 900670 819176
0
2 821118
1 271587 166328
1 996195 642738
1 663686 839542
0
2 803210
1 758059 178263
2 972145
0
0
0
1 518435 330617
1 939546 390919
0
0
1 647901 939747
2 265695
1 938092 833792
2 826043
1 259163 726843
2 585772
1 261992 588317
0
1 674827 842004
2 759034
0
1 843213 715373
1 168291 646399
1 1497 326248
1 166583 669977
2 946255
1 827438 609454
0
0
1 460924 430194
1 815711 154756
1 719929 357134
1 735655 276041
1 245489 747908
0
2 778452
1 956827 492444
1 728789 684533
0
2 239239
1 447800 449840
1 91865 502508
0
2 698382
2 740320
1 39492 151483
1 634119 101762
2 588747
2 790885
2 606812
1 914252 120658
0
1 831013 275196
0
1 400597 660327
1 760928 860992
1 6485 571380
0
0
1 552794 363672
0
0
2 876562
0
1 199393 877100
1 206799 650099
0
2 443070
0
0
1 265216 727
0
0
0
1 341542 464248
2 559594
2 134060
1 808377 688842
0
2 578875
1 843737 467628
0
1 991840 578746
1 570492 341242
1 998020 540342
0
2 201393
2 240991
2 909316
1 540775 185489
2 673973
2 165234
0
1 287231 709057
0
0
1 658757 119767
1 235357 218241
0
0
0
2 315632
2 503597
2 47029
0
1 945327 827806
0
0
1 547362 47894
2 304962
0
2 286299
1 925097 55164
0
0
1 94167 614209
0
0
0
1 4956 938927
2 272925
0
2 375504
0
0
2 155733
1 276854 177238
1 567431 739379
2 118188
2 740935
0
0
1 371190 713746
2 863985
1 974483 129104
1 910696 900152
0
1 484373 802913
0
1 58003 100973
2 542152
2 125274
0
1 985233 234569
0
2 872774
2 959062
2 219998
1 711824 740564
0
0
2 401125
2 709174
0
2 656530
1 302071 888370
1 255214 32389
0
1 744881 861324
2 340074
2 818406
0
0
1 333235 682512
2 929527
0
1 893947 478817
0
0
0
2 689017
2 732760
1 345425 817401
1 997619 912189
0
2 361045
2 20712
0
0
1 525160 433354
1 931624 546572
0
1 210416 283308
2 478459
1 54094 973841
1 902977 335231
2 515978
0
2 790586
0
2 418091
2 546009
1 201636 994726
1 646481 188356
1 222661 373171
2 980662
0
0
0
1 556617 656853
2 404779
1 776121 701147
1 280359 723679
1 506791 64947
2 569759
0
0
0
2 360781
2 609290
1 487577 438333
1 679822 945991
1 413291 405732
1 196182 173029
1 348946 146733
0
1 241510 139684
2 529460
0
0
0
1 126327 520491
1 666225 196057
0
1 762078 820929
1 797616 680695
2 359159
2 353933
0
0
1 134100 984587
2 905728
0
0
1 652218 305719
2 140742
2 322173
1 117482 752346
2 293801
1 914866 914161
2 712244
0
2 951660
1 113130 918242
0
2 362619
1 290006 196399
0
1 770795 660007
0
2 694600
2 85030
2 277026
1 725932 187264
0
2 577755
0
2 198069
1 477340 89239
1 255456 179723
0
0
1 957204 786458
2 115665
2 921887
0
2 767631
0
2 586897
2 247000
2 55234
2 618105
1 744887 125333
1 144648 522080
2 174008
1 836595 355563
0
1 185029 492242
0
2 722801
1 990632 687135
2 183039
1 781716 176009
2 596963
0
0
0
0
1 146677 398791
0
1 551977 213743
2 672249
0
0
0
0
1 657550 481082
0
0
0
1 149199 839114
1 784367 835938
0
1 44053 175097
1 954077 454824
2 398073
2 657984
0
1 543252 231662
2 905377
2 13911
0
0
2 8848
0
2 285838
1 281437 207851
0
2 812478
1 29174 554179
0
0
2 586528
1 427167 131189
0
2 415004
0
1 220313 6390
2 822548
2 46
2 196114
2 192591
2 586742
2 845212
2 656176
1 838438 721229
1 697511 743289
0
1 849229 809659
1 354247 141167
1 33038 661832
1 728088 708003
1 24393 483608
2 955411
1 999417 647583
2 41930
0
0
0
0
0
0
0
0
2 338500
1 551921 562807
0
1 42935 999290
1 34880 473861
0
1 911627 487596
2 97139
1 289839 400005
1 136781 819940
2 666228
2 358589
1 678838 792042
2 209743
1 563324 372284
1 313193 779517
1 303866 615761
2 359487
2 899836
2 96297
2 746718
1 869700 672581
0
0
0
0
2 577646
1 195013 660626
1 748703 276736
2 248344
2 485546
0
2 900861
2 364010
1 798927 804724
2 255502
0
2 830055
1 408996 767445
0
2 380194
0
1 238985 195200
1 99705 965344
2 513204
2 746457
0
2 570758
0
2 782847
0
1 847191 222839
2 923572
0
0
0
1 861480 817920
0
1 574690 834257
2 988831
1 668943 557120
0
2 90539
0
1 667436 244024
0
0
0
2 840622
0
1 247559 300511
0
1 754702 514355
2 312192
2 656965
0
1 671687 240340
0
1 339826 209590
0
2 672694
2 126812
0
2 633652
2 946723
1 13660 463484
2 154880
2 693015
1 285225 455532
0
2 104014
0
2 313852
2 570207
0
2 760818
2 487085
0
2 257853
0
2 4453
0
2 592233
1 379428 281235
1 723490 23956
2 92850
1 178698 646129
0
0
1 910852 571787
0
0
2 749266
1 131403 88742
0
0
1 99553 534590
2 644962
2 694824
1 683086 670762
2 939258
1 465170 415084
2 932712
2 384884
0
1 398652 571376
0
0
1 942887 287022
1 728106 776110
2 805320
2 520773
1 206034 349527
0
0
2 108318
1 21309 939329
1 660508 86131
1 57512 42879
2 98067
1 965326 448818
2 871267
1 918937 190545
1 744388 323670
0
0
2 151638
1 935401 450278
0
2 967781
2 978237
1 175794 852970
1 665034 852995
1 490462 299603
2 73717
1 825058 8920
0
1 859177 530550
0
0
0
1 759927 713370
1 810369 490593
2 802373
2 402959
0
0
1 822771 448073
0
2 874650
0
2 666015
0
2 571597
1 1331 821746
1 391094 651864
0
1 729957 280326
0
1 651370 591014
1 851162 38569
2 384192
0
2 122922
0
1 892948 592115
0
0
0
2 826422
0
0
1 606825 597557
0
0
2 717209
1 646695 427432
1 101608 159909
0
1 671040 628506
2 720313
2 542230
1 788698 76684
0
1 853263 582154
2 2755
1 76236 697796
0
1 423570 358922
1 429430 691306
0
0
0
1 370331 734574
2 475906
1 561235 533982
1 956694 416083
1 127539 773094
0
0
2 237806
1 340889 550441
0
0
0
0
1 636701 248831
1 15506 361910
2 482226
0
2 547887
2 807266
1 487762 621841
0
2 405701
0
1 294930 594191
1 664513 974576
2 386294
2 73357
1 899047 796034
0
2 532265
2 231608
0
2 52839
0
1 933999 778046
1 808486 315354
0
0
1 322332 721616
2 317034
2 456208
0
1 142586 387051
2 569547
2 862056
1 39402 88645
1 819815 466581
1 144240 122630
0
2 532990
2 657580
0
0
0
1 163806 129046
2 103276
0
1 689020 664870
1 438832 278527
2 940858
2 303811
2 14968
1 557984 86033
2 783730
2 275239
1 356044 773170
2 125211
2 747951
1 186121 290017
1 310969 419062
2 164290
1 488608 52951
1 999267 799260
1 26462 561750
2 197052
0
1 133805 698561
1 462406 181398
2 649042
2 411217
2 358736
0
1 485720 818880
1 447812 234193
2 129866
2 693346
2 770219
2 775129
2 696019
1 341274 983593
1 945142 811143
1 340751 761827
1 805761 181380
0
2 70511
1 339041 762021
1 611706 753791
2 675854
2 23154
2 889312
1 852434 609412
0
0
0
0
0
0
0
2 25875
0
1 980980 711225
0
2 385808
0
2 750921
1 111531 109300
2 769443
2 350034
0
1 482709 806518
0
0
2 8261
2 320144
1 347086 129582
1 649613 645135
2 723098
1 462314 952400
1 888894 953158
0
0
0
1 345467 716650
1 47587 37376
2 503296
2 679105
1 639497 913637
2 665530
1 871926 243134
2 653490
2 240692
1 326875 753909
0
1 466598 867866
1 347554 657695
1 657978 259591
0
0
1 911892 424607
0
0
1 489625 302353
2 499985
1 267351 896434
0
2 157918
2 405121
0
0
1 502011 281163
2 956888
2 947535
2 925030
0
0
0
0
2 985090
1 745040 883721
1 155847 918769
1 153835 639916
2 287727
2 980688
2 812176
0
0
2 833342
1 590334 436872
1 671695 290627
2 961915
2 580027
1 493500 353463
2 626320
1 431432 469886
0
0
1 575200 329875
0
0
2 693721
0
0
1 856510 213905
2 654392
0
2 581509
2 464015
2 27873
1 51131 761602
2 989932
1 117339 568423
0
2 543355
1 653848 436308
2 833866
0
0
1 373452 656008
0
1 20916 782374
0
0
2 44314
1 36139 371061
2 630713
1 830045 483098
1 895446 838648
2 790670
0
2 82003
0
2 585521
2 2989
2 540395
1 563857 183100
0
2 628202
2 368030
2 650840
1 684065 604879
0
2 611785
1 827143 248985
1 554320 793118
0
2 645869
0
1 138381 714392
2 266993
0
2 177397
0
0
0
0
1 20967 330523
0
1 714458 689939
1 758449 74322
1 743905 460263
0
2 848250
1 144414 91052
2 147435
2 64592
0
2 456448
1 801731 538721
2 21593
1 772777 119108
1 428216 458020
2 319017
2 39030
0
1 941139 710155
1 216692 446480
0
1 721949 504889
0
0
0
1 916560 167043
0
1 164190 327377
2 483335
2 760694
0
2 720686
2 112920
0
1 171429 55188
2 890342
1 902887 407092
0
0
0
2 201640
1 893916 223457
0
0
0
1 718911 321537
0
0
1 345428 700523
0
1 906201 694033
1 151797 299888
2 469590
1 125892 618097
1 252494 280074
0
0
0
0
0
0
2 396633
2 580929
1 329263 582122
2 83159
2 693841
1 662663 252065
0
0
1 246820 438408
1 650825 712387
1 817801 998305
0
0
0
2 280240
2 385475
2 273002
0
0
1 884951 744788
2 213308
2 185435
2 384908
0
2 344153
1 370661 563913
1 216028 836032
2 497159
2 143986
0
1 880097 984716
2 49334
1 697157 25243
0
2 99492
2 763814
1 939277 944143
1 362113 333996
2 735973
0
1 326208 46271
2 927391
0
0
1 663909 178749
0
1 300224 366412
2 485137
1 165907 23708
2 106073
1 335916 453608
2 958648
1 869691 967885
1 848762 3894
0
2 111783
0
1 987822 930020
2 651709
2 940773
0
1 860276 712176
2 810225
1 939690 610641
1 251556 554335
2 226950
0
0
1 182327 298776
0
2 244003
1 520831 823680
0
0
2 543141
2 163973
0
1 931289 941756
2 222709
1 30610 827686
1 719013 766303
1 881290 634400
1 152716 678289
1 78849 220990
0
2 514474
1 514641 402839
2 124269
2 931881
2 164207
2 25108
2 734481
1 261127 313606
2 80917
0
1 466994 226579
1 365971 33686
0
0
1 331912 62266
1 310359 722217
2 187817
0
1 966541 55726
2 447619
2 451504
2 690869
0
1 913650 676603
1 785011 645886
0
2 476871
2 250066
2 60485
2 939949
0
0
0
2 166578
1 659257 861135
1 854201 768894
0
1 938303 437227
1 48597 998943
2 143753
1 233787 205445
2 180345
2 30220
2 273162
2 158553
0
0
2 311816
2 836891
1 191536 982203
0
2 392922
1 451334 93626
1 323493 581141
1 87849 501159
2 452547
0
0
1 813296 147454
2 470018
1 826360 883234
1 472434 67492
1 400897 104655
1 112883 915908
0
0
0
2 863915
2 672901
2 101177
1 772894 871142
2 305316
1 973978 679388
0
1 269459 229129
2 619661
0
2 728972
0
0
0
1 153201 672580
0
0
2 546035
0
1 705884 7478
0
2 76115
1 434745 512563
0
1 978577 488284
1 634911 597242
1 766531 78076
1 998503 396047
1 695327 1080
2 532153
0
0
1 950174 343307
2 399216
0
1 978461 4559
2 895215
2 269524
1 125288 614290
1 515681 516046
1 870425 437387
2 681701
1 663334 675284
2 647344
0
1 192084 642292
0
2 248846
1 794434 411658
0
1 972176 203818
2 662902
0
0
0
2 857344
0
2 625630
2 497082
2 592847
1 519492 374779
0
0
2 785790
0
2 476297
1 364215 606117
2 676240
2 979152
0
1 211587 531453
0
0
0
1 15543 963245
1 612924 166524
2 895265
0
0
0
1 384490 947430
2 59360
2 507199
2 226495
2 505347
1 156575 28582
2 182798
0
2 910838
0
1 238548 45742
1 672715 869088
1 155529 341795
2 598929
1 348808 476670
0
1 828771 796201
1 46016 749287
1 996193 335103
0
0
2 992345
2 171187
1 800263 729915
2 520405
0
0
0
0
2 611003
1 314097 148464
0
1 381998 178482
2 106271
2 432767
0
2 491389
0
0
0
1 356087 199487
2 536682
0
2 421231
0
1 996759 453026
1 380767 949039
2 179219
1 999648 535735
1 868389 132383
1 939181 415182
1 851335 485800
0
2 637341
0
2 685863
0
0
2 202100
2 167010
0
2 278687
1 465324 91739
2 218762
1 666153 941365
0
0
0
2 616806
2 466526
1 613001 121451
2 387415
1 57366 960673
1 644594 727306
1 522514 522917
0
2 309567
0
2 610754
2 872619
0
1 623664 699429
2 316984
2 418858
1 740294 353441
2 981222
0
1 724068 756723
2 686837
0
2 791684
1 647748 593995
1 561911 154158
0
0
0
0
2 748765
2 855194
0
1 513689 777685
2 566608
2 444376
2 121764
2 801404
2 748987
1 827221 793587
1 835560 348694
2 582891
1 867573 854154
0
0
2 141703
1 240553 209918
0
2 861050
0
2 584307
2 986604
1 677274 27332
2 362348
2 927194
2 216496
2 195408
2 245609
0
1 51290 611187
0
0
1 43611 633986
0
1 991464 345345
0
0
2 461134
2 146900
1 367429 149109
1 888199 24127
2 709718
2 373149
2 982555
1 828485 117694
2 425494
0
2 355024
2 781866
2 102406
0
0
2 447138
0
2 741266
0
0
0
0
2 806576
1 24513 158489
2 26456
2 574067
2 257838
2 164201
1 955710 969978
2 867837
2 1909
0
0
2 259067
2 817649
0
0
2 641475
2 369989
1 362124 910372
2 478126
0
2 94912
0
1 988924 833380
2 251591
1 790476 461094
0
0
2 394792
1 368815 206485
0
2 596735
0
0
2 465669
2 115885
1 835525 332759
0
2 693936
0
1 224251 486807
0
2 628741
1 834979 484885
0
0
2 85120
2 837619
0
0
0
1 5603 426100
0
2 738355
0
1 826077 241668
2 960609
2 435825
1 249146 412113
2 534906
1 576706 770756
2 283582
1 308491 640053
2 414009
2 513723
0
0
0
2 407382
0
1 306441 910298
1 544809 177574
1 584323 748013
2 7813
2 437589
2 173601
2 796473
0
2 456702
1 390869 954073
2 170752
2 157234
0
2 301094
2 896009
2 647181
1 688916 27416
1 495816 800747
0
2 589938
0
2 18730
2 850653
0
2 318387
1 438058 20116
0
2 18994
1 809972 146239
2 125580
0
2 443683
0
1 383204 823526
0
0
0
0
0
1 27206 935876
0
2 751103
0
1 124943 75878
1 87320 147134
2 332133
1 796284 436896
2 403416
2 179690
0
2 126283
2 538574
0
2 594600
2 337138
1 90496 38655
2 109204
1 109061 737166
2 131494
0
1 993935 685482
2 699278
0
2 946159
1 804303 941754
1 43455 957431
2 186380
1 653226 512850
1 152223 710868
0
0
2 227504
1 953484 914016
0
2 690360
1 598418 768465
1 682566 517591
1 834430 994227
0
0
1 181187 524687
0
2 453771
2 327498
1 294764 695828
2 49231
0
1 358226 193304
1 185246 592412
1 130900 116126
2 809836
2 875752
0
1 268849 723791
2 522024
0
1 836878 58207
0
1 624396 660888
0
0
2 368015
0
2 997227
0
1 940610 912986
0
2 725747
0
0
1 214972 193339
1 333464 909021
2 340022
2 621255
0
1 697278 864247
2 234157
1 336231 536308
2 548776
2 116217
0
1 410633 940638
0
1 268048 434222
1 26344 805425
1 736237 921005
2 559789
2 889756
0
1 363833 981390
2 112943
1 543554 407797
0
2 850980
1 842119 569840
0
0
1 775963 8482
0
2 360377
2 421237
2 379972
0
2 293923
1 920638 366829
0
2 826398
0
1 529679 447224
2 380424
0
0
1 692794 70972
2 701896
2 718158
0
0
1 597829 438995
0
2 578005
1 461904 913449
1 108491 135105
0
2 672626
1 494193 845213
0
0
1 672960 582294
0
2 217172
1 584479 549804
2 535821
1 472356 624172
1 506537 224338
2 7988
0
1 393265 440456
1 334226 476320
0
1 316339 315252
0
1 768376 343009
2 985403
1 734809 202157
0
0
2 627996
0
1 462619 912878
2 202874
1 169447 950082
2 312516
1 118361 712632
2 31625
1 963768 880846
0
1 960826 640742
0
2 559836
0
0
0
1 566397 326646
2 957037
2 96096
1 345380 107292
0
1 596241 598682
1 252204 188118
0
2 677369
0
1 483680 433869
2 783813
2 133513
1 618709 98871
0
2 199615
0
0
2 576603
1 443162 178974
2 922036
2 627178
2 175044
2 520921
2 413030
0
2 906588
1 743485 867586
1 761699 277718
0
2 493118
2 27402
0
0
1 254832 705666
0
0
1 788347 190064
1 204806 520119
1 541377 677371
1 319444 872128
1 657306 753494
0
0
0
1 299536 621686
0
1 857927 220984
1 555 255180
1 490394 166027
2 940227
0
2 608507
2 450126
2 257266
2 27732
1 58688 530792
2 185326
1 342259 125941
1 801785 354707
1 429682 272566
1 212013 678815
0
1 986209 353767
2 367910
1 69309 503920
0
2 757219
1 415502 328842
1 316948 843351
1 875430 23223
2 539731
0
1 210627 474520
2 609543
2 62525
0
2 468256
2 367678
2 818736
1 448503 676479
1 744889 5193
0
0
1 679619 310327
1 446799 862280
1 609996 377385
1 523317 332107
2 795321
0
2 990861
2 246952
0
1 569952 327786
0
0
2 782643
1 441547 344447
1 194624 358152
0
1 120153 3657
2 933819
2 864305
0
0
1 579560 871938
1 130809 195483
1 290465 601416
2 320806
1 854629 76267
0
1 4642 590864
1 705933 700352
2 672598
1 918106 586219
2 969186
0
2 679573
0
2 860215
2 866107
2 652363
1 422589 122129
2 181541
1 694040 942907
0
1 802609 810309
0
2 211495
2 939926
2 630687
0
2 708321
1 661479 765764
2 125613
0
0
2 631895
1 49314 670677
0
0
2 790243
1 493007 407048
1 909951 827140
2 933910
0
2 503402
1 102023 981669
2 609618
1 109083 56403
1 792336 763752
1 430013 26503
2 839014
0
0
2 150786
1 273535 243011
0
0
0
2 245151
1 42436 415743
0
2 702816
2 167815
1 360287 703680
0
0
1 148183 949435
1 318518 594140
0
1 970578 332952
1 559281 87648
1 427181 971375
2 802327
2 429360
2 400942
0
2 766255
2 34927
2 287868
1 795739 383819
0
1 226230 37727
1 664468 374075
0
1 811332 865008
0
1 136675 848218
0
0
0
2 666544
1 809101 928269
0
2 530992
1 573208 90698
2 251630
1 896318 707372
2 867294
2 815555
2 538374
0
0
0
1 251417 503141
2 136625
0
0
2 652013
2 722678
0
0
0
0
2 81467
1 314277 313958
1 603811 603076
2 953263
2 971860
1 371170 44661
2 918173
1 638219 782123
2 753669
2 484050
0
0
0
0
2 609001
2 314042
1 148043 285959
1 712614 834332
2 291022
0
1 608633 818056
1 643173 761650
0
2 261751
1 72784 261639
1 79347 763925
2 597702
0
0
1 575804 911336
1 688361 320852
2 830021
0
0
2 782532
1 852554 472240
1 612102 311024
1 508627 351116
0
0
1 754486 887878
1 307590 924660
0
0
2 530667
0
0
1 778521 442938
0
1 610361 887675
2 843442
1 80626 989848
2 736666
1 688481 875466
2 429816
0
0
2 122381
1 693464 683082
1 310699 440617
1 121063 468815
1 916090 601357
2 152789
2 407469
1 617220 813615
1 941988 408510
0
1 963078 549965
0
2 586882
0
2 620952
2 516021
1 571339 787673
1 550313 232710
0
0
2 227117
2 166418
1 272600 779755
1 575368 985829
2 31635
2 243133
2 847376
2 733065
2 852574
2 621186
2 610380
1 115615 558928
0
0
1 274544 236894
0
2 564934
1 475280 156485
0
1 532842 946688
0
2 465209
2 228803
0
2 652142
2 939983
2 28093
1 950172 128107
1 19015 881450
1 609490 56192
0
2 971622
1 200526 742450
1 40435 275610
2 323618
2 287779
0
2 423186
2 302837
2 95282
0
2 302448
0
0
1 666260 179263
2 988379
0
1 260927 231836
2 825844
2 532332
0
0
0
1 851865 286952
1 438184 580087
2 91370
2 134948
2 480271
1 246234 972736
1 843860 907553
2 780618
0
2 960288
1 93445 43279
1 366678 870523
0
0
0
2 172104
1 817235 367582
2 384835
2 138482
0
2 422505
0
1 217536 138438
0
2 220432
0
0
2 946772
1 595031 380237
1 869539 257680
2 95982
1 965262 607434
0
0
0
1 190913 68769
0
0
1 782792 145173
0
1 201031 974919
0
0
2 890979
1 28981 421481
0
2 710643
0
0
1 231041 773943
2 900769
2 265555
0
2 975700
2 106169
1 270555 412264
0
1 861571 37827
2 313838
1 358546 680106
0
2 802310
1 764212 889984
1 299118 79961
1 577943 754311
1 151482 673583
0
2 376426
1 392213 895763
2 188459
0
0
2 891668
0
2 69230
0
1 711457 19840
1 865566 80979
1 51797 647915
1 593427 912690
2 774907
1 274507 742722
1 300050 827932
0
0
2 242637
2 610711
1 230086 511970
2 294896
1 935118 506528
0
1 264757 652582
2 581627
0
2 657360
0
2 148066
1 290444 575876
0
0
0
1 566322 965190
1 85534 30666
0
0
0
1 609658 54705
0
2 367229
2 442466
0
0
2 606276
1 39821 638702
2 84084
0
2 774773
0
1 224094 413335
0
2 699250
0
1 97652 675419
1 719051 575071
0
0
0
1 567497 490035
1 950869 703771
0
0
0
2 353507
1 794244 133213
1 514191 302270
2 138314
1 227864 223033
2 595327
2 682568
0
2 16633
1 281014 666926
1 880791 119719
1 605868 909327
1 969143 101057
1 641058 958140
0
1 510537 40874
0
1 127461 184168
2 542987
1 334075 354673
0
2 310492
1 709694 881823
0
2 431798
2 108773
0
2 587820
0
1 814953 776218
1 862374 48905
2 157791
0
0
2 392309
0
2 878306
1 82467 768699
0
2 976251
0
1 234247 795896
2 331626
1 477740 340910
1 934673 288875
0
0
1 478567 263197
0
0
2 953014
2 233600
1 372928 429171
1 148553 907301
0
0
1 954736 750995
0
0
0
2 922031
0
0
1 705152 45061
0
2 978267
1 26847 202371
1 74605 7190
1 687014 366689
0
0
2 641904
0
2 603633
2 638279
2 675678
2 257697
1 336574 258430
2 802393
1 695761 629640
1 987724 942990
1 776341 539648
0
1 693454 277032
1 915153 822967
0
1 117072 153329
1 538918 771140
0
1 712269 8119
0
0
0
0
2 45161
2 497479
1 656083 831903
2 936027
1 174477 693824
0
2 380965
1 781778 610026
1 552128 507851
1 891624 737194
1 458738 708425
0
0
2 561600
0
0
1 271930 10504
1 448211 982503
0
0
1 392637 208758
2 769848
1 128052 683202
1 644601 280870
0
0
0
2 66007
1 441058 173829
2 340851
0
2 483511
2 741928
2 378422
2 27099
1 909286 175949
1 748335 146668
2 659640
2 29172
1 58423 305286
0
2 176262
2 203654
2 561542
0
1 810651 295943
0
0
0
0
2 213913
1 614944 267819
0
2 422799
0
1 435475 612130
2 17956
2 495307
0
2 993132
2 399358
2 652116
0
1 685989 732209
0
2 583847
1 831333 156552
0
0
0
0
2 263888
2 326190
1 268755 490304
0
0
1 499467 846766
2 68342
0
0
2 180523
0
2 303519
0
1 221922 64879
0
2 771235
0
2 4979
2 746880
1 38605 720323
2 7722
0
2 947705
0
0
2 854414
1 200095 955659
2 883726
1 788711 682432
0
2 567169
0
2 670211
0
2 746807
2 152753
2 989692
2 468754
1 948113 485211
0
2 531101
1 426348 570440
2 602597
1 314343 34986
0
0
1 939658 830153
0
2 55852
1 719121 973231
2 659493
2 480595
1 949557 276001
0
2 861460
2 921488
2 843745
1 668318 869972
1 72342 22556
1 806854 798945
2 661991
2 53219
2 252310
1 918729 641648
1 381415 587034
2 973000
1 345204 815902
0
0
0
2 108846
1 601287 988108
2 101419
0
2 624542
0
1 304804 171394
0
2 853439
1 548742 591147
1 531074 364978
2 385828
2 392974
2 413717
2 263503
2 921287
2 349459
2 380571
0
0
2 157085
0
0
2 300548
2 473018
1 575775 160268
2 266849
2 356837
0
0
1 75459 975172
2 804263
2 947427
1 395831 278854
2 975478
0
1 245099 913818
1 141503 19022
0
0
1 432150 790634
2 217617
2 146422
0
0
0
0
0
