8612
1 250366 1000000
2 31246
2 48742
0
2 63835
1 570528 1000000
2 71614
2 492969
1 183049 1000000
2 126346
1 491290 1000000
2 288212
1 85420 1000000
1 802848 1000000
0
0
2 397040
1 443597 1000000
2 827295
0
1 556235 1000000
1 279825 1000000
0
1 111881 1000000
1 589961 1000000
0
0
1 568654 1000000
1 739811 1000000
0
0
1 59180 1000000
1 687483 1000000
1 120306 1000000
0
1 37222 1000000
2 977900
0
1 995606 1000000
2 766552
2 524873
2 491610
2 150871
2 34329
2 78640
2 624775
2 446074
1 882969 1000000
1 670650 1000000
0
0
0
1 228817 1000000
2 198784
0
2 39359
1 521175 1000000
2 118637
2 425526
2 50228
1 315124 1000000
2 373593
0
1 78189 1000000
2 549623
0
2 399186
0
2 461505
2 738215
2 438388
2 17388
1 284084 1000000
0
2 58377
1 337769 1000000
0
2 296642
0
2 130203
0
2 45574
1 331136 1000000
0
0
2 271670
2 124584
1 308089 1000000
0
1 233864 1000000
1 214460 1000000
1 675617 1000000
2 9004
0
0
2 259991
2 583388
2 489858
0
1 75673 1000000
2 110069
0
2 83421
0
2 4526
1 754065 1000000
1 924799 1000000
2 528189
0
2 277668
0
1 104099 1000000
0
0
0
1 987505 1000000
0
0
0
2 502523
1 748320 1000000
0
0
1 893926 1000000
2 836734
0
1 478140 1000000
1 587585 1000000
2 767007
2 926175
0
2 911452
2 66416
2 369647
0
2 83769
1 285253 1000000
1 687162 1000000
1 245360 1000000
1 477366 1000000
1 263820 1000000
1 520846 1000000
2 63511
0
0
1 47005 1000000
2 939024
1 861359 1000000
2 198664
0
2 626958
1 409464 1000000
0
2 689921
0
0
1 245013 1000000
2 244441
2 258996
0
2 867165
0
1 35811 1000000
2 367483
2 28091
0
1 342249 1000000
2 319397
1 144904 1000000
2 6867
1 100189 1000000
0
0
2 127331
0
0
1 940719 1000000
0
0
0
1 42552 1000000
0
2 429961
0
1 261856 1000000
0
0
1 396481 1000000
1 515497 1000000
2 74925
0
1 313119 1000000
2 721053
2 512018
0
2 87052
1 262745 1000000
2 381079
2 418138
2 156576
1 571866 1000000
1 300610 1000000
0
1 838441 1000000
2 551701
0
0
2 516326
2 60564
0
1 639690 1000000
2 195048
2 662434
0
1 349977 1000000
0
0
0
1 553877 1000000
1 556340 1000000
2 660493
0
1 971128 1000000
0
2 242967
1 795407 1000000
2 947141
1 604155 1000000
0
1 968136 1000000
0
2 247690
0
2 669704
2 230445
1 713436 1000000
0
2 952515
2 918911
2 845739
2 142625
1 223246 1000000
0
2 72113
1 728877 1000000
0
0
2 397779
1 299333 1000000
2 301976
2 562801
2 28351
0
1 526634 1000000
1 916154 1000000
0
2 527966
1 807005 1000000
1 171419 1000000
0
2 769758
0
0
0
1 775960 1000000
1 894416 1000000
0
2 901721
1 719208 1000000
0
2 700547
2 153625
1 185857 1000000
0
1 615601 1000000
1 932687 1000000
1 367606 1000000
0
0
1 590787 1000000
2 157081
1 575101 1000000
2 886251
2 424150
1 290395 1000000
0
1 485548 1000000
0
1 310965 1000000
2 170965
0
0
2 227894
2 772435
2 808801
1 10920 1000000
1 848868 1000000
2 528069
2 397683
0
2 155312
2 77672
2 546797
0
2 202099
1 514808 1000000
2 776299
0
1 993469 1000000
1 832461 1000000
1 257484 1000000
2 920622
1 461576 1000000
0
1 921635 1000000
1 650267 1000000
0
1 695710 1000000
0
0
2 9107
0
2 534353
0
1 239212 1000000
1 361350 1000000
1 85704 1000000
1 80258 1000000
0
0
1 441763 1000000
1 253199 1000000
2 821243
1 714120 1000000
1 858595 1000000
0
0
0
0
0
0
1 559328 1000000
0
1 987059 1000000
0
1 106514 1000000
1 175482 1000000
0
1 805346 1000000
0
2 624533
2 204000
2 227549
1 725303 1000000
0
2 518977
2 550278
0
2 442037
0
2 344427
0
1 376035 1000000
0
0
2 27590
1 250092 1000000
1 134191 1000000
2 955189
2 128954
1 719241 1000000
2 101447
1 541607 1000000
0
0
2 69087
1 923920 1000000
0
1 489482 1000000
0
2 116561
0
2 949006
1 945517 1000000
2 787669
2 344193
1 872522 1000000
0
1 300034 1000000
1 383937 1000000
2 93036
2 293925
2 837426
1 615177 1000000
0
2 833316
1 306183 1000000
0
2 872004
2 885636
1 803618 1000000
0
1 301424 1000000
2 224406
1 973753 1000000
2 924626
2 938665
2 508210
0
0
0
0
2 795784
0
1 127705 1000000
2 7787
2 258016
0
0
0
0
2 66638
2 401871
1 121043 1000000
2 761805
2 869321
1 633955 1000000
1 653154 1000000
2 771669
2 78648
2 93575
0
0
0
1 642155 1000000
2 431445
0
0
2 666079
1 471415 1000000
1 16084 1000000
2 494675
2 874568
0
0
2 242513
2 212826
2 340716
1 597007 1000000
1 141164 1000000
1 399376 1000000
0
1 428228 1000000
2 97134
1 369102 1000000
1 861741 1000000
1 818077 1000000
2 313460
1 441302 1000000
0
2 489734
2 751869
0
2 358641
0
0
1 597864 1000000
0
0
0
2 780223
1 242948 1000000
0
0
0
1 35657 1000000
2 661376
2 453840
2 786034
1 522320 1000000
2 183916
1 13357 1000000
2 243046
1 360315 1000000
1 473305 1000000
1 667931 1000000
2 432300
0
2 617549
2 228855
1 601026 1000000
2 563614
0
2 12140
2 317875
1 61607 1000000
0
2 715188
0
2 591001
0
2 358665
2 287503
0
1 73851 1000000
2 148866
0
0
0
2 1637
1 186102 1000000
1 93551 1000000
0
2 271079
2 16776
1 521268 1000000
0
0
2 280350
1 809715 1000000
1 673799 1000000
1 598664 1000000
0
2 335439
2 584583
0
0
0
1 412901 1000000
2 402631
2 196489
1 227494 1000000
1 680754 1000000
1 171451 1000000
1 711449 1000000
1 405837 1000000
2 241624
2 301465
0
2 232595
0
0
2 713657
2 590945
2 658710
1 666162 1000000
2 352840
0
0
2 896946
0
2 9370
0
0
1 22213 1000000
1 910615 1000000
1 705257 1000000
0
1 931103 1000000
0
0
0
0
1 625795 1000000
1 967371 1000000
2 350394
1 878393 1000000
1 406873 1000000
2 261748
1 128731 1000000
1 305204 1000000
0
2 297569
2 642226
2 589514
2 189624
2 775868
1 148924 1000000
2 686042
2 958589
1 671134 1000000
0
0
1 63295 1000000
1 650395 1000000
0
2 590392
0
1 232949 1000000
2 263132
2 624931
2 870187
1 638608 1000000
2 27216
2 395588
1 59533 1000000
1 956527 1000000
0
0
1 953237 1000000
0
0
0
2 594454
2 801807
1 848496 1000000
2 46181
1 837081 1000000
0
2 510526
0
0
2 961210
0
2 843855
2 355691
1 927809 1000000
1 82978 1000000
1 82106 1000000
0
1 647591 1000000
2 616999
0
2 93418
0
1 815140 1000000
0
2 388508
1 580833 1000000
2 309650
2 535911
0
0
0
0
0
0
0
0
2 482252
1 888255 1000000
1 323961 1000000
0
1 529940 1000000
2 372377
2 133069
0
1 776325 1000000
0
0
1 627906 1000000
0
1 683741 1000000
1 182005 1000000
2 876494
0
0
1 414928 1000000
0
1 945697 1000000
0
2 177768
1 590194 1000000
2 801937
1 285677 1000000
2 709573
1 876809 1000000
2 314514
2 417026
2 301988
1 63560 1000000
2 403750
0
0
0
2 174728
0
2 410285
0
2 127544
1 849913 1000000
1 966257 1000000
1 442514 1000000
2 314554
2 222159
0
1 102389 1000000
1 760517 1000000
1 220090 1000000
1 824290 1000000
2 235184
0
2 39973
1 984185 1000000
2 4206
1 807199 1000000
0
0
0
0
2 977404
0
2 176156
0
0
2 533931
2 848568
0
1 424524 1000000
0
0
0
0
0
0
2 209086
0
1 833029 1000000
1 441110 1000000
1 14268 1000000
0
1 639344 1000000
0
1 128157 1000000
0
2 91239
1 806164 1000000
2 26180
0
1 496516 1000000
0
0
2 468946
1 902985 1000000
1 412195 1000000
0
0
0
0
1 114505 1000000
1 623695 1000000
1 913405 1000000
1 106477 1000000
0
0
1 429580 1000000
0
1 901695 1000000
0
1 472238 1000000
0
2 296988
2 293658
1 788893 1000000
1 737018 1000000
0
2 846862
0
0
0
2 65099
0
0
0
1 125931 1000000
0
1 328916 1000000
2 318167
1 314665 1000000
1 404251 1000000
0
2 970643
2 216553
2 878598
0
0
0
2 12608
2 163599
1 66292 1000000
0
1 22188 1000000
1 911086 1000000
2 613457
2 590362
2 356309
1 816683 1000000
1 23642 1000000
0
2 770222
1 678115 1000000
2 219690
2 782980
2 396974
1 891254 1000000
2 61574
0
0
0
2 371773
1 501564 1000000
1 39783 1000000
1 451207 1000000
1 601626 1000000
2 703267
0
0
2 414730
0
2 341286
2 335336
2 641212
2 216610
2 356604
0
2 680441
2 717485
2 762083
2 369527
0
2 796875
2 841731
0
2 268285
2 211794
1 625261 1000000
0
2 578252
0
2 907207
2 252109
0
0
0
0
1 594843 1000000
2 794146
1 430473 1000000
2 416998
0
2 396546
1 455045 1000000
1 74642 1000000
0
1 770492 1000000
1 329627 1000000
0
2 919132
0
2 929294
0
1 143477 1000000
0
1 991360 1000000
0
2 736216
2 937439
1 616730 1000000
0
2 792373
1 657245 1000000
2 173644
0
2 619121
2 612506
1 207677 1000000
1 485046 1000000
1 34657 1000000
1 798348 1000000
0
2 877076
1 310387 1000000
1 672981 1000000
2 453864
0
2 271447
1 318831 1000000
0
1 743743 1000000
2 56050
1 706430 1000000
1 179809 1000000
0
0
1 270475 1000000
2 285351
1 63058 1000000
1 143331 1000000
2 537484
0
0
1 720251 1000000
2 505578
1 287928 1000000
2 768779
0
0
2 548912
2 476227
1 745816 1000000
1 895300 1000000
2 90313
0
1 841532 1000000
1 299029 1000000
1 93394 1000000
2 790389
1 450012 1000000
1 636196 1000000
2 964422
0
2 847312
0
0
0
0
2 298771
2 265606
1 140595 1000000
0
1 338598 1000000
2 544446
2 198079
1 536924 1000000
2 59320
1 755279 1000000
2 186911
1 121610 1000000
0
1 667257 1000000
0
2 978019
1 930720 1000000
1 342269 1000000
2 57407
1 65304 1000000
2 545203
1 578937 1000000
1 754539 1000000
1 193098 1000000
1 870356 1000000
1 135551 1000000
1 841805 1000000
2 936794
1 642725 1000000
1 367463 1000000
1 199741 1000000
1 708468 1000000
0
1 990958 1000000
2 696668
0
1 4031 1000000
1 794771 1000000
1 921852 1000000
1 763053 1000000
2 227747
1 202260 1000000
0
2 846990
0
1 596049 1000000
1 462383 1000000
0
0
1 789278 1000000
1 444761 1000000
2 566667
2 495160
1 996292 1000000
1 513554 1000000
2 775345
0
0
2 691494
2 866638
1 571988 1000000
1 137980 1000000
2 964273
2 187447
1 293233 1000000
0
0
1 799815 1000000
1 655340 1000000
1 795928 1000000
1 716166 1000000
2 990690
0
0
2 789260
2 695287
0
1 339016 1000000
0
0
0
1 505956 1000000
1 694499 1000000
1 37220 1000000
2 992083
2 936855
2 381342
1 948890 1000000
0
2 668528
2 295945
1 21352 1000000
1 202276 1000000
2 558003
0
2 671059
0
0
0
0
1 127770 1000000
0
2 794479
2 989052
1 623795 1000000
1 185908 1000000
1 391110 1000000
2 412548
2 673281
1 133689 1000000
0
2 585057
1 378259 1000000
0
2 624351
0
0
0
1 375949 1000000
2 315683
0
0
1 860155 1000000
0
1 582338 1000000
1 849229 1000000
1 921517 1000000
2 433646
0
2 921367
1 85685 1000000
2 166717
1 148044 1000000
2 51520
0
0
0
1 295056 1000000
2 33950
1 574807 1000000
2 555849
0
0
2 920473
2 440771
1 864247 1000000
1 35839 1000000
0
2 518277
0
2 778781
1 453384 1000000
2 994106
0
1 559343 1000000
0
0
0
0
1 58779 1000000
0
1 700267 1000000
1 656443 1000000
2 420425
1 479845 1000000
2 244752
1 576877 1000000
1 397161 1000000
1 332124 1000000
1 945806 1000000
2 232873
1 67016 1000000
1 375023 1000000
2 44746
1 705007 1000000
1 592470 1000000
0
2 187768
2 44910
1 307155 1000000
0
0
1 452308 1000000
1 618490 1000000
2 825170
2 835844
2 697774
1 385921 1000000
1 7733 1000000
2 773001
0
2 87148
2 540453
0
0
2 879754
0
1 804797 1000000
2 279075
2 731042
1 840059 1000000
0
1 983629 1000000
2 111307
0
1 320209 1000000
2 475639
0
2 777623
2 852555
2 340014
1 101692 1000000
2 772340
0
1 643751 1000000
0
1 306653 1000000
2 29396
1 271561 1000000
2 146594
1 468063 1000000
0
2 462422
2 338178
2 898349
0
2 179221
0
0
0
1 857523 1000000
2 863517
2 560313
2 250747
1 952168 1000000
1 821682 1000000
0
1 694684 1000000
1 617993 1000000
1 835898 1000000
1 619877 1000000
0
0
0
0
2 822040
1 790392 1000000
1 7761 1000000
0
2 35524
0
2 892377
0
0
0
0
2 705318
1 971881 1000000
1 886273 1000000
2 814367
0
0
2 792377
2 275796
2 365498
2 562482
1 447480 1000000
2 867836
1 655361 1000000
2 524907
1 455469 1000000
1 358127 1000000
2 326407
0
0
2 232065
0
2 588913
1 969692 1000000
0
1 837670 1000000
2 772011
1 572188 1000000
1 315075 1000000
0
0
1 764485 1000000
0
2 766015
1 509136 1000000
0
0
2 877232
2 607779
2 550570
1 451107 1000000
1 42952 1000000
2 448074
0
1 940209 1000000
1 33093 1000000
2 943513
1 276138 1000000
0
1 312155 1000000
2 521926
0
0
1 47502 1000000
0
2 963860
1 695486 1000000
1 625940 1000000
2 991821
0
2 974295
0
2 384474
0
1 490343 1000000
0
0
1 928603 1000000
1 279377 1000000
0
2 677150
2 521905
0
2 389903
0
2 343518
2 182969
0
1 448956 1000000
1 301309 1000000
2 273350
0
1 121759 1000000
0
1 101816 1000000
2 383598
2 116708
0
1 783961 1000000
1 182356 1000000
0
0
0
0
1 959068 1000000
2 440518
0
1 408268 1000000
2 588701
2 268809
0
2 109170
2 431120
1 936822 1000000
0
2 130081
1 535889 1000000
0
0
2 996418
1 823712 1000000
2 433422
0
0
2 446821
0
2 688152
1 237884 1000000
0
2 422896
1 62454 1000000
2 339126
2 85364
2 2120
1 915976 1000000
0
1 4490 1000000
1 388723 1000000
1 790980 1000000
0
0
2 165542
0
2 107824
1 192707 1000000
2 57659
1 177011 1000000
0
0
1 549962 1000000
0
2 802076
0
1 249601 1000000
2 171776
1 812532 1000000
0
2 777135
1 87748 1000000
0
1 225450 1000000
1 922430 1000000
1 110029 1000000
2 404741
2 769853
2 435055
2 249658
0
2 233703
0
1 4864 1000000
0
0
1 784028 1000000
2 762114
0
1 68796 1000000
0
0
0
2 423440
1 595855 1000000
2 161319
0
1 335585 1000000
2 555675
2 569653
1 266793 1000000
1 896461 1000000
1 673498 1000000
2 141786
0
1 230940 1000000
1 238421 1000000
0
0
1 166765 1000000
2 941327
2 134963
2 431431
1 430187 1000000
0
1 853 1000000
1 335841 1000000
2 759240
0
1 590165 1000000
1 536330 1000000
2 112904
1 959139 1000000
1 960398 1000000
2 259941
0
0
0
2 239514
2 476118
1 352919 1000000
2 97804
1 39814 1000000
2 695253
2 39137
2 543864
0
0
0
0
1 937446 1000000
2 672182
0
0
1 576580 1000000
2 179402
2 138371
0
2 827372
1 21580 1000000
2 354837
0
1 925895 1000000
1 166192 1000000
1 257287 1000000
2 954575
1 21338 1000000
0
1 789689 1000000
1 91360 1000000
1 565773 1000000
2 42573
2 121290
0
2 784238
0
0
1 859908 1000000
2 50895
1 958697 1000000
1 315210 1000000
0
2 738203
2 178085
1 764904 1000000
0
0
0
0
2 146671
2 448607
1 681675 1000000
1 829747 1000000
0
1 753286 1000000
0
2 970262
0
0
2 227857
1 160083 1000000
0
1 512679 1000000
0
1 334893 1000000
0
0
1 662070 1000000
0
2 12743
2 776601
2 761674
0
0
0
1 117603 1000000
0
1 912242 1000000
0
2 970444
1 612732 1000000
2 994132
1 703436 1000000
0
0
0
1 575756 1000000
1 17587 1000000
0
0
0
1 114646 1000000
2 363997
0
0
2 639337
2 957199
1 339448 1000000
0
0
0
1 587011 1000000
1 411323 1000000
1 450672 1000000
2 642125
2 971738
2 349039
2 804374
2 98860
1 137137 1000000
2 538418
1 68409 1000000
2 414740
1 35835 1000000
2 408722
0
0
0
1 806850 1000000
0
2 652312
1 348807 1000000
1 376018 1000000
1 154139 1000000
2 700885
2 624207
0
0
1 228630 1000000
1 744218 1000000
1 644282 1000000
1 314591 1000000
1 571735 1000000
0
2 763540
1 606533 1000000
0
0
0
2 230582
2 307445
2 980642
0
1 776443 1000000
0
0
0
2 379476
0
1 634554 1000000
0
1 404972 1000000
2 991276
2 539293
0
2 959676
0
2 738944
2 710717
2 881258
2 834687
1 24810 1000000
0
2 910916
1 457879 1000000
0
2 261871
1 132270 1000000
2 806336
2 758721
2 654245
0
1 27936 1000000
0
0
2 140298
2 466967
2 799335
1 261268 1000000
1 887688 1000000
1 65094 1000000
0
2 766915
2 515031
1 532725 1000000
1 48036 1000000
0
1 374214 1000000
1 23765 1000000
0
1 569918 1000000
0
2 227049
0
2 913515
2 990909
1 887905 1000000
2 478505
2 70428
2 38475
1 806826 1000000
2 6560
1 296717 1000000
2 719573
1 1007 1000000
0
0
2 569874
2 940979
2 5133
0
2 33614
1 881992 1000000
2 292407
2 122850
2 414238
0
1 695585 1000000
1 921209 1000000
0
2 728834
0
2 641127
1 459453 1000000
2 358749
2 347404
1 422563 1000000
0
0
0
2 231622
0
0
0
0
2 64000
0
0
1 98586 1000000
1 898586 1000000
0
2 71221
0
1 450479 1000000
0
2 813892
2 463748
2 164765
2 3178
0
1 986970 1000000
1 863474 1000000
0
2 75582
2 330803
0
0
0
1 479930 1000000
0
1 76264 1000000
0
1 912446 1000000
1 548665 1000000
2 324617
2 423817
1 572722 1000000
0
0
2 132917
2 348143
0
2 695617
1 698772 1000000
1 612377 1000000
2 587875
2 323548
2 348544
2 538182
0
1 238766 1000000
0
2 148754
1 675709 1000000
1 285848 1000000
2 276454
0
0
2 65400
2 716166
2 316818
1 272781 1000000
0
2 190555
0
2 749997
0
2 483118
0
2 14806
1 71035 1000000
1 559652 1000000
0
0
0
2 796058
0
0
0
1 909769 1000000
2 813948
1 989363 1000000
1 74353 1000000
2 921727
1 20412 1000000
1 594803 1000000
0
2 874789
0
1 590540 1000000
1 196527 1000000
0
1 692690 1000000
1 3978 1000000
2 955245
0
1 478962 1000000
2 769357
0
0
0
2 142557
2 26901
0
0
0
1 696701 1000000
2 55011
2 331420
1 637021 1000000
2 343104
2 757587
1 179742 1000000
2 153931
2 26683
2 3332
2 419
0
1 154951 1000000
2 60484
0
1 910115 1000000
2 969194
2 29891
0
2 5469
1 927779 1000000
0
0
1 826954 1000000
0
1 986879 1000000
2 706687
2 442892
0
1 558334 1000000
1 967275 1000000
2 13021
0
1 741943 1000000
2 700464
1 408701 1000000
1 925864 1000000
2 99912
2 823681
1 349452 1000000
0
0
1 708806 1000000
2 517386
2 203602
1 993280 1000000
2 242533
1 155390 1000000
0
1 447795 1000000
2 202886
1 202289 1000000
1 551475 1000000
0
2 149909
2 815067
0
1 449920 1000000
0
2 417536
0
1 340670 1000000
0
1 358931 1000000
1 845880 1000000
1 829910 1000000
2 878320
2 602254
1 808232 1000000
2 463693
1 697052 1000000
1 516334 1000000
1 890777 1000000
2 46812
2 699408
1 314618 1000000
1 134693 1000000
1 475884 1000000
0
2 85013
1 811966 1000000
1 675951 1000000
2 484624
2 388623
1 510425 1000000
2 142849
0
2 711897
1 292623 1000000
1 749092 1000000
1 86779 1000000
2 600945
1 976484 1000000
2 747735
0
1 690841 1000000
1 495025 1000000
1 673699 1000000
0
1 348229 1000000
0
1 879108 1000000
0
2 921674
0
0
1 162731 1000000
2 406299
2 720912
0
0
1 958897 1000000
2 729427
0
1 333711 1000000
0
1 60954 1000000
1 47467 1000000
1 845648 1000000
1 57622 1000000
0
2 566255
0
0
2 620623
2 429433
1 259908 1000000
0
2 175165
1 858816 1000000
0
2 912824
0
0
0
2 287481
2 294812
0
0
2 308179
2 886122
0
0
0
1 726617 1000000
0
1 656372 1000000
1 946403 1000000
1 444075 1000000
2 93549
2 80283
2 185894
0
2 297787
2 285279
0
2 816447
1 445388 1000000
1 662132 1000000
0
0
2 854484
0
1 530888 1000000
0
0
1 669216 1000000
0
1 718893 1000000
0
0
2 758218
2 779141
1 865207 1000000
2 345661
2 174141
0
1 69353 1000000
0
2 860105
0
2 528645
2 287749
2 670488
1 590745 1000000
2 865383
1 737802 1000000
1 501507 1000000
0
1 331202 1000000
1 756531 1000000
2 216516
1 117249 1000000
2 715867
2 301694
1 897534 1000000
1 153602 1000000
1 922871 1000000
1 255418 1000000
1 407839 1000000
1 635857 1000000
0
2 670378
0
1 277088 1000000
1 778321 1000000
0
0
2 419242
2 581426
1 927792 1000000
0
0
2 560907
2 167646
1 412714 1000000
2 29378
2 641413
0
2 860112
1 364969 1000000
0
2 527516
0
0
2 532807
2 93267
0
2 875317
2 730880
0
0
0
1 543039 1000000
0
0
1 901843 1000000
2 963140
0
1 194537 1000000
2 312588
0
0
1 734273 1000000
1 171320 1000000
0
2 820689
0
2 448915
2 858769
0
1 573903 1000000
2 295807
1 750638 1000000
2 888306
1 562379 1000000
2 474854
0
2 937224
0
1 245078 1000000
1 694069 1000000
1 218608 1000000
1 828391 1000000
2 262654
0
0
2 663407
2 226455
2 435429
0
2 923477
2 857702
1 220902 1000000
2 998937
2 530633
0
2 368665
1 487466 1000000
2 570908
1 629908 1000000
1 598861 1000000
0
0
0
0
2 535011
1 801710 1000000
2 497387
0
1 513710 1000000
2 290038
0
1 118643 1000000
0
1 468099 1000000
0
2 860724
2 587557
0
0
1 970426 1000000
1 575461 1000000
0
1 343411 1000000
2 937930
1 231889 1000000
2 27052
1 60653 1000000
2 19822
0
1 471221 1000000
0
1 72578 1000000
2 816118
1 374151 1000000
1 107256 1000000
2 882480
0
0
1 820082 1000000
2 843804
2 873881
0
1 183873 1000000
1 650314 1000000
1 624503 1000000
0
1 645455 1000000
0
0
0
0
0
1 491001 1000000
1 428537 1000000
1 69885 1000000
2 693936
2 438506
0
0
0
1 891372 1000000
0
2 673381
0
1 832663 1000000
1 231870 1000000
0
2 218444
2 754034
1 711532 1000000
0
0
1 688347 1000000
0
0
0
2 698583
0
1 155585 1000000
1 587057 1000000
2 645816
2 22828
1 609728 1000000
0
0
1 91125 1000000
2 404106
1 395474 1000000
2 920115
0
1 793615 1000000
0
1 33503 1000000
0
0
0
2 756864
0
1 195188 1000000
2 126733
0
2 583623
2 785050
0
0
1 927928 1000000
2 227464
0
2 135131
1 968744 1000000
2 856267
2 823855
0
1 209958 1000000
1 651396 1000000
2 192292
2 731532
1 220969 1000000
0
1 304070 1000000
1 122625 1000000
2 305592
1 440692 1000000
2 441611
2 981804
2 550350
1 756807 1000000
0
0
1 638824 1000000
0
1 387868 1000000
1 199447 1000000
0
2 328541
0
1 557556 1000000
0
0
1 876069 1000000
1 361192 1000000
0
2 270130
2 698143
1 502239 1000000
2 241302
1 33821 1000000
0
1 489343 1000000
1 4181 1000000
2 553570
0
2 803674
1 89438 1000000
1 581930 1000000
2 784209
2 678693
1 757054 1000000
1 613993 1000000
0
2 20137
2 250647
0
0
0
2 446782
1 14589 1000000
1 653726 1000000
0
2 376877
0
0
0
2 698794
1 381808 1000000
0
1 95391 1000000
2 946279
0
0
1 104006 1000000
0
0
2 716513
0
2 358001
2 680481
0
0
1 243861 1000000
1 374302 1000000
1 248715 1000000
1 156971 1000000
0
2 736351
2 605149
0
1 314755 1000000
0
0
0
1 898464 1000000
2 988145
1 799291 1000000
0
1 701598 1000000
1 926727 1000000
0
0
2 290399
0
1 275092 1000000
0
0
1 97297 1000000
0
2 583955
2 681441
2 137702
0
2 800589
1 297192 1000000
1 140105 1000000
2 994780
2 361307
0
1 643800 1000000
1 770054 1000000
2 389621
0
2 142926
1 297414 1000000
2 317085
1 265741 1000000
0
0
1 249394 1000000
1 924297 1000000
2 221104
0
0
2 204606
1 406005 1000000
2 49005
1 235404 1000000
0
2 454729
0
2 215606
0
0
2 426974
1 659225 1000000
2 518539
1 415451 1000000
1 561591 1000000
0
1 744441 1000000
1 386736 1000000
2 902887
1 280221 1000000
1 853616 1000000
0
1 225340 1000000
2 120406
1 304071 1000000
2 667213
2 740283
2 858009
1 642030 1000000
0
1 721199 1000000
1 316208 1000000
2 526356
2 547347
2 358137
1 997836 1000000
0
1 116243 1000000
0
0
2 712706
1 840105 1000000
0
2 389942
2 921058
1 205891 1000000
2 35068
0
0
1 737157 1000000
2 407753
0
0
2 10218
2 174223
0
0
0
2 779498
1 144968 1000000
1 861110 1000000
0
1 999299 1000000
1 995598 1000000
0
1 899606 1000000
1 611255 1000000
1 268279 1000000
2 127599
1 665953 1000000
2 433242
2 89647
0
0
1 374550 1000000
0
0
1 98562 1000000
2 564086
2 336564
0
0
2 763261
0
0
1 857480 1000000
0
0
2 148805
1 480612 1000000
2 424839
0
2 523357
1 325452 1000000
2 583460
2 916096
2 669237
1 977123 1000000
2 954318
0
0
1 944284 1000000
0
1 928468 1000000
2 895891
1 471668 1000000
0
0
0
1 74022 1000000
2 581781
1 206399 1000000
0
0
0
1 594927 1000000
1 197472 1000000
0
1 291078 1000000
2 809737
2 304016
1 101342 1000000
0
1 299144 1000000
1 740680 1000000
0
1 534916 1000000
1 217979 1000000
2 562554
2 68419
2 428874
0
0
0
2 103522
0
0
0
0
2 17989
2 57706
0
2 686554
1 210232 1000000
0
1 718753 1000000
2 611249
2 16684
1 775249 1000000
2 504406
2 909061
1 768340 1000000
2 610995
2 209333
1 719262 1000000
1 417170 1000000
0
2 234376
1 252152 1000000
2 971131
2 365473
2 529588
1 73425 1000000
2 207622
1 879591 1000000
2 16359
0
0
2 437852
0
1 254912 1000000
0
1 109950 1000000
2 727996
2 281002
1 182126 1000000
1 654418 1000000
2 52747
1 300197 1000000
1 68495 1000000
1 968655 1000000
0
0
0
1 725407 1000000
2 956006
2 862388
0
1 374104 1000000
1 697958 1000000
0
0
1 239679 1000000
2 245566
1 220615 1000000
2 302766
2 436750
1 857796 1000000
1 107605 1000000
1 228854 1000000
1 409382 1000000
2 256380
0
1 263979 1000000
1 959638 1000000
1 308293 1000000
0
0
1 218304 1000000
0
0
1 424214 1000000
2 522262
0
0
1 357076 1000000
0
1 804420 1000000
2 735004
0
0
0
2 203716
2 472339
2 632402
0
2 627632
1 659575 1000000
0
2 888850
2 947144
1 64676 1000000
0
1 419951 1000000
0
2 36118
0
1 958275 1000000
0
1 563849 1000000
0
2 459123
1 495918 1000000
1 55343 1000000
2 283982
2 682777
0
0
2 112533
0
0
2 210808
2 330858
2 348892
0
0
2 964999
0
2 497031
2 552038
2 832528
2 693064
2 851268
1 545175 1000000
1 941822 1000000
0
1 620070 1000000
2 129225
0
1 130937 1000000
1 220045 1000000
1 764852 1000000
0
1 467222 1000000
1 870373 1000000
2 876208
2 846319
2 679472
2 10752
0
0
1 403180 1000000
2 543950
0
0
1 433983 1000000
2 91645
2 80688
1 482280 1000000
2 240432
2 105682
0
1 544556 1000000
0
1 480699 1000000
0
1 709025 1000000
0
1 926024 1000000
1 961797 1000000
2 89989
2 327439
0
1 987889 1000000
2 8618
0
0
1 872138 1000000
1 366316 1000000
1 149707 1000000
2 243992
0
2 657802
1 132056 1000000
1 831506 1000000
1 987708 1000000
2 935411
2 351214
0
2 978284
2 867583
2 334064
0
0
0
1 169678 1000000
2 300315
1 527058 1000000
2 976194
1 65604 1000000
2 87036
2 361842
0
0
1 202666 1000000
2 194869
0
1 407225 1000000
1 419389 1000000
2 891855
1 871056 1000000
1 729651 1000000
0
2 962770
1 256316 1000000
0
1 703598 1000000
0
1 540226 1000000
0
0
1 559535 1000000
0
2 454926
0
2 461776
1 380659 1000000
1 85953 1000000
2 369966
0
1 398749 1000000
0
1 294760 1000000
1 958066 1000000
0
1 820600 1000000
2 396909
0
2 183178
0
0
0
0
1 286669 1000000
2 605159
1 888984 1000000
1 850883 1000000
1 221052 1000000
1 419054 1000000
0
1 877806 1000000
2 55359
2 215048
2 355282
0
0
0
1 851570 1000000
0
0
1 569525 1000000
1 291565 1000000
2 391298
1 118565 1000000
1 754138 1000000
2 268855
2 967448
1 196106 1000000
1 951753 1000000
0
1 962338 1000000
0
2 164613
1 225914 1000000
2 600876
1 148711 1000000
0
1 532001 1000000
0
0
1 374475 1000000
0
0
1 238979 1000000
1 776108 1000000
2 68556
0
2 264339
0
2 660915
2 508928
0
1 279757 1000000
0
2 987290
2 370544
1 407664 1000000
0
2 797869
1 69744 1000000
1 242033 1000000
2 70807
2 344875
2 884265
2 245954
1 324880 1000000
2 551311
1 978021 1000000
0
2 44644
1 470204 1000000
1 579074 1000000
0
2 801947
1 133422 1000000
0
2 19300
1 741050 1000000
0
1 529244 1000000
2 440176
1 747408 1000000
0
2 912593
1 24620 1000000
1 42519 1000000
1 632788 1000000
1 49585 1000000
1 441560 1000000
2 700149
0
0
0
2 703157
2 778876
2 902114
1 142928 1000000
0
2 122921
1 871899 1000000
2 31043
1 734196 1000000
1 561352 1000000
0
2 327186
1 187948 1000000
2 966980
0
0
1 163729 1000000
2 136747
1 895755 1000000
0
2 972216
0
1 259959 1000000
1 987267 1000000
0
0
2 623375
0
1 487685 1000000
2 213028
1 871504 1000000
1 659214 1000000
0
0
2 515172
1 12536 1000000
2 917589
1 66551 1000000
1 108260 1000000
1 408587 1000000
1 701542 1000000
2 689831
0
1 254375 1000000
2 242062
0
0
0
2 997606
2 213453
1 537295 1000000
1 696683 1000000
1 532439 1000000
0
1 163267 1000000
0
0
2 578209
2 697403
0
0
2 107673
2 243335
1 144876 1000000
1 635150 1000000
2 358315
0
0
1 197863 1000000
2 234174
2 734174
1 394560 1000000
2 326117
1 340511 1000000
2 953036
0
1 85000 1000000
0
0
2 267890
2 384215
2 529002
0
1 507031 1000000
1 854955 1000000
0
0
1 324148 1000000
1 773455 1000000
0
1 80008 1000000
1 283836 1000000
0
1 363 1000000
2 760451
1 814436 1000000
2 459786
1 379073 1000000
1 906874 1000000
2 359452
2 813182
1 408160 1000000
0
1 28504 1000000
0
1 881933 1000000
2 604348
0
2 948353
2 190208
1 876114 1000000
1 969221 1000000
0
1 556262 1000000
2 532391
0
0
0
0
1 270567 1000000
2 693250
1 550502 1000000
1 585729 1000000
0
1 692636 1000000
1 658348 1000000
1 377202 1000000
1 486402 1000000
0
0
1 318190 1000000
0
2 396998
1 740911 1000000
2 366858
1 483591 1000000
0
1 543297 1000000
0
0
2 991611
0
1 159033 1000000
0
1 441928 1000000
1 258462 1000000
2 370026
1 807747 1000000
1 583846 1000000
1 442817 1000000
2 994981
1 523876 1000000
2 457223
2 376455
0
0
1 335005 1000000
0
0
1 105913 1000000
0
2 825417
0
2 121385
0
0
1 375172 1000000
0
0
0
1 591817 1000000
2 310194
2 833280
0
0
0
2 342148
2 197027
1 364279 1000000
0
1 518835 1000000
1 925050 1000000
1 95068 1000000
1 532091 1000000
0
0
2 179778
0
2 412308
2 149777
2 627535
1 362337 1000000
1 938756 1000000
0
0
0
2 811738
0
2 36521
2 937810
0
2 696222
2 662923
0
0
1 720438 1000000
2 8062
2 999625
1 773175 1000000
2 470234
1 604231 1000000
1 115116 1000000
2 343698
1 123719 1000000
2 465969
2 50673
0
1 793179 1000000
1 511443 1000000
2 562269
1 44199 1000000
1 351969 1000000
0
0
0
2 838654
1 313835 1000000
1 329935 1000000
0
0
2 828917
2 348272
0
2 371256
0
2 445907
0
2 216830
0
2 340673
0
1 804482 1000000
1 972413 1000000
1 947794 1000000
1 959310 1000000
2 165953
0
2 35332
1 629836 1000000
2 574219
1 912088 1000000
0
0
1 64632 1000000
0
0
1 923327 1000000
1 779515 1000000
0
2 213602
2 267222
0
1 927530 1000000
2 544446
0
1 643160 1000000
2 576254
0
1 393348 1000000
0
0
2 979547
0
2 926602
2 300407
2 574002
2 306387
2 63818
2 67501
2 474490
0
1 541262 1000000
1 626471 1000000
1 308283 1000000
0
0
0
2 140383
0
1 333595 1000000
1 67420 1000000
1 153847 1000000
2 236469
0
2 457874
0
0
1 518411 1000000
1 654010 1000000
2 166770
1 167516 1000000
2 982945
1 306521 1000000
0
1 556945 1000000
1 419798 1000000
2 710011
0
1 287410 1000000
1 995853 1000000
2 601608
1 626015 1000000
1 739708 1000000
0
1 786760 1000000
0
0
1 192160 1000000
0
1 311882 1000000
0
1 923941 1000000
2 492090
1 294064 1000000
1 239275 1000000
1 88246 1000000
1 720270 1000000
0
1 362963 1000000
2 282015
1 276275 1000000
2 495581
0
2 834683
1 741798 1000000
1 939327 1000000
0
1 635394 1000000
1 112504 1000000
1 104885 1000000
1 615053 1000000
2 780953
2 482598
1 602882 1000000
0
1 889334 1000000
2 515125
0
0
1 662008 1000000
2 727445
0
2 983908
2 676450
2 282746
1 116906 1000000
2 964673
0
1 358390 1000000
0
2 484258
1 572567 1000000
2 754590
2 34105
2 976947
2 661174
1 645995 1000000
1 473497 1000000
0
1 720780 1000000
2 868137
2 107838
0
0
1 188984 1000000
0
2 934432
0
0
0
0
1 959237 1000000
2 402962
0
1 38152 1000000
0
1 281948 1000000
1 156318 1000000
2 203828
0
0
2 358153
0
2 343161
2 287361
2 94166
0
1 760054 1000000
0
1 487619 1000000
1 595528 1000000
0
1 866170 1000000
2 62413
1 596884 1000000
0
0
0
0
1 769810 1000000
2 887700
2 400593
2 710158
2 487094
0
2 437565
2 549219
1 185436 1000000
2 285180
1 788900 1000000
0
2 419341
0
1 981585 1000000
1 910587 1000000
1 696157 1000000
0
1 223406 1000000
1 711923 1000000
2 363452
1 331871 1000000
2 832512
2 229442
0
2 908695
1 897974 1000000
0
1 786910 1000000
2 109093
2 386224
1 599299 1000000
1 726971 1000000
1 8549 1000000
2 475189
0
2 784836
1 881819 1000000
1 827167 1000000
2 420530
0
0
0
1 834881 1000000
0
2 676453
0
0
1 233381 1000000
2 563212
2 796775
2 585824
0
2 62500
0
0
0
1 504390 1000000
1 536357 1000000
0
1 346453 1000000
1 694549 1000000
2 144703
0
1 261748 1000000
2 373905
2 849799
2 983956
1 736863 1000000
1 13972 1000000
1 645048 1000000
0
1 320276 1000000
0
1 597257 1000000
0
1 537959 1000000
2 511530
1 977901 1000000
1 224066 1000000
0
0
1 576831 1000000
0
1 298627 1000000
1 662278 1000000
2 28816
0
1 500120 1000000
2 525169
2 37480
1 305903 1000000
0
0
0
0
2 320545
1 428886 1000000
0
2 717861
1 477020 1000000
2 85245
0
1 102237 1000000
0
2 213457
2 197896
1 717194 1000000
2 899253
0
2 835628
1 825429 1000000
0
0
0
2 432615
2 44202
1 125427 1000000
1 740148 1000000
0
0
1 453609 1000000
0
1 817641 1000000
1 357327 1000000
0
0
0
2 285842
0
1 212799 1000000
1 114632 1000000
1 184313 1000000
2 325856
1 555857 1000000
1 603856 1000000
2 360775
0
0
1 410151 1000000
1 480155 1000000
0
0
2 630681
0
0
1 861530 1000000
1 249070 1000000
1 218715 1000000
1 609730 1000000
1 649347 1000000
0
2 890436
0
2 378768
2 650340
2 884726
0
2 637364
1 565873 1000000
1 208714 1000000
0
1 861186 1000000
1 736108 1000000
0
0
0
1 848559 1000000
0
2 873580
1 501829 1000000
1 819596 1000000
0
0
2 763354
2 951318
2 185056
0
0
0
1 233261 1000000
2 746988
0
0
0
1 249927 1000000
0
0
1 753602 1000000
2 712234
2 957624
0
0
2 30893
1 547867 1000000
2 463097
0
0
2 209983
1 706051 1000000
1 613136 1000000
0
1 172075 1000000
2 441792
1 9428 1000000
0
2 504517
2 206177
1 342408 1000000
1 195518 1000000
2 305512
0
2 219316
0
2 958915
2 174173
1 702777 1000000
1 967440 1000000
0
2 669698
2 367713
1 979012 1000000
1 637659 1000000
0
1 703993 1000000
1 973222 1000000
2 458294
2 52467
1 482258 1000000
1 613407 1000000
2 868703
2 576713
2 538238
1 431046 1000000
2 620553
2 690347
2 15226
2 179468
1 38640 1000000
2 288982
1 738976 1000000
0
0
1 855533 1000000
1 319742 1000000
1 170299 1000000
1 860181 1000000
0
1 248588 1000000
0
0
1 780019 1000000
1 140610 1000000
1 719971 1000000
2 715742
0
1 520776 1000000
0
1 644324 1000000
0
2 866454
2 864342
0
1 939753 1000000
2 514635
2 389434
0
1 36272 1000000
0
2 584127
0
0
1 729696 1000000
0
0
0
2 594322
1 379543 1000000
0
0
1 85970 1000000
0
1 541900 1000000
1 785989 1000000
1 575527 1000000
0
0
1 74983 1000000
0
1 112514 1000000
2 114496
1 995218 1000000
0
2 44839
0
2 37495
2 517876
0
0
0
0
1 175241 1000000
1 939044 1000000
0
1 615490 1000000
1 126968 1000000
0
2 568896
2 168034
1 596367 1000000
1 926168 1000000
2 503074
0
2 472221
1 696909 1000000
1 167862 1000000
1 168842 1000000
0
1 218581 1000000
2 830009
2 855548
2 79264
1 473638 1000000
1 178947 1000000
1 768902 1000000
0
2 31948
2 477873
1 85122 1000000
2 30197
1 555363 1000000
2 330756
2 18498
1 982948 1000000
2 182948
2 683840
1 381745 1000000
1 796165 1000000
0
0
2 576432
0
2 299417
0
0
1 243954 1000000
1 464093 1000000
0
0
1 563757 1000000
2 270166
1 543122 1000000
1 846914 1000000
2 925875
0
0
1 141021 1000000
2 512027
2 283244
2 755568
2 650159
0
2 494864
0
0
2 782810
2 482140
1 756981 1000000
0
2 809331
1 79765 1000000
1 620381 1000000
2 615191
0
0
1 23660 1000000
0
2 798090
2 907345
1 253947 1000000
0
1 52244 1000000
1 967186 1000000
2 271886
2 879853
0
2 608837
2 394653
2 498291
0
1 906829 1000000
0
1 662909 1000000
0
1 639461 1000000
1 705384 1000000
2 179753
1 559292 1000000
0
1 571889 1000000
0
2 116545
2 441319
2 769259
2 490475
2 724596
1 124278 1000000
1 697197 1000000
2 437529
0
0
1 527912 1000000
0
1 75244 1000000
0
0
0
1 255447 1000000
2 777197
1 946157 1000000
0
1 267499 1000000
1 874307 1000000
2 597505
2 596965
1 644836 1000000
0
1 551273 1000000
1 297677 1000000
0
1 759500 1000000
0
2 493088
0
2 37802
2 479105
2 800949
0
2 599701
1 291889 1000000
2 259523
2 760861
0
0
2 935193
0
1 984062 1000000
1 5259 1000000
0
2 133749
1 344937 1000000
1 418825 1000000
0
2 451655
0
2 281636
2 131627
2 711748
1 674160 1000000
0
0
2 37077
1 255484 1000000
0
0
0
1 474524 1000000
0
2 280741
2 543764
2 641406
1 936867 1000000
2 982026
1 869907 1000000
1 569667 1000000
2 932233
1 533657 1000000
0
0
0
2 239973
0
1 156524 1000000
0
1 325558 1000000
1 108917 1000000
0
1 664260 1000000
0
0
1 173627 1000000
2 726111
0
2 681838
2 652828
1 957958 1000000
2 776168
1 242573 1000000
0
0
2 297347
2 867217
1 321993 1000000
1 319858 1000000
2 608785
1 201827 1000000
1 515552 1000000
2 240227
0
0
2 637048
1 757404 1000000
0
1 61023 1000000
2 618497
1 759279 1000000
0
1 737147 1000000
0
2 891577
1 260023 1000000
2 199886
0
1 729954 1000000
1 406070 1000000
2 642203
2 900237
0
1 64499 1000000
1 470498 1000000
0
0
1 852484 1000000
1 562647 1000000
1 392354 1000000
2 847053
2 487358
2 417714
0
0
0
1 49608 1000000
2 799364
0
1 742184 1000000
0
2 111641
2 590769
1 597702 1000000
0
2 166861
0
2 126561
1 487082 1000000
1 526287 1000000
1 944707 1000000
0
1 351218 1000000
2 847384
2 990893
2 736543
1 254088 1000000
1 836899 1000000
1 906725 1000000
0
0
1 719254 1000000
1 137655 1000000
1 504163 1000000
0
1 240589 1000000
2 550617
1 92351 1000000
0
0
2 260395
0
0
0
0
2 343324
1 95275 1000000
0
1 141205 1000000
1 760074 1000000
2 646881
2 424684
1 128583 1000000
2 7789
1 408104 1000000
2 750010
0
0
2 811316
2 591408
2 771456
2 719045
2 455043
2 199129
1 636330 1000000
1 764641 1000000
0
1 407606 1000000
0
2 430442
2 679805
1 236166 1000000
0
2 921343
2 106928
2 697903
0
1 534024 1000000
0
1 203033 1000000
0
2 975055
0
0
1 668513 1000000
1 197084 1000000
0
1 372912 1000000
2 384772
0
2 354658
0
0
1 170058 1000000
1 170252 1000000
1 617678 1000000
0
2 208320
0
2 252409
2 55971
2 744713
0
2 14777
1 660543 1000000
1 485343 1000000
0
1 43764 1000000
1 623386 1000000
0
1 105490 1000000
1 828407 1000000
2 124496
1 105328 1000000
2 547135
1 85046 1000000
0
2 369058
1 902239 1000000
1 230185 1000000
0
1 562471 1000000
0
2 878378
0
0
2 40920
0
2 185818
0
2 600388
0
0
0
2 570765
0
2 690749
2 79891
0
1 55146 1000000
0
0
1 174077 1000000
0
0
2 282145
1 292536 1000000
2 48538
2 577832
0
1 253695 1000000
2 811079
0
1 122570 1000000
2 993361
0
0
1 750760 1000000
2 702122
2 916680
0
2 380987
1 749611 1000000
2 282576
1 205889 1000000
2 624862
0
0
2 986292
1 32951 1000000
0
1 858736 1000000
2 524576
0
2 218582
1 174278 1000000
1 808954 1000000
1 740501 1000000
0
1 656461 1000000
0
1 467420 1000000
2 504745
0
1 203842 1000000
2 630930
1 590151 1000000
2 184123
0
0
0
0
2 715567
1 201963 1000000
0
0
2 297633
1 484159 1000000
0
0
0
2 888119
1 288668 1000000
1 994417 1000000
0
1 885762 1000000
1 899201 1000000
1 167768 1000000
2 487378
0
1 814027 1000000
2 576753
1 140107 1000000
2 504566
1 45836 1000000
0
0
1 146770 1000000
1 299195 1000000
2 669278
2 560264
0
2 220063
1 372398 1000000
0
2 97264
0
2 143227
1 934778 1000000
2 444586
0
1 523435 1000000
1 474523 1000000
2 688176
1 224698 1000000
0
1 411038 1000000
0
0
0
2 759612
1 878311 1000000
1 159505 1000000
2 236656
1 813737 1000000
1 497003 1000000
1 874511 1000000
2 493518
0
0
1 579006 1000000
2 441717
0
1 94656 1000000
0
1 277616 1000000
2 903249
1 17319 1000000
0
1 274999 1000000
1 592125 1000000
2 32577
1 660401 1000000
0
1 261713 1000000
0
2 413845
0
2 896028
0
0
2 685116
1 699206 1000000
1 617076 1000000
1 23432 1000000
1 489066 1000000
0
1 441089 1000000
0
1 983721 1000000
1 542013 1000000
1 8547 1000000
0
2 920028
2 231673
1 240014 1000000
0
2 104230
1 68527 1000000
1 532118 1000000
2 68723
1 784600 1000000
0
2 989570
0
1 118253 1000000
0
0
1 984459 1000000
2 639121
1 541239 1000000
1 497474 1000000
0
1 547470 1000000
0
1 152950 1000000
2 236085
1 74127 1000000
1 949844 1000000
1 150669 1000000
0
1 890784 1000000
0
2 656948
1 90150 1000000
1 378383 1000000
0
1 89590 1000000
1 935334 1000000
1 3793 1000000
0
2 321609
0
1 898430 1000000
1 122730 1000000
1 164780 1000000
2 730587
1 668227 1000000
0
2 139731
1 419938 1000000
1 995119 1000000
1 494409 1000000
1 316121 1000000
1 119025 1000000
2 779792
0
2 157913
1 249038 1000000
2 73013
2 105795
2 543513
2 591125
0
0
0
1 898250 1000000
1 142548 1000000
0
1 448417 1000000
2 413470
1 814768 1000000
1 381679 1000000
2 439447
2 298680
1 762652 1000000
0
2 356492
1 987591 1000000
0
2 107913
2 353076
2 398666
2 273585
2 699894
0
2 696892
2 546147
0
1 170181 1000000
1 303716 1000000
1 319467 1000000
1 375309 1000000
1 293768 1000000
2 988862
0
0
2 294770
0
1 26027 1000000
2 853552
0
0
1 410957 1000000
0
1 706721 1000000
0
0
0
1 66964 1000000
1 857540 1000000
0
2 180977
2 368375
0
2 42579
1 781411 1000000
1 882076 1000000
1 689640 1000000
0
1 593192 1000000
2 457413
2 209356
1 758945 1000000
0
0
1 836774 1000000
2 418955
0
1 969719 1000000
0
1 752668 1000000
2 435064
2 564760
2 221652
1 740549 1000000
2 967010
1 897882 1000000
2 384135
0
2 922176
1 465204 1000000
1 204075 1000000
0
1 832315 1000000
2 561612
0
0
2 833929
1 414213 1000000
1 362795 1000000
1 338897 1000000
1 161416 1000000
2 650642
0
2 458115
2 933988
0
2 966887
2 921137
1 486491 1000000
1 451462 1000000
1 246605 1000000
1 685400 1000000
2 686213
0
2 566952
1 3993 1000000
1 484320 1000000
0
1 970418 1000000
1 209630 1000000
0
0
2 454434
0
1 468026 1000000
0
0
0
1 842654 1000000
2 668271
1 530836 1000000
1 340922 1000000
2 860512
1 459334 1000000
2 253231
0
0
1 675291 1000000
1 512700 1000000
2 301063
0
2 143420
2 618840
2 542373
0
1 448784 1000000
1 441330 1000000
1 810507 1000000
0
0
0
0
1 500025 1000000
0
0
1 228223 1000000
0
2 217131
0
1 666715 1000000
2 206654
0
1 535722 1000000
2 253429
2 771140
1 584512 1000000
1 664668 1000000
2 472603
2 405156
1 639137 1000000
2 94875
1 962413 1000000
2 795359
1 643176 1000000
0
2 71470
1 530829 1000000
0
2 288510
1 77796 1000000
1 599059 1000000
1 68395 1000000
1 198168 1000000
2 668589
0
1 681382 1000000
1 364792 1000000
1 267039 1000000
2 906922
2 415058
2 376598
0
0
1 909643 1000000
2 180377
2 870116
0
1 300333 1000000
1 200104 1000000
2 590708
0
2 490314
2 832580
0
0
2 3611
0
2 200967
1 316122 1000000
1 959191 1000000
0
0
2 359161
0
1 463761 1000000
1 855966 1000000
0
0
0
1 961185 1000000
0
0
2 399576
1 789821 1000000
1 832948 1000000
0
2 459523
0
2 969044
0
1 716364 1000000
0
0
0
0
2 827764
1 848832 1000000
1 723555 1000000
2 357462
2 163168
1 738348 1000000
2 238239
1 743411 1000000
0
1 296255 1000000
0
0
1 752562 1000000
2 442199
1 496469 1000000
1 234934 1000000
0
0
1 273378 1000000
0
2 600129
1 954928 1000000
0
1 971618 1000000
0
1 762627 1000000
2 487559
1 281766 1000000
1 329150 1000000
2 170731
1 508072 1000000
2 453196
2 223389
0
2 51484
1 866929 1000000
1 786519 1000000
0
2 904376
0
1 994966 1000000
0
0
2 529124
2 938264
2 828222
0
1 252234 1000000
1 383521 1000000
0
0
2 873299
2 156406
0
0
0
1 57164 1000000
1 45422 1000000
0
1 526427 1000000
2 304562
2 414359
2 339516
0
2 660416
0
0
0
0
1 495525 1000000
0
2 583125
1 518634 1000000
0
2 871407
2 481750
0
1 2354 1000000
0
2 89662
0
1 455445 1000000
2 390010
2 40417
0
0
2 482517
1 931790 1000000
1 314795 1000000
1 749363 1000000
1 201218 1000000
0
1 419208 1000000
0
1 78799 1000000
1 909262 1000000
0
0
0
0
2 636881
1 961497 1000000
1 169713 1000000
0
2 204811
1 479375 1000000
2 39399
2 498829
0
1 690061 1000000
1 418740 1000000
0
2 952142
0
2 709501
1 670553 1000000
1 982248 1000000
0
2 152711
2 973911
0
1 943740 1000000
0
0
2 391143
2 29187
2 565154
2 696182
0
1 660519 1000000
0
1 289204 1000000
1 809570 1000000
1 151097 1000000
1 422067 1000000
0
2 817371
1 974722 1000000
1 248636 1000000
0
2 624381
2 593402
1 730079 1000000
0
1 373686 1000000
1 470899 1000000
2 927343
0
2 604501
0
1 40513 1000000
2 165019
0
2 279418
0
1 881932 1000000
0
0
0
2 425372
0
2 564060
1 527652 1000000
1 444469 1000000
1 624490 1000000
2 757
2 259817
2 326059
2 122436
1 386801 1000000
1 774860 1000000
0
0
1 77427 1000000
1 638901 1000000
0
1 914 1000000
1 374185 1000000
1 812065 1000000
0
0
0
1 752776 1000000
0
0
0
2 376216
0
2 630545
1 407313 1000000
2 750941
0
2 322840
2 748432
0
0
1 415923 1000000
0
0
2 2333
1 859561 1000000
2 349730
2 196409
1 342572 1000000
2 26928
1 560937 1000000
2 194571
0
1 316102 1000000
1 374286 1000000
1 385282 1000000
1 692939 1000000
2 514449
2 1247
0
1 36388 1000000
1 198614 1000000
1 40274 1000000
2 924979
1 672783 1000000
2 869037
1 799295 1000000
0
1 720355 1000000
0
0
0
2 7931
2 73910
2 464703
2 682379
2 744224
2 720165
0
1 549369 1000000
1 140082 1000000
2 198988
2 270478
2 256779
0
2 575427
2 228184
0
1 444898 1000000
1 161800 1000000
1 146698 1000000
2 111990
2 939658
2 35517
2 224747
0
0
2 648612
1 121844 1000000
1 443515 1000000
0
0
2 372284
1 107282 1000000
2 143373
1 90365 1000000
2 925785
0
2 395885
1 391099 1000000
2 393096
2 408743
0
1 566452 1000000
0
2 689425
2 605989
0
0
0
0
1 263481 1000000
2 850538
0
1 856141 1000000
0
2 180015
1 697488 1000000
0
2 724237
2 396378
0
0
0
1 415884 1000000
1 655799 1000000
0
1 913492 1000000
1 120519 1000000
2 322460
1 891002 1000000
1 279658 1000000
1 950628 1000000
1 977797 1000000
2 354880
0
2 429002
1 265120 1000000
2 54304
0
0
1 221885 1000000
1 48975 1000000
0
2 273588
0
0
0
2 161838
0
0
2 126143
2 640012
0
1 457438 1000000
1 224821 1000000
2 633894
1 384351 1000000
1 705022 1000000
0
1 148237 1000000
2 773315
2 209000
1 738631 1000000
0
1 378639 1000000
1 334899 1000000
2 138502
2 281424
1 830147 1000000
1 720480 1000000
0
1 2330 1000000
1 365735 1000000
2 789509
2 797372
1 595145 1000000
1 598325 1000000
0
2 803301
0
1 92297 1000000
0
0
0
2 648264
1 394284 1000000
1 689329 1000000
2 10616
1 151274 1000000
2 460902
0
1 349428 1000000
0
1 407758 1000000
1 617896 1000000
2 567789
0
2 870548
0
0
2 947610
0
1 899370 1000000
1 322411 1000000
0
1 672562 1000000
1 411026 1000000
0
1 997896 1000000
1 319394 1000000
1 173840 1000000
0
2 751435
2 433878
0
1 808929 1000000
0
0
1 73430 1000000
0
1 282372 1000000
2 91876
0
0
2 313479
1 786697 1000000
2 437879
2 682559
0
2 541336
1 495508 1000000
1 156333 1000000
2 556372
0
2 673733
0
1 651344 1000000
0
1 435105 1000000
2 516077
2 245688
2 882537
2 51485
0
2 938734
0
1 119197 1000000
1 576774 1000000
0
2 599929
0
0
0
0
0
0
0
2 100326
2 532696
2 995856
0
2 105980
2 647934
1 906273 1000000
2 143095
0
1 330394 1000000
1 770866 1000000
0
1 534259 1000000
0
0
1 23535 1000000
2 926287
1 439406 1000000
2 263372
2 188858
2 920954
0
2 793544
0
2 942280
0
0
1 823329 1000000
1 760168 1000000
2 929675
1 932346 1000000
0
0
0
1 627382 1000000
1 470452 1000000
1 77344 1000000
2 494204
2 785436
0
2 693450
2 856316
2 596582
0
0
2 492490
0
1 135344 1000000
0
1 732122 1000000
1 356057 1000000
1 3730 1000000
1 971890 1000000
0
2 328367
1 750230 1000000
1 400051 1000000
0
1 755599 1000000
0
2 581033
1 748012 1000000
1 14044 1000000
0
2 102055
2 587244
2 887813
1 733314 1000000
1 119683 1000000
0
0
0
0
1 60559 1000000
0
1 402174 1000000
0
0
1 444710 1000000
1 889512 1000000
0
1 533388 1000000
2 277379
0
1 194429 1000000
0
0
2 366696
0
0
0
2 7783
2 241043
0
0
2 402455
2 408692
1 623924 1000000
1 994043 1000000
0
1 246589 1000000
2 806738
1 632445 1000000
1 385994 1000000
0
1 129472 1000000
0
0
0
0
1 385825 1000000
1 870564 1000000
2 649646
1 893784 1000000
2 638452
2 794682
1 758978 1000000
0
0
0
0
2 239583
2 894033
1 233442 1000000
0
2 300983
1 472405 1000000
1 478898 1000000
1 338759 1000000
2 433757
1 177616 1000000
2 207480
0
0
1 90716 1000000
2 185209
1 11393 1000000
0
1 627011 1000000
1 116307 1000000
1 958044 1000000
0
0
2 672539
0
2 776150
0
2 319242
2 395335
1 975512 1000000
0
0
0
2 102840
0
2 204422
0
1 245583 1000000
1 959335 1000000
0
2 954781
1 845284 1000000
2 440587
2 353011
2 840077
1 17296 1000000
2 611317
2 521853
1 55606 1000000
1 368463 1000000
1 652712 1000000
1 9779 1000000
1 896291 1000000
1 918750 1000000
2 487348
1 103908 1000000
0
2 905165
0
1 452439 1000000
0
1 804527 1000000
2 54508
1 23532 1000000
1 398307 1000000
2 535870
0
1 574278 1000000
2 802022
1 497944 1000000
2 348516
1 882314 1000000
1 531045 1000000
2 930670
0
0
1 325435 1000000
2 277537
2 782508
1 921630 1000000
1 357769 1000000
2 4801
2 399713
2 866147
0
1 435901 1000000
2 619629
0
2 785745
0
2 980249
2 369431
2 430102
1 827110 1000000
2 30244
2 191270
0
0
2 834382
0
1 64689 1000000
2 829745
1 106930 1000000
1 268187 1000000
2 362144
2 332035
1 552025 1000000
2 835123
2 888746
1 990641 1000000
2 494228
1 427048 1000000
0
2 423935
0
0
1 908363 1000000
0
1 434107 1000000
2 212911
1 890291 1000000
2 40657
2 836413
2 182764
0
1 839566 1000000
1 438814 1000000
0
2 239935
2 153182
0
2 598369
2 732583
2 691668
0
0
0
0
0
0
0
0
2 722022
2 194380
2 419780
0
1 163860 1000000
1 33383 1000000
1 313465 1000000
1 907580 1000000
0
1 229695 1000000
2 316909
2 256773
2 493429
2 862453
0
2 391833
1 909005 1000000
1 888328 1000000
2 772950
2 580821
0
1 922976 1000000
2 935599
2 818710
2 225729
1 410951 1000000
0
1 955807 1000000
1 768636 1000000
0
2 168222
1 813345 1000000
1 376823 1000000
1 213577 1000000
0
0
1 136837 1000000
1 667414 1000000
1 905135 1000000
0
2 959090
1 333427 1000000
1 514308 1000000
2 950831
2 309906
0
0
0
0
2 322831
1 910154 1000000
0
0
0
2 609683
2 46344
0
2 708876
2 471090
0
0
1 740060 1000000
0
0
1 664101 1000000
2 654824
1 550903 1000000
1 382156 1000000
1 204070 1000000
0
1 724979 1000000
0
0
0
1 758156 1000000
0
2 137431
2 992581
1 20923 1000000
0
2 754286
2 718364
0
1 953375 1000000
2 86328
1 913013 1000000
2 932741
0
2 946464
0
0
0
2 34962
0
2 710559
1 587345 1000000
2 958157
2 578750
2 489680
0
2 759236
1 364175 1000000
1 868743 1000000
1 4550 1000000
1 434040 1000000
0
1 363001 1000000
0
1 215324 1000000
0
0
2 142990
2 357392
2 985384
0
0
0
2 25460
0
1 185209 1000000
2 890985
0
2 335630
2 729981
1 252803 1000000
2 247976
0
1 30912 1000000
2 166360
0
2 349489
2 9163
0
2 629323
2 662399
0
0
1 265863 1000000
0
2 907919
1 282568 1000000
0
2 642106
2 639665
0
2 793003
0
1 19025 1000000
2 462566
1 595879 1000000
2 78775
1 966366 1000000
2 907023
2 812904
0
0
2 952648
2 445817
1 364680 1000000
2 70912
2 618499
0
1 911830 1000000
2 822563
2 41820
1 507534 1000000
1 247535 1000000
1 867919 1000000
1 372180 1000000
1 749126 1000000
1 138283 1000000
0
1 623240 1000000
2 730952
2 312761
2 702742
0
0
1 358989 1000000
0
1 18444 1000000
0
2 620959
0
1 448128 1000000
2 807063
2 255553
2 552024
0
1 40705 1000000
0
1 66839 1000000
0
2 307773
2 58520
2 53333
0
1 742871 1000000
0
0
2 827601
1 706891 1000000
1 302942 1000000
0
1 733256 1000000
2 262027
0
1 498157 1000000
0
0
0
0
1 238963 1000000
0
1 446792 1000000
0
1 679301 1000000
2 685305
1 473862 1000000
0
0
0
0
0
2 532001
1 337242 1000000
2 550282
2 297781
2 667762
2 736092
2 118880
0
2 438858
1 138844 1000000
1 93311 1000000
0
1 970768 1000000
2 487935
0
2 154079
1 223090 1000000
1 378602 1000000
1 960494 1000000
0
1 502331 1000000
2 495471
0
1 147234 1000000
2 461556
2 248670
2 592213
0
0
2 441605
0
2 904325
0
2 417370
1 401131 1000000
2 168560
0
0
2 588554
0
2 366766
2 172481
0
2 993346
0
0
2 508863
2 473119
2 880517
0
0
2 526865
1 930891 1000000
1 919867 1000000
1 587988 1000000
1 303176 1000000
0
0
1 544556 1000000
2 74089
0
0
0
1 840351 1000000
0
0
0
0
1 45697 1000000
1 792138 1000000
1 638388 1000000
1 903794 1000000
1 489675 1000000
2 743073
0
0
1 657757 1000000
1 366901 1000000
2 430880
0
0
1 966151 1000000
1 799278 1000000
2 726307
2 158983
1 23523 1000000
1 677580 1000000
1 982686 1000000
2 532417
2 548897
0
2 6657
2 574804
0
2 450990
2 253770
0
2 420867
2 976284
1 925738 1000000
0
2 302949
1 290653 1000000
2 428444
1 716480 1000000
1 548322 1000000
0
2 429822
1 18781 1000000
1 462371 1000000
1 85001 1000000
2 799899
2 468425
1 526018 1000000
1 260357 1000000
0
1 896244 1000000
2 291549
2 129652
1 596188 1000000
0
1 353224 1000000
2 265728
0
1 793332 1000000
2 176575
0
0
2 686398
2 384066
0
0
0
0
2 652123
0
1 488751 1000000
2 534222
1 638081 1000000
2 949830
0
1 82195 1000000
0
0
1 11522 1000000
0
1 752902 1000000
0
0
0
0
1 470377 1000000
0
1 661995 1000000
2 904062
2 938977
1 976940 1000000
1 260384 1000000
2 7546
1 240885 1000000
2 412074
0
0
2 663852
2 61089
0
1 272419 1000000
1 166300 1000000
1 9010 1000000
1 729517 1000000
0
1 578872 1000000
1 670728 1000000
1 597067 1000000
1 488779 1000000
1 32710 1000000
0
0
2 332776
0
2 829129
1 808928 1000000
1 785079 1000000
2 402922
0
0
1 469386 1000000
2 764605
1 879524 1000000
1 121380 1000000
1 114462 1000000
2 500971
1 547788 1000000
1 976354 1000000
1 624051 1000000
1 110761 1000000
2 665597
2 133964
2 752150
0
1 572313 1000000
2 765815
0
1 519659 1000000
1 984935 1000000
0
2 381738
0
2 678740
0
2 645543
1 84007 1000000
0
0
0
2 361207
0
0
2 685816
0
0
1 6233 1000000
0
2 989355
2 883431
0
2 509135
2 654980
0
1 245340 1000000
0
2 714367
1 533344 1000000
0
2 981450
1 25390 1000000
0
1 113239 1000000
1 375460 1000000
0
2 844469
0
0
0
1 954448 1000000
2 285650
1 969376 1000000
0
2 132489
1 368058 1000000
2 806673
1 259406 1000000
2 195967
0
1 372488 1000000
2 798871
2 229453
2 340513
2 575440
1 257562 1000000
0
0
1 218170 1000000
2 413563
2 625697
2 997841
1 554708 1000000
0
0
0
0
2 677693
1 257838 1000000
1 330012 1000000
1 610022 1000000
0
0
1 836938 1000000
2 665457
2 744558
0
2 545320
0
1 877045 1000000
2 367071
2 302170
2 446560
2 125535
1 853666 1000000
2 992126
0
1 427034 1000000
2 773160
1 640130 1000000
1 964501 1000000
1 979884 1000000
2 112914
1 603865 1000000
0
2 620430
2 564257
2 595350
1 185873 1000000
0
0
1 352210 1000000
0
0
0
1 699664 1000000
2 416035
0
0
1 273084 1000000
0
0
0
2 462510
1 358324 1000000
0
1 927278 1000000
2 508227
0
0
2 55390
0
2 724177
1 504180 1000000
2 514610
1 340205 1000000
0
0
1 676965 1000000
1 826419 1000000
2 536193
0
0
2 991566
0
0
2 149118
2 737360
2 905521
2 591737
0
1 154525 1000000
2 158555
0
1 170785 1000000
0
0
0
0
0
1 451252 1000000
2 79338
0
0
2 568273
1 130651 1000000
0
1 12133 1000000
0
0
0
2 915871
1 187363 1000000
0
0
0
0
2 270697
2 702299
2 202266
0
0
2 398512
1 805791 1000000
0
0
0
0
0
1 704692 1000000
1 742425 1000000
1 305414 1000000
1 980725 1000000
1 994103 1000000
2 15721
0
2 309324
1 1512 1000000
1 946390 1000000
2 76983
1 764595 1000000
1 313255 1000000
1 293998 1000000
0
0
1 240593 1000000
2 809373
2 758368
2 643254
1 648865 1000000
0
1 721865 1000000
2 844813
0
2 769887
0
2 839725
2 164763
0
0
0
2 567301
0
2 60462
1 961983 1000000
1 830099 1000000
2 23538
1 336356 1000000
2 314854
2 373093
2 709313
0
0
0
0
0
0
0
2 543360
2 966887
0
2 81778
1 360973 1000000
0
0
0
1 807455 1000000
1 453032 1000000
2 751908
1 667295 1000000
1 81971 1000000
0
0
0
1 400354 1000000
0
1 337418 1000000
0
0
2 437946
0
1 185297 1000000
1 388668 1000000
0
0
0
0
0
0
2 342920
1 689789 1000000
0
1 235562 1000000
1 64848 1000000
2 582228
2 187065
2 866109
1 768315 1000000
2 934790
0
1 550648 1000000
2 240509
0
0
0
0
1 695689 1000000
2 922319
0
2 378914
1 875651 1000000
1 59333 1000000
2 777948
1 878399 1000000
1 464012 1000000
2 554049
2 486873
2 65371
0
0
0
0
1 594315 1000000
1 20111 1000000
1 592692 1000000
1 430961 1000000
2 102001
1 441380 1000000
2 448589
1 32364 1000000
0
0
2 834924
2 427608
1 441720 1000000
2 285003
1 22953 1000000
2 13615
2 436218
0
2 284585
1 340515 1000000
0
0
2 959702
1 986296 1000000
1 39405 1000000
2 264757
2 149052
2 883195
1 526790 1000000
1 770487 1000000
1 369724 1000000
1 646277 1000000
2 663781
2 552584
1 645059 1000000
0
1 821556 1000000
1 58262 1000000
0
0
2 934935
0
2 82029
0
1 511180 1000000
1 487031 1000000
1 887952 1000000
1 633549 1000000
2 540539
1 422370 1000000
2 112887
0
0
1 837386 1000000
1 709319 1000000
2 410754
0
2 43065
2 206446
0
2 668329
2 173567
2 868111
1 66640 1000000
1 388841 1000000
0
0
1 566418 1000000
0
2 373213
0
0
1 635360 1000000
2 110603
2 208085
0
1 998239 1000000
0
0
0
2 184100
1 226164 1000000
0
0
1 64599 1000000
0
0
1 733342 1000000
0
0
1 70087 1000000
2 552856
2 698573
2 208502
1 405480 1000000
1 760561 1000000
0
0
0
0
2 394851
0
1 601611 1000000
0
0
1 573258 1000000
1 374883 1000000
2 565507
0
2 277648
1 583944 1000000
1 240893 1000000
2 870624
2 147296
2 184915
1 208992 1000000
1 600136 1000000
2 544480
1 805392 1000000
1 624219 1000000
2 434016
0
0
0
1 77196 1000000
1 52095 1000000
2 457601
0
0
1 7861 1000000
1 666217 1000000
1 247734 1000000
2 663628
0
2 226429
1 249622 1000000
1 425886 1000000
0
0
0
0
1 224364 1000000
1 618741 1000000
2 807409
1 244212 1000000
0
1 187836 1000000
1 93995 1000000
0
1 818357 1000000
1 524610 1000000
1 962616 1000000
0
0
2 297965
1 527765 1000000
0
2 826118
1 344371 1000000
2 235803
0
0
1 614084 1000000
1 200271 1000000
0
1 450138 1000000
1 534294 1000000
0
2 248509
0
2 496812
2 539738
2 414655
1 408536 1000000
0
0
2 142468
0
2 483112
0
2 836519
2 814640
0
1 253142 1000000
1 493184 1000000
0
0
0
1 592960 1000000
0
0
2 119315
2 504447
2 419230
2 813973
2 791462
0
2 87488
2 521406
0
0
1 927970 1000000
2 723029
2 146304
1 194451 1000000
2 464060
0
2 650382
0
2 495976
2 607633
0
0
2 741999
1 380596 1000000
1 216784 1000000
2 646998
2 354101
0
2 731460
0
2 356419
0
2 651434
2 293187
0
1 22806 1000000
2 639863
0
0
1 287498 1000000
0
1 913740 1000000
2 980081
0
0
0
1 900897 1000000
2 576889
1 622403 1000000
0
2 513175
1 752269 1000000
1 423790 1000000
1 736727 1000000
0
2 622537
2 685756
1 456276 1000000
2 759491
0
2 466015
1 95417 1000000
0
2 260248
1 590487 1000000
1 872172 1000000
1 145549 1000000
2 718359
1 43697 1000000
0
1 394705 1000000
2 188454
0
2 487900
1 608821 1000000
0
2 883144
0
2 645626
2 675911
0
2 446348
2 595095
0
2 471229
0
1 391046 1000000
0
2 37364
1 136016 1000000
2 733185
1 653742 1000000
2 353774
1 915277 1000000
1 400329 1000000
1 376741 1000000
2 573834
0
1 161459 1000000
2 805320
1 770003 1000000
2 482395
0
1 635804 1000000
2 925544
2 712604
0
1 61325 1000000
2 78664
0
2 341683
0
1 732229 1000000
1 881823 1000000
0
1 573526 1000000
2 873362
1 283232 1000000
0
1 967667 1000000
2 186058
1 467244 1000000
2 510115
2 264455
2 100161
2 862860
2 585874
1 195277 1000000
1 560579 1000000
2 864334
0
2 515617
1 670562 1000000
0
1 713661 1000000
1 167222 1000000
2 583132
2 620525
1 538694 1000000
2 675245
2 113806
1 613887 1000000
2 403080
0
1 919476 1000000
0
1 32906 1000000
1 334710 1000000
0
0
1 737780 1000000
0
0
0
0
1 215603 1000000
0
2 893047
0
2 531658
0
0
2 297754
0
2 712169
2 454520
1 993098 1000000
2 506246
1 473492 1000000
2 289776
2 61173
2 218384
1 337840 1000000
0
0
1 108782 1000000
2 296428
2 350679
2 593391
2 70285
1 899424 1000000
1 557928 1000000
1 713105 1000000
2 235737
0
2 325490
2 100184
1 606672 1000000
1 937508 1000000
2 869052
0
2 551073
2 190368
1 890512 1000000
1 516148 1000000
1 477720 1000000
1 328154 1000000
0
2 647668
2 12910
0
0
0
1 462458 1000000
1 326575 1000000
0
2 188975
0
0
0
0
0
0
0
0
0
2 57237
1 752487 1000000
2 784871
1 666842 1000000
1 625292 1000000
1 570681 1000000
1 774163 1000000
2 49578
0
1 904425 1000000
0
0
1 595935 1000000
1 963796 1000000
2 648447
0
2 289634
1 902346 1000000
2 527450
2 382478
1 225352 1000000
1 985785 1000000
0
1 515743 1000000
0
2 454785
2 81397
2 382022
1 181920 1000000
2 318175
1 822195 1000000
2 234581
0
1 858070 1000000
2 246614
1 504240 1000000
2 327209
2 473470
0
2 516490
2 692312
0
0
1 211789 1000000
2 28478
1 513716 1000000
0
2 581587
0
0
2 276582
2 75357
2 234490
2 280625
0
2 885191
0
2 923800
1 96045 1000000
1 163522 1000000
1 431716 1000000
1 650348 1000000
2 341420
2 340182
0
0
0
0
2 359911
2 873117
1 605406 1000000
0
1 997853 1000000
2 508343
1 890314 1000000
1 384245 1000000
2 202645
2 731661
0
1 66966 1000000
0
0
1 19264 1000000
0
1 595426 1000000
1 522294 1000000
2 421185
0
2 182380
2 806015
0
1 293993 1000000
1 38122 1000000
2 105250
0
0
1 531750 1000000
2 191311
0
0
1 662906 1000000
0
0
2 691287
2 851101
1 317028 1000000
2 879374
1 155068 1000000
2 973742
2 563858
1 100831 1000000
1 741374 1000000
1 559567 1000000
1 98198 1000000
2 884216
2 906747
1 334600 1000000
1 452239 1000000
1 606333 1000000
2 800735
1 90915 1000000
1 355708 1000000
2 409444
2 519847
0
2 556167
2 784651
0
1 741013 1000000
2 672669
0
2 131686
0
1 680447 1000000
0
0
2 585642
0
1 676663 1000000
2 43850
1 358981 1000000
0
0
2 676561
0
2 709544
0
2 957554
2 793225
1 639474 1000000
1 614736 1000000
0
1 100860 1000000
1 689349 1000000
2 558949
1 712563 1000000
2 451652
1 523314 1000000
0
2 30243
1 627320 1000000
2 683434
0
0
1 775470 1000000
0
0
0
2 864204
0
2 717600
1 423832 1000000
2 152038
2 773892
2 821548
2 964056
2 910254
0
1 181464 1000000
0
1 713819 1000000
2 74726
2 960503
0
2 956709
0
2 651831
2 66466
0
0
2 675010
1 386171 1000000
2 444546
2 746037
1 512490 1000000
0
2 796018
0
2 531208
2 885414
0
2 202156
2 13145
2 190167
0
1 847425 1000000
2 398589
1 929393 1000000
2 900338
1 905533 1000000
1 471170 1000000
2 248797
1 782581 1000000
0
2 297128
1 603160 1000000
0
0
2 101026
2 238124
2 595417
0
2 511866
1 966262 1000000
0
2 648757
2 293389
0
1 149235 1000000
0
2 364391
2 495970
2 189981
0
0
2 965150
1 753324 1000000
1 991414 1000000
0
2 521953
1 927150 1000000
2 170901
0
2 559968
0
0
2 959920
0
2 367082
1 687168 1000000
2 998990
1 67512 1000000
1 18868 1000000
0
1 262700 1000000
0
1 366450 1000000
1 131676 1000000
1 667642 1000000
2 97716
2 848763
0
0
0
1 115501 1000000
1 799392 1000000
0
0
2 913163
0
0
1 450605 1000000
0
1 940735 1000000
1 272339 1000000
0
2 160537
1 419260 1000000
1 549196 1000000
0
0
2 31441
0
2 436388
0
0
1 460429 1000000
0
2 634895
0
2 332353
1 260454 1000000
2 581460
2 541598
2 726064
2 120273
0
2 451757
1 470590 1000000
0
1 786592 1000000
2 881906
0
2 332168
1 729797 1000000
1 931490 1000000
2 629282
0
0
2 551260
1 300841 1000000
1 423563 1000000
0
2 643038
2 260842
1 744427 1000000
1 571554 1000000
0
2 290597
1 502252 1000000
0
0
1 602594 1000000
2 101953
1 801196 1000000
2 169369
0
0
0
2 249126
1 633752 1000000
2 101382
1 440458 1000000
0
0
2 681684
2 924257
0
1 461712 1000000
1 56463 1000000
0
0
1 789119 1000000
2 259754
0
2 579834
2 762759
2 100967
0
1 199573 1000000
1 428646 1000000
2 334690
2 990703
0
0
2 719235
0
0
2 505161
1 14005 1000000
1 822531 1000000
0
1 813030 1000000
0
0
2 444497
2 888080
1 821930 1000000
2 320389
1 608791 1000000
0
0
0
2 693837
0
1 702096 1000000
0
2 661422
1 312311 1000000
1 414371 1000000
1 869722 1000000
0
1 607004 1000000
1 671796 1000000
2 879697
0
2 305052
0
0
1 535083 1000000
2 574286
1 988875 1000000
2 318339
0
1 831584 1000000
0
0
1 815821 1000000
1 297405 1000000
0
0
2 521052
0
2 599827
0
1 559626 1000000
1 601957 1000000
2 958198
1 968034 1000000
1 495744 1000000
2 836560
0
2 118548
0
1 215172 1000000
0
1 898728 1000000
0
1 837077 1000000
2 201645
1 441789 1000000
0
1 352681 1000000
1 269537 1000000
2 363682
2 668696
2 240187
0
2 605070
1 86182 1000000
1 228863 1000000
0
2 727409
0
2 129376
1 161220 1000000
1 16631 1000000
2 913177
1 907898 1000000
2 116149
1 132677 1000000
0
0
2 212740
0
2 664778
1 912001 1000000
1 355713 1000000
2 413016
0
2 641591
1 485728 1000000
1 382094 1000000
2 720829
2 865969
2 223188
0
0
0
0
1 105081 1000000
2 482301
1 448948 1000000
1 971482 1000000
1 624975 1000000
0
1 374081 1000000
1 835480 1000000
2 368713
2 954102
1 375827 1000000
2 354913
1 256446 1000000
2 5303
2 825432
1 878324 1000000
0
2 700688
0
2 611455
2 348623
1 772757 1000000
1 771732 1000000
1 974899 1000000
2 654449
2 226206
0
0
1 625175 1000000
2 10506
0
1 184391 1000000
1 224749 1000000
2 733858
1 25062 1000000
1 941614 1000000
2 681023
1 557714 1000000
0
2 284698
0
2 470322
0
0
1 687907 1000000
0
0
0
1 362850 1000000
1 659494 1000000
2 772806
1 293215 1000000
1 601204 1000000
0
0
2 988120
1 215625 1000000
0
0
0
0
2 490159
1 212651 1000000
0
2 387665
2 502919
1 192484 1000000
2 268633
1 676430 1000000
2 332944
1 291630 1000000
1 558841 1000000
0
1 276316 1000000
0
0
0
1 714463 1000000
0
0
0
0
2 248730
1 259451 1000000
1 704008 1000000
0
2 510945
2 544342
2 148151
2 425775
1 21953 1000000
1 28844 1000000
1 900563 1000000
2 410125
1 499929 1000000
2 634997
1 854100 1000000
0
1 774264 1000000
2 903087
1 902906 1000000
0
1 87059 1000000
1 855879 1000000
1 678685 1000000
2 743968
0
1 278687 1000000
0
2 716611
2 355720
0
1 410885 1000000
0
2 91125
2 780936
2 228955
0
0
2 415667
1 429853 1000000
0
1 338095 1000000
1 960041 1000000
2 913870
2 977118
1 191217 1000000
0
2 372177
2 110737
1 392642 1000000
1 975063 1000000
0
2 466177
1 164126 1000000
2 249861
0
2 277241
1 221436 1000000
0
2 38671
0
0
2 797578
0
2 912660
1 797290 1000000
0
2 713799
0
2 335570
2 313770
1 868774 1000000
2 126807
2 123685
1 355077 1000000
1 98184 1000000
2 508629
2 755338
0
2 975868
1 919801 1000000
0
1 638436 1000000
1 848646 1000000
0
1 49661 1000000
1 38774 1000000
2 700648
1 39882 1000000
2 258800
2 496202
0
1 932582 1000000
2 488109
1 718281 1000000
1 4875 1000000
2 58926
0
1 700336 1000000
2 249000
0
0
0
1 748531 1000000
1 912533 1000000
0
0
1 838788 1000000
1 429453 1000000
1 427277 1000000
1 794400 1000000
1 515820 1000000
0
0
2 938224
0
0
2 933288
0
0
1 281129 1000000
1 285465 1000000
0
1 423282 1000000
1 456250 1000000
2 609897
2 63394
2 395899
2 226861
1 888611 1000000
2 851149
0
0
0
2 849123
0
2 667005
2 636516
2 700252
2 183544
2 556586
0
0
1 680301 1000000
2 710551
1 882394 1000000
2 443790
1 923586 1000000
2 331573
2 230528
0
2 69595
1 940524 1000000
1 30133 1000000
2 284923
0
0
1 628153 1000000
0
0
2 246324
0
1 558755 1000000
2 598516
2 415196
2 894181
1 976345 1000000
0
1 142453 1000000
2 187791
1 608015 1000000
2 63605
1 866144 1000000
1 159205 1000000
0
2 292626
1 977436 1000000
2 694985
0
2 204403
2 402194
2 324481
2 133448
2 234902
0
2 308453
0
2 770165
0
1 669049 1000000
0
1 776383 1000000
0
0
1 607046 1000000
0
2 520548
2 745878
2 592091
2 43819
0
2 836396
0
0
2 215572
2 6824
1 233132 1000000
1 4536 1000000
0
1 622916 1000000
2 779471
2 177829
0
1 404699 1000000
1 95554 1000000
1 829737 1000000
0
2 814283
2 599096
0
2 443293
1 973880 1000000
2 753600
0
1 314033 1000000
2 434070
2 106396
0
0
0
0
1 848487 1000000
2 22478
2 993924
2 264828
1 786878 1000000
1 92171 1000000
2 898889
1 880861 1000000
0
2 510918
1 158047 1000000
0
0
0
2 996256
2 383577
2 493636
2 180616
2 600185
1 876883 1000000
1 756774 1000000
1 613623 1000000
0
2 227393
0
2 751167
2 107916
0
1 91472 1000000
1 667554 1000000
1 259483 1000000
0
1 639682 1000000
0
0
0
0
1 678509 1000000
1 325897 1000000
2 926619
0
1 509368 1000000
1 830483 1000000
0
2 574021
2 881408
1 50810 1000000
0
1 66658 1000000
0
0
1 171339 1000000
1 5646 1000000
1 998429 1000000
1 507600 1000000
2 756119
2 323919
1 259410 1000000
1 695463 1000000
1 591313 1000000
1 661837 1000000
0
0
2 708156
2 154306
1 278754 1000000
2 983284
1 60621 1000000
2 720820
1 880428 1000000
1 198349 1000000
1 947778 1000000
1 61154 1000000
2 11945
2 659443
2 875302
2 235153
0
1 744592 1000000
0
0
0
1 175199 1000000
2 658911
2 882212
2 376837
2 605984
1 775445 1000000
0
1 601182 1000000
0
2 820529
0
0
1 89810 1000000
1 132008 1000000
0
0
0
2 922793
0
0
0
1 287800 1000000
1 532642 1000000
1 555089 1000000
0
1 74623 1000000
2 708294
2 277188
2 251906
0
2 287466
1 355861 1000000
2 350616
2 744092
0
2 384567
1 619219 1000000
2 914289
0
1 74402 1000000
0
0
0
0
2 530789
2 753763
1 461317 1000000
1 354884 1000000
2 129615
2 603315
0
2 537228
0
1 933384 1000000
0
2 229117
2 219369
2 608861
2 55380
2 15966
2 296407
0
2 788255
0
1 243455 1000000
2 582599
2 635080
2 894358
1 380432 1000000
1 758401 1000000
2 37812
1 262746 1000000
0
1 658148 1000000
0
2 143946
2 434883
1 326587 1000000
0
1 63453 1000000
2 317874
1 908875 1000000
2 938392
2 396308
2 976816
2 374358
0
1 789895 1000000
2 267986
0
0
0
2 418557
1 279949 1000000
2 459305
0
2 174068
1 755070 1000000
2 117197
0
2 426707
1 705464 1000000
1 87230 1000000
2 295344
1 740109 1000000
2 516039
0
0
1 640357 1000000
1 398277 1000000
2 99777
1 609263 1000000
2 616062
1 493720 1000000
2 925399
0
2 153635
1 596877 1000000
0
2 704666
0
0
2 319708
2 777652
1 883271 1000000
1 588456 1000000
1 939458 1000000
1 308655 1000000
2 681938
0
1 174722 1000000
0
2 727914
2 274616
1 960109 1000000
2 879906
0
1 855500 1000000
2 509257
0
1 723213 1000000
1 616929 1000000
0
2 137709
0
0
1 76910 1000000
2 332837
1 542419 1000000
0
1 733828 1000000
1 488197 1000000
2 383473
2 654272
2 287682
0
2 29051
2 426680
2 195990
2 991796
1 278528 1000000
2 903614
2 786725
0
0
0
0
1 480722 1000000
0
1 278323 1000000
1 646529 1000000
0
1 802363 1000000
2 276529
0
1 254793 1000000
2 561848
2 734512
1 827599 1000000
1 893450 1000000
1 817271 1000000
1 848517 1000000
0
0
0
2 31992
0
1 811840 1000000
0
1 469144 1000000
0
0
1 187687 1000000
0
0
1 484643 1000000
1 802141 1000000
0
0
0
2 474812
1 437615 1000000
2 170061
1 138605 1000000
2 364126
0
0
1 631580 1000000
2 477212
1 131892 1000000
1 373112 1000000
1 320352 1000000
0
1 828338 1000000
1 474558 1000000
1 588605 1000000
2 298044
0
0
1 331317 1000000
2 269961
1 599986 1000000
1 338683 1000000
1 64513 1000000
0
2 434568
1 109949 1000000
1 172018 1000000
1 390619 1000000
2 501051
1 672993 1000000
0
0
0
1 901447 1000000
0
2 209453
2 198452
0
2 235476
0
2 425957
2 568661
1 116584 1000000
2 624696
0
0
2 147410
1 595855 1000000
2 53172
2 821533
2 981962
2 984359
1 462380 1000000
2 666067
1 613635 1000000
0
1 432583 1000000
1 454992 1000000
2 636122
1 849897 1000000
2 895799
0
2 530816
1 111514 1000000
2 793116
2 878541
2 589720
1 233767 1000000
1 988803 1000000
0
2 96305
2 915980
0
0
1 492969 1000000
2 862618
1 438357 1000000
0
2 475917
0
0
2 355452
2 825844
0
2 198059
1 530604 1000000
0
2 746898
1 964731 1000000
2 202803
1 339196 1000000
0
2 519427
0
1 294850 1000000
2 340347
1 812195 1000000
1 603576 1000000
0
1 625424 1000000
2 490834
0
2 376660
0
0
2 532564
2 695514
1 624706 1000000
0
2 40469
0
1 293340 1000000
1 151310 1000000
1 781471 1000000
2 270935
1 645803 1000000
1 437678 1000000
2 404022
0
1 680242 1000000
2 28735
0
2 661096
1 88817 1000000
0
0
1 342699 1000000
2 634915
2 277920
2 741660
0
1 388214 1000000
0
1 881777 1000000
1 703572 1000000
1 145558 1000000
1 335323 1000000
0
2 569131
2 283066
1 913284 1000000
2 710428
1 344090 1000000
2 641243
2 741303
1 116834 1000000
0
0
0
1 285098 1000000
0
0
1 238752 1000000
1 811345 1000000
0
2 445037
2 511120
0
0
1 799356 1000000
1 461342 1000000
1 467357 1000000
0
2 890669
1 321848 1000000
1 274701 1000000
2 710302
2 957628
0
1 99190 1000000
0
2 653619
0
1 255261 1000000
2 191636
0
2 29206
2 247006
0
0
0
2 683277
2 515984
2 663794
0
0
0
2 993128
0
2 350399
2 454805
1 940718 1000000
1 550074 1000000
0
1 413381 1000000
2 556344
1 292072 1000000
1 596930 1000000
2 217227
0
0
1 111028 1000000
0
2 460649
0
0
0
0
2 23069
0
0
2 885994
2 419373
0
1 986804 1000000
0
0
1 969494 1000000
2 616377
2 202457
1 40383 1000000
2 75372
2 264732
1 998301 1000000
0
1 368713 1000000
0
2 12822
1 487685 1000000
1 759245 1000000
2 130594
1 87228 1000000
2 902936
2 530965
2 889517
2 992413
0
2 917708
0
1 308675 1000000
1 943413 1000000
2 86615
0
0
0
1 289315 1000000
1 552711 1000000
0
0
1 857139 1000000
0
0
1 319055 1000000
0
2 620755
1 864203 1000000
1 679382 1000000
0
0
0
0
0
2 164216
1 445091 1000000
0
0
0
0
0
2 867387
2 338278
1 211815 1000000
1 834439 1000000
2 240850
0
2 87198
2 851553
0
1 256555 1000000
2 1263
1 524286 1000000
0
2 188748
2 800130
0
2 774921
1 654921 1000000
2 861833
1 177584 1000000
1 316717 1000000
2 114820
1 531349 1000000
1 731372 1000000
2 440462
0
0
0
0
1 218060 1000000
0
1 309012 1000000
0
1 23249 1000000
0
2 438655
2 156371
2 164969
1 604663 1000000
0
0
0
2 965203
2 913495
0
1 871680 1000000
1 995790 1000000
2 631779
0
0
0
1 727683 1000000
1 290987 1000000
2 812615
1 405039 1000000
0
2 626049
2 812149
0
1 688305 1000000
1 608397 1000000
2 312667
0
1 129979 1000000
2 248613
1 571110 1000000
2 64863
1 717405 1000000
2 562386
2 661633
0
1 696547 1000000
2 514645
2 943745
2 736116
2 825650
2 378177
1 516399 1000000
2 281461
2 603179
1 24590 1000000
0
0
0
1 17530 1000000
2 45348
0
2 415167
2 632324
0
0
2 538897
2 781121
1 730836 1000000
2 638098
1 845669 1000000
1 142916 1000000
0
1 8 1000000
1 638943 1000000
0
1 178830 1000000
1 71212 1000000
1 545590 1000000
1 506578 1000000
0
1 816931 1000000
2 524117
2 418034
1 221106 1000000
2 894516
2 680532
1 260664 1000000
0
1 934707 1000000
0
0
1 294491 1000000
2 411712
1 172850 1000000
2 640864
1 723384 1000000
1 563503 1000000
1 399810 1000000
0
1 278220 1000000
1 375855 1000000
0
0
1 373838 1000000
1 769585 1000000
1 575212 1000000
0
0
2 833493
0
1 542889 1000000
2 241310
2 723820
0
2 819777
2 637539
0
1 991039 1000000
0
1 419163 1000000
1 13571 1000000
2 123644
0
2 146070
0
0
0
2 708890
2 524266
0
2 490747
1 239561 1000000
1 273243 1000000
0
1 77610 1000000
0
1 148900 1000000
1 646618 1000000
2 22928
2 705243
2 717244
1 295191 1000000
2 335414
2 870300
1 386984 1000000
1 843807 1000000
2 357355
0
1 994187 1000000
2 544829
1 935624 1000000
1 331127 1000000
0
2 810539
0
0
0
2 615092
1 362010 1000000
0
2 49897
1 838365 1000000
0
2 946270
1 715432 1000000
0
1 404773 1000000
2 651896
1 394098 1000000
0
2 517271
2 903923
1 193128 1000000
1 831868 1000000
0
2 425791
1 616386 1000000
1 208495 1000000
1 775564 1000000
1 579863 1000000
0
0
2 515829
2 705602
2 424751
1 878354 1000000
2 318642
0
1 940667 1000000
2 461786
0
2 71492
2 210219
2 9230
0
1 331590 1000000
2 625657
0
0
0
0
2 140910
2 925381
0
1 913884 1000000
0
0
2 637253
1 466987 1000000
0
2 265424
2 552698
1 979802 1000000
0
2 198645
1 288397 1000000
1 870851 1000000
0
0
2 666987
2 78613
2 857357
2 586956
2 919623
1 727702 1000000
2 571289
0
0
2 801132
2 844194
2 372102
2 803388
0
0
1 586599 1000000
1 47352 1000000
2 817474
2 489756
2 527507
2 157150
1 89213 1000000
1 870018 1000000
1 947431 1000000
0
0
2 587323
0
0
0
1 305629 1000000
1 922733 1000000
1 347270 1000000
2 46779
2 702257
1 71333 1000000
2 460107
0
2 979973
1 394208 1000000
0
2 6870
0
1 955916 1000000
1 718924 1000000
1 686634 1000000
0
1 828582 1000000
0
2 344871
2 505028
1 683997 1000000
1 585030 1000000
2 760883
2 118059
2 983813
0
2 245081
0
0
1 642831 1000000
0
0
0
2 655119
0
0
2 313129
2 877395
1 166573 1000000
0
1 407448 1000000
2 488091
2 882126
1 521654 1000000
0
1 16349 1000000
1 668618 1000000
2 226114
1 265579 1000000
1 168897 1000000
1 498778 1000000
1 277645 1000000
0
0
2 243907
0
1 404680 1000000
1 805807 1000000
0
2 233006
1 917173 1000000
2 28892
2 945914
0
2 911209
0
2 630427
2 873779
0
0
2 463356
0
2 25273
0
0
0
0
2 400542
0
2 910
1 34245 1000000
0
1 38263 1000000
0
0
1 507538 1000000
1 488041 1000000
1 102022 1000000
0
0
1 508646 1000000
1 641365 1000000
1 913737 1000000
1 972917 1000000
2 301326
2 967227
0
0
2 258787
1 474382 1000000
0
0
0
2 958821
0
0
2 16027
0
1 517607 1000000
0
2 935414
1 229098 1000000
0
0
1 311911 1000000
1 953486 1000000
1 320104 1000000
2 903020
2 957886
1 11322 1000000
1 216076 1000000
0
1 743535 1000000
0
0
1 293615 1000000
1 978710 1000000
2 867313
2 756798
0
1 828651 1000000
0
0
1 510324 1000000
0
1 61941 1000000
2 589435
1 345764 1000000
2 667667
2 166697
2 841101
0
1 626890 1000000
0
2 699215
2 113014
1 467922 1000000
1 610894 1000000
2 569653
1 110415 1000000
2 372445
2 658727
0
2 246333
2 84862
2 851384
1 310641 1000000
2 832490
2 866144
2 480885
2 793985
1 977255 1000000
2 765776
2 505836
0
2 11740
2 342653
0
1 116459 1000000
1 564529 1000000
1 822718 1000000
2 433324
1 816798 1000000
0
2 302251
2 336935
0
0
0
2 765845
0
1 653551 1000000
2 119332
1 846881 1000000
1 203611 1000000
2 453825
0
0
0
0
2 61413
2 343717
1 753240 1000000
0
0
0
2 386708
1 934229 1000000
1 973231 1000000
0
2 727703
2 697561
1 795110 1000000
2 220734
2 875465
2 448240
0
1 965314 1000000
0
2 144436
1 764666 1000000
2 65265
0
1 262787 1000000
0
1 834419 1000000
0
2 867066
0
1 747906 1000000
2 345477
0
0
0
2 663416
2 12445
2 904954
1 65518 1000000
1 652197 1000000
0
2 311082
0
0
0
2 689327
1 627272 1000000
2 772883
2 58319
2 422437
2 813129
2 130283
0
2 181193
0
2 620393
0
2 124630
2 306681
0
2 692119
2 945829
0
0
1 122381 1000000
0
2 414817
0
0
0
1 933669 1000000
1 397349 1000000
0
1 849784 1000000
2 990268
2 426955
2 236334
1 275871 1000000
1 904324 1000000
1 602647 1000000
0
1 479575 1000000
0
2 364100
1 852169 1000000
2 773862
2 160356
2 911890
0
0
1 827838 1000000
2 462577
0
1 303258 1000000
0
0
1 853265 1000000
1 746738 1000000
1 684265 1000000
0
2 491878
1 697608 1000000
2 509391
0
2 838490
0
2 617
2 101764
0
2 435338
2 374394
0
2 179917
0
1 60933 1000000
1 531363 1000000
0
0
1 867663 1000000
1 640540 1000000
0
2 536091
1 392664 1000000
1 889375 1000000
2 410383
2 618434
2 483650
1 414012 1000000
1 211013 1000000
1 384494 1000000
1 76536 1000000
1 294333 1000000
2 128575
0
2 991065
0
1 126535 1000000
1 666601 1000000
1 700467 1000000
1 784210 1000000
0
1 118049 1000000
2 569201
1 523480 1000000
2 191026
2 141542
1 922045 1000000
2 168420
1 234217 1000000
0
0
1 528437 1000000
2 554907
0
2 99555
0
0
1 602324 1000000
1 352112 1000000
0
1 688063 1000000
0
2 312110
2 317941
2 499652
2 322913
2 686984
1 335817 1000000
1 769989 1000000
1 485510 1000000
2 441049
2 13149
2 809299
2 681884
2 413778
1 900104 1000000
0
1 635556 1000000
0
2 671677
2 114896
1 177832 1000000
2 263641
0
0
2 874059
0
1 429984 1000000
1 823222 1000000
2 579395
2 217259
0
2 772251
1 169884 1000000
2 415274
0
2 680472
0
2 636107
1 698556 1000000
1 899345 1000000
0
2 987944
2 995936
0
0
2 63253
0
0
0
0
2 290223
0
2 450047
2 533433
1 295822 1000000
1 381614 1000000
2 166518
2 569693
1 554779 1000000
1 143217 1000000
1 586237 1000000
1 459281 1000000
0
1 675636 1000000
0
0
0
1 474913 1000000
0
1 217573 1000000
1 287925 1000000
1 93250 1000000
2 386482
2 148108
1 174738 1000000
2 725912
0
0
2 160118
2 346166
0
0
0
0
2 110869
1 508026 1000000
1 690033 1000000
1 219739 1000000
0
1 805848 1000000
1 791531 1000000
1 84687 1000000
1 79669 1000000
1 691597 1000000
2 674969
1 152350 1000000
0
0
1 506815 1000000
0
1 961878 1000000
0
0
2 164673
0
2 608373
2 630928
1 826525 1000000
2 455410
0
1 778982 1000000
1 689177 1000000
2 901219
1 293099 1000000
0
1 743059 1000000
2 384229
1 691029 1000000
0
2 211883
1 104695 1000000
1 894948 1000000
1 980627 1000000
2 145821
2 73197
2 235616
1 408646 1000000
2 244806
1 961443 1000000
2 770424
2 990989
1 345387 1000000
2 581449
0
1 10429 1000000
2 104612
1 744366 1000000
2 830861
2 806343
1 571159 1000000
0
1 244578 1000000
1 262395 1000000
1 777566 1000000
1 756065 1000000
2 718640
0
1 620806 1000000
2 312391
1 396329 1000000
2 512534
1 717740 1000000
0
0
0
0
0
0
2 581141
0
2 903015
1 249572 1000000
1 155532 1000000
1 240184 1000000
1 243313 1000000
2 83605
0
1 655162 1000000
0
1 290842 1000000
0
1 893340 1000000
0
2 705435
0
1 653087 1000000
1 327426 1000000
1 123101 1000000
1 381836 1000000
1 420814 1000000
1 907094 1000000
2 145380
1 42335 1000000
0
1 777535 1000000
2 425275
0
1 252871 1000000
0
0
0
2 132682
0
2 281234
0
1 217766 1000000
0
2 652631
2 710711
0
2 210717
2 566676
1 300556 1000000
1 206385 1000000
1 854095 1000000
2 189695
0
0
2 162883
2 501250
0
2 278674
2 870799
1 686276 1000000
1 735272 1000000
1 780755 1000000
0
0
2 511155
0
0
2 330263
0
2 765434
1 519807 1000000
0
0
0
0
0
0
0
1 228310 1000000
2 751522
0
2 207234
1 742339 1000000
0
1 273883 1000000
0
2 896106
2 67023
2 547724
0
0
0
0
0
2 187698
1 313836 1000000
1 27607 1000000
1 150159 1000000
2 821178
1 53739 1000000
1 33746 1000000
0
1 917937 1000000
0
0
0
2 228776
2 11983
1 995709 1000000
2 889380
1 731097 1000000
2 474345
0
0
0
2 403140
2 541508
2 954576
2 380290
1 745748 1000000
2 57502
0
2 88404
0
0
0
2 771890
0
2 560217
1 565484 1000000
0
2 558013
2 519606
0
0
0
1 15604 1000000
0
2 379726
1 921177 1000000
0
0
1 513412 1000000
0
0
1 233452 1000000
2 230449
1 132738 1000000
2 503540
2 777188
2 676886
2 378195
0
2 365616
0
1 546232 1000000
0
1 932495 1000000
2 955024
1 842082 1000000
0
1 823915 1000000
0
2 222775
1 697357 1000000
0
0
0
1 423233 1000000
0
0
1 470321 1000000
1 125155 1000000
0
2 146720
0
2 211438
0
0
2 865816
1 34110 1000000
1 566331 1000000
2 735521
0
0
1 121295 1000000
0
1 226993 1000000
2 954837
0
2 152974
2 931041
0
1 641669 1000000
1 404290 1000000
0
0
1 561558 1000000
2 394315
1 779089 1000000
0
2 63170
1 509194 1000000
1 367332 1000000
2 59998
1 335159 1000000
1 798984 1000000
1 704174 1000000
0
0
2 124581
1 435997 1000000
1 345008 1000000
2 18249
2 273002
0
2 43290
0
1 544037 1000000
1 200049 1000000
2 268410
1 780155 1000000
0
1 995186 1000000
0
1 286893 1000000
1 712979 1000000
1 300609 1000000
0
2 673559
0
2 824086
2 104509
0
0
0
0
2 37906
2 525021
0
2 231023
2 296916
0
0
0
1 407694 1000000
2 910656
1 773443 1000000
2 914504
1 152667 1000000
0
2 908378
1 265927 1000000
1 949110 1000000
2 167748
1 747669 1000000
0
0
0
2 533215
1 610927 1000000
0
1 899512 1000000
0
1 781834 1000000
1 587366 1000000
0
1 979893 1000000
1 174467 1000000
0
1 550703 1000000
0
1 734249 1000000
0
2 422086
2 1103
2 920174
2 225130
1 427670 1000000
2 416108
1 70026 1000000
2 190024
1 33025 1000000
1 564343 1000000
0
1 251463 1000000
1 662499 1000000
0
0
1 44730 1000000
2 637485
1 583703 1000000
1 819022 1000000
0
1 10841 1000000
1 568705 1000000
1 801858 1000000
1 289911 1000000
1 332899 1000000
2 467118
1 697245 1000000
0
1 983857 1000000
0
0
0
0
0
0
0
1 701023 1000000
0
0
0
2 248179
1 772944 1000000
1 213417 1000000
1 983499 1000000
2 600481
2 211684
0
1 142265 1000000
1 435191 1000000
0
2 514316
1 10221 1000000
1 234847 1000000
2 429368
0
1 282456 1000000
0
0
2 854707
0
0
0
2 560298
0
0
2 960972
1 5646 1000000
1 585272 1000000
0
0
1 983327 1000000
2 564353
0
0
2 908569
2 436674
1 411594 1000000
0
0
1 109652 1000000
1 76197 1000000
0
0
2 28689
0
2 806703
0
1 574829 1000000
1 745452 1000000
2 587076
1 557410 1000000
0
0
2 614969
1 310703 1000000
1 605703 1000000
1 552285 1000000
1 120482 1000000
2 595895
2 211118
1 669208 1000000
1 481555 1000000
0
0
0
2 845597
0
2 831424
1 195969 1000000
0
2 802831
1 571584 1000000
2 687585
2 331218
2 25829
0
2 495196
0
1 949111 1000000
0
0
0
2 420069
2 950660
2 809524
1 556363 1000000
1 822781 1000000
2 17785
0
1 29990 1000000
1 693262 1000000
2 944924
2 963960
1 336761 1000000
1 77767 1000000
2 238074
1 70726 1000000
2 100262
0
1 297422 1000000
0
0
2 735696
0
2 481136
0
1 425151 1000000
2 709492
1 677852 1000000
1 702290 1000000
0
1 786942 1000000
1 100492 1000000
0
1 793031 1000000
1 839669 1000000
0
0
2 197980
1 780311 1000000
1 593780 1000000
2 372153
1 808594 1000000
0
1 342600 1000000
2 90124
0
0
1 472017 1000000
0
0
2 258152
2 426083
1 147541 1000000
1 377000 1000000
0
0
0
2 246814
1 719160 1000000
0
1 173130 1000000
2 4088
0
2 398433
0
2 436761
1 195939 1000000
2 838179
0
2 556337
2 51302
1 47076 1000000
2 111165
0
1 280894 1000000
1 237838 1000000
1 516506 1000000
0
0
2 724140
0
0
1 185843 1000000
2 930803
2 120860
1 63707 1000000
1 827227 1000000
2 676914
2 746799
0
