14 182 182
4 6 703
0 1 997
9 2 312
9 0 62
5 9 647
1 9 895
1 8 135
11 1 352
5 2 877
10 12 372
0 5 530
5 1 496
13 1 52
2 0 214
3 8 752
11 4 176
4 0 897
9 8 174
8 1 230
12 13 187
8 11 416
8 12 147
6 10 692
12 3 570
12 9 597
6 9 654
8 2 547
1 0 988
7 2 129
13 0 265
8 0 957
8 6 736
7 10 181
6 5 131
4 1 834
2 11 57
12 4 886
1 4 332
4 5 715
2 7 563
5 8 386
9 5 811
10 7 538
3 7 639
1 5 800
7 3 532
5 6 628
12 2 269
10 13 523
4 13 282
6 7 494
10 3 710
9 13 644
5 11 191
8 13 682
1 6 217
4 9 815
12 8 817
8 4 92
5 7 292
10 4 611
11 2 489
3 11 140
10 5 70
1 3 344
9 4 403
5 3 695
1 2 3
12 0 393
9 10 629
4 2 500
1 12 570
1 13 616
6 0 459
12 7 195
7 13 861
1 10 640
7 4 395
5 0 528
0 11 198
10 0 490
1 11 107
10 2 851
5 10 615
3 0 789
1 7 630
6 2 425
12 10 707
13 11 271
6 8 953
2 4 331
13 10 89
2 8 766
0 13 496
13 9 453
8 10 789
0 3 689
3 1 496
11 6 683
11 9 945
11 8 195
12 1 528
10 8 134
3 13 731
0 2 786
4 3 300
7 9 655
3 6 794
6 4 942
8 3 328
3 9 876
13 8 518
9 6 268
0 9 921
4 12 501
11 12 85
6 13 557
10 11 422
2 1 92
11 0 992
4 8 925
12 5 10
11 7 668
7 8 731
3 12 823
2 9 124
8 9 508
2 3 846
9 1 515
4 11 907
2 10 294
6 1 370
12 6 345
2 13 767
11 10 407
0 10 134
13 6 174
0 4 365
2 6 830
4 10 497
2 5 770
0 12 200
10 9 766
0 8 510
11 13 761
5 12 712
13 4 759
7 6 290
9 3 532
12 11 202
0 7 626
3 4 527
13 2 767
10 6 252
6 3 116
6 11 422
3 2 536
13 5 445
5 4 98
7 1 866
6 12 816
5 13 885
3 10 839
3 5 142
4 7 978
11 3 629
11 5 524
2 12 383
8 7 948
9 7 397
7 0 59
9 11 8
9 12 317
8 5 451
10 1 578
13 7 395
13 12 608
13 3 537
7 11 834
7 5 58
7 12 30
0 6 101
4 46
13 35
4 277
2 6
6 621
3 240
2 689
2 68
2 26
7 330
5 76
2 358
8 348
5 181
8 9
3 11
1 7
5 1
3 2
9 0
1 7
10 9
7 12
2 0
9 0
4 8
3 12
8 13
13 0
5 7
10 13
3 13
10 12
4 6
10 6
4 7
4 8
9 7
5 3
7 0
3 7
8 13
13 8
5 11
1 6
7 1
7 9
2 9
1 11
10 9
13 11
13 9
2 11
1 7
10 12
1 8
9 0
9 8
2 3
13 1
5 11
3 6
2 7
5 6
4 7
3 6
10 11
10 3
8 10
3 6
10 1
3 1
3 1
2 6
4 8
9 11
1 13
10 0
1 8
1 5
2 8
4 11
8 12
9 7
4 10
10 6
2 9
5 6
13 7
8 6
13 10
9 13
7 10
5 13
9 6
5 9
13 5
8 1
1 11
9 3
4 11
8 13
2 13
4 5
8 3
7 4
2 9
10 8
13 9
1 6
7 10
8 9
8 2
2 7
7 6
3 4
8 5
10 4
9 1
10 4
13 6
2 6
7 0
10 1
1 10
9 3
10 5
4 11
4 10
1 8
13 6
4 0
13 1
3 5
1 9
9 8
8 9
4 7
8 9
2 11
1 0
5 12
5 6
7 1
1 9
3 9
4 1
2 3
13 4
4 13
10 9
1 5
7 3
3 8
4 13
1 8
9 2
5 0
4 7
1 6
2 7
1 2
4 13
9 2
2 10
8 6
8 10
7 2
4 10
7 5
3 13
3 10
13 2
9 4
4 6
9 1
1 2
5 11
2 5
4 3
4 6
9 2
2 5
1 3
7 3
7 4
8 1
8 6
8 9
5 7
4 1
9 10
5 9
7 12
3 6
2 5
