439 2613 8303
9 13 569
139 305 127
116 434 578
274 80 423
107 426 416
65 182 925
427 143 528
128 199 707
353 78 446
256 360 116
277 378 862
155 435 459
115 9 685
219 46 761
228 426 995
175 179 115
326 197 898
384 0 306
81 254 302
220 3 984
135 310 178
377 393 435
332 148 875
225 358 614
94 425 459
383 34 201
270 341 562
280 202 334
223 131 155
197 296 159
123 96 48
425 357 608
92 322 227
157 41 417
108 403 37
189 119 419
340 238 201
290 381 44
434 125 140
123 301 972
45 366 335
250 111 357
31 313 362
213 205 726
33 188 934
46 200 712
413 376 164
48 141 83
219 417 446
217 206 384
405 253 328
190 251 528
326 64 30
261 125 82
423 62 104
202 122 479
337 393 773
11 230 795
365 398 663
304 374 46
171 343 979
174 105 73
308 249 413
19 369 330
343 233 216
294 211 195
388 163 527
94 298 708
234 390 205
334 159 62
12 210 666
212 173 131
214 140 866
303 76 695
201 193 138
338 293 239
417 217 758
258 82 745
66 309 269
302 308 253
234 52 422
257 169 589
21 247 187
15 149 533
216 241 745
101 163 165
344 365 313
15 297 423
25 80 28
328 178 9
128 312 545
376 356 71
84 163 757
75 21 683
42 209 230
105 369 719
376 388 879
381 285 934
62 65 549
202 42 171
214 182 675
421 111 699
23 209 496
95 230 821
256 40 483
177 334 542
84 41 828
150 33 536
195 188 465
168 413 452
242 37 356
40 58 152
222 351 922
128 270 237
294 297 163
41 62 797
70 339 962
53 378 850
434 97 478
184 309 142
112 375 478
300 351 632
167 156 635
178 324 116
358 157 630
180 32 365
338 297 722
143 9 760
197 133 497
115 162 201
257 45 171
245 258 196
107 73 5
310 161 300
243 343 814
101 32 339
170 265 619
397 34 565
40 344 461
228 34 140
330 121 69
167 47 57
275 360 503
379 410 438
357 306 755
406 156 700
332 358 572
102 172 247
195 25 423
340 267 453
87 5 714
401 12 873
112 313 194
151 180 757
28 178 353
213 203 584
137 410 831
97 358 789
203 221 189
128 158 444
29 124 842
147 58 580
93 427 185
78 55 349
432 28 940
293 432 361
5 357 535
314 358 377
419 437 134
49 364 768
429 435 236
433 299 353
65 235 494
233 129 84
365 123 127
194 319 257
244 8 623
363 126 160
363 396 111
142 83 957
352 429 671
33 181 617
276 160 330
7 412 1000
318 416 816
409 345 476
379 75 45
9 300 299
295 125 15
154 251 556
188 35 334
276 241 831
316 423 321
275 104 586
18 410 305
156 91 88
433 233 848
184 139 981
152 303 924
155 207 408
306 162 456
321 394 224
21 15 995
59 422 380
220 244 886
240 417 112
371 148 909
115 242 48
167 281 663
61 393 243
327 180 821
113 275 225
211 366 147
381 357 730
43 207 260
204 422 30
255 329 817
432 389 535
163 187 690
129 432 437
176 73 703
356 109 291
339 330 152
111 133 201
10 421 510
325 308 101
170 324 758
395 280 247
357 318 886
4 295 692
220 203 219
259 395 379
290 119 931
208 429 653
148 66 450
118 23 802
315 263 855
291 65 741
329 409 344
46 185 64
25 391 317
371 362 166
191 356 511
338 334 288
326 376 428
431 28 763
233 15 264
94 89 966
233 92 249
408 42 431
184 392 582
26 288 943
189 3 671
243 134 76
392 416 746
436 93 213
213 207 387
156 107 716
111 337 91
60 367 406
19 76 458
319 370 664
432 173 894
402 411 729
289 220 711
438 0 573
303 288 252
26 102 969
336 87 29
161 121 599
70 237 588
11 210 659
91 428 359
275 160 856
288 421 358
299 75 491
162 330 850
247 28 800
311 383 395
44 232 511
226 330 153
322 172 400
297 76 619
385 22 673
43 5 841
5 327 710
124 358 101
56 119 540
154 103 706
314 110 45
325 34 510
122 116 683
91 103 316
296 207 517
400 190 914
420 63 231
289 386 52
425 55 132
100 261 535
19 194 820
188 197 83
189 127 858
186 401 334
251 122 422
90 120 395
296 375 88
18 147 463
324 185 210
229 384 6
383 46 34
237 195 552
404 240 996
15 59 422
161 144 14
365 212 793
181 156 130
355 235 997
223 319 998
423 137 215
389 327 862
137 320 208
402 71 76
390 334 580
197 258 589
29 18 480
275 403 759
42 196 518
59 184 188
367 419 221
105 308 479
351 312 879
86 287 297
227 361 43
322 232 260
82 185 612
413 273 59
185 325 715
135 185 59
384 296 16
34 311 705
341 233 457
120 375 603
224 246 285
74 313 903
157 294 788
25 346 599
182 241 109
108 13 627
229 328 640
148 204 381
15 19 858
116 205 373
53 437 353
93 5 137
12 127 188
341 90 720
203 61 993
299 62 481
55 210 998
213 115 772
118 400 518
223 243 817
162 237 174
85 400 361
270 126 484
279 269 379
151 387 933
381 157 588
87 261 982
254 88 298
409 51 527
166 387 353
117 351 405
55 278 652
311 431 338
82 422 287
157 108 444
207 233 966
343 390 526
32 2 41
241 124 24
179 229 74
47 408 64
78 194 100
311 369 163
26 144 885
282 227 953
328 48 963
294 333 294
289 294 930
26 257 181
254 367 961
129 73 768
78 95 701
267 112 556
351 229 658
438 120 534
133 134 985
158 150 738
224 188 620
84 388 502
183 75 463
424 173 408
274 367 879
79 197 380
232 381 467
236 280 364
291 122 484
409 348 11
327 387 190
400 156 542
171 55 992
272 176 15
355 272 909
109 277 833
271 145 595
70 174 414
336 86 361
141 370 645
419 231 224
216 274 405
5 185 934
36 160 517
184 136 774
414 41 601
186 171 248
436 32 310
435 115 86
362 185 634
205 212 369
284 197 146
234 349 85
355 240 690
91 51 335
186 302 361
243 8 210
12 282 724
378 40 924
195 337 141
133 321 541
226 177 904
178 48 146
116 412 537
262 105 580
406 10 981
79 298 57
50 34 575
404 372 65
115 254 302
18 310 482
111 422 35
253 436 933
325 85 252
337 121 860
300 339 94
179 265 304
15 244 407
189 25 571
111 37 567
417 39 822
292 392 866
199 425 567
252 348 792
262 5 764
438 261 902
367 162 510
82 81 26
21 333 616
194 364 777
3 149 10
339 295 528
424 317 692
246 327 628
330 63 682
167 76 829
319 16 989
350 376 172
336 400 178
31 228 696
397 5 229
95 202 522
145 105 619
232 293 458
83 273 555
337 259 836
141 299 868
47 339 845
421 20 723
52 28 3
63 423 71
132 408 122
370 36 55
25 362 341
44 142 309
55 318 700
219 111 949
173 139 398
25 156 721
127 202 184
26 418 695
289 6 382
313 392 203
21 209 551
34 348 469
183 314 89
198 196 981
355 201 673
256 243 967
428 219 9
53 255 463
361 259 780
280 270 241
337 51 576
225 236 626
116 258 916
247 66 288
312 54 842
153 204 290
391 374 225
207 414 396
78 166 603
138 218 214
423 89 217
136 402 241
339 427 656
9 413 771
437 300 187
174 196 847
205 5 484
120 87 306
111 205 949
104 365 298
244 282 349
273 37 77
346 121 376
200 99 416
316 59 222
117 339 122
411 365 616
49 223 914
379 102 630
310 21 888
243 419 133
322 248 852
247 240 435
183 291 814
402 392 802
327 166 551
363 269 208
30 316 144
180 119 456
53 325 206
234 26 411
392 279 584
299 123 737
328 385 629
219 112 490
352 290 18
410 173 882
155 221 754
349 193 221
390 329 59
358 100 251
381 398 324
161 131 754
180 51 410
356 363 419
371 108 392
102 207 110
430 357 19
328 347 714
273 331 265
230 409 737
198 203 26
203 400 831
179 398 139
69 128 968
200 10 201
436 119 982
133 38 642
71 213 824
321 343 685
313 24 720
107 169 635
213 7 10
315 3 795
386 334 790
434 172 82
122 405 597
215 339 16
193 438 139
179 98 513
42 54 929
298 32 870
205 12 557
197 73 950
424 302 379
79 410 648
432 182 897
191 261 323
337 227 311
387 381 548
262 149 250
193 293 309
128 98 676
289 431 451
58 31 682
279 81 595
434 314 971
146 343 960
334 82 695
28 307 771
154 90 568
126 413 590
193 27 985
419 287 508
310 340 574
273 76 807
233 334 38
72 219 950
262 197 714
140 358 210
97 148 171
32 249 60
234 248 569
135 261 72
175 397 625
260 290 261
94 272 454
412 338 906
261 428 481
226 283 785
240 119 352
54 27 387
279 58 819
187 157 814
346 89 403
281 88 775
218 169 440
78 423 687
374 183 287
351 244 975
141 300 485
143 80 823
437 86 328
282 380 784
125 243 228
274 270 370
2 197 534
352 412 246
46 267 74
109 248 236
380 91 413
172 184 95
219 416 668
421 68 610
12 124 687
247 39 896
10 98 318
7 248 726
151 355 586
111 403 931
323 151 742
81 397 800
101 52 494
152 163 784
238 153 900
99 280 507
233 339 253
147 66 337
85 348 341
203 83 747
89 63 644
139 138 42
339 387 996
141 259 363
206 182 529
240 237 944
92 18 631
199 76 151
283 253 732
434 297 883
84 327 704
429 250 158
3 269 804
409 264 894
264 255 367
51 71 628
280 267 615
414 284 163
286 215 176
197 37 140
280 431 546
360 100 521
127 268 860
402 302 190
7 240 298
149 315 444
386 140 885
268 379 857
21 210 164
262 180 643
387 104 850
376 93 309
69 326 97
224 410 523
331 377 677
416 101 717
69 385 93
434 96 581
263 297 958
208 116 159
144 200 894
370 374 812
371 162 90
267 364 861
325 357 352
206 49 911
388 67 494
85 226 925
304 109 418
42 170 294
286 3 354
429 314 756
42 73 887
171 242 505
435 22 847
49 58 186
424 199 244
423 260 753
181 35 125
23 251 254
246 62 117
330 53 189
122 263 585
166 161 422
62 245 58
80 409 506
280 71 640
280 311 548
408 134 271
204 128 438
54 184 345
286 147 438
411 397 998
408 182 462
317 23 791
341 376 497
210 153 249
410 381 663
40 191 56
302 167 475
364 245 372
392 107 374
236 39 214
234 9 912
195 219 932
47 72 757
314 33 431
217 69 494
175 4 569
18 429 21
384 378 989
102 182 154
370 405 896
38 208 638
351 151 190
190 416 331
35 389 231
53 406 90
172 404 72
164 303 535
219 202 462
358 165 564
180 99 405
73 367 239
245 216 586
114 13 561
5 251 679
234 51 317
192 107 222
32 382 686
374 66 152
275 172 273
71 316 41
169 172 671
21 44 431
139 0 958
254 245 204
169 179 176
373 222 228
183 270 482
429 272 79
21 60 399
213 145 191
351 72 252
287 91 596
59 157 465
360 44 867
241 97 426
245 264 391
420 15 829
257 222 622
37 260 629
29 97 352
20 308 854
69 221 762
421 251 648
191 56 654
355 420 874
172 375 948
118 365 858
326 247 416
351 130 694
21 120 62
80 258 507
67 12 943
40 352 199
281 233 761
169 405 65
320 11 585
127 209 911
118 72 141
4 239 594
17 4 91
283 206 148
58 429 888
206 410 837
267 425 134
220 100 747
344 354 541
337 344 153
374 265 844
249 245 625
147 10 575
27 145 454
383 284 332
10 124 268
16 153 2
46 296 686
6 122 403
12 427 177
358 54 627
79 227 540
438 225 193
85 169 871
257 38 881
371 318 71
182 109 67
99 132 673
9 429 918
22 71 629
363 190 907
168 326 826
377 280 589
421 284 139
436 426 659
289 112 354
42 356 116
361 10 322
270 104 102
19 318 843
354 383 164
335 414 169
254 248 237
352 294 97
275 138 845
290 330 9
150 12 389
231 365 245
70 162 405
280 333 248
267 327 487
195 191 432
94 189 346
384 406 593
131 318 474
398 98 48
34 104 681
211 313 553
90 281 483
286 135 445
24 149 464
168 409 475
142 222 1
284 341 757
24 88 31
205 201 333
288 380 711
118 76 25
397 296 25
199 98 353
110 298 324
169 340 894
352 299 130
271 31 91
381 227 56
288 69 856
231 372 151
406 147 361
332 307 631
172 252 876
215 258 793
336 1 957
292 412 313
64 287 348
197 83 45
426 284 853
327 251 854
95 323 765
27 385 329
163 7 45
140 167 94
4 114 229
192 367 653
169 53 571
320 77 213
226 338 50
143 162 564
202 65 946
407 313 996
412 431 533
345 423 199
124 238 310
382 219 996
157 436 515
127 191 124
128 215 320
123 208 612
188 148 274
171 317 989
306 198 49
295 230 744
363 79 719
98 184 567
170 318 323
291 30 568
157 232 709
10 368 917
268 107 730
314 13 922
126 81 115
306 333 8
44 133 357
162 6 848
61 142 645
217 275 511
362 61 662
178 207 878
55 230 337
159 16 422
420 242 512
431 83 414
391 210 284
255 371 984
291 36 328
312 18 479
285 420 626
168 295 415
261 25 915
142 100 478
45 144 63
4 78 79
428 82 717
231 59 148
170 294 781
283 128 511
191 391 187
269 197 499
167 374 511
141 379 547
274 299 249
424 213 216
35 47 610
83 165 414
281 216 244
113 149 594
426 51 208
209 398 811
324 328 145
321 207 940
223 397 440
72 394 260
147 5 826
76 93 772
22 6 223
315 219 241
198 429 411
328 266 885
96 268 310
436 64 758
55 109 590
383 160 460
257 273 204
405 243 511
368 32 24
299 106 569
310 18 346
193 85 144
9 436 685
186 58 321
200 328 337
350 427 934
143 306 503
259 1 772
76 162 899
244 214 567
44 392 183
253 59 811
122 320 91
175 387 128
130 85 466
306 220 758
44 327 22
173 354 763
26 416 534
237 129 16
32 317 841
255 41 915
120 214 653
338 39 489
261 8 721
264 70 874
60 429 150
122 268 177
338 229 82
213 412 663
16 326 507
73 143 859
115 236 628
285 181 714
408 188 969
332 356 779
311 357 781
358 158 355
418 76 897
96 292 309
424 25 252
160 59 150
29 420 338
87 99 755
90 344 771
168 80 135
364 97 392
364 47 500
254 404 507
188 201 832
324 245 989
121 206 462
351 172 816
41 198 142
189 165 470
387 316 534
82 92 750
89 238 347
150 14 651
16 64 326
60 206 503
369 111 924
342 232 474
178 126 769
402 16 22
118 120 153
75 422 283
82 171 70
311 268 134
161 217 608
320 27 302
393 17 540
172 18 764
371 306 495
262 409 428
337 152 932
3 10 958
19 332 930
189 288 677
371 171 358
252 58 757
284 191 90
256 60 574
353 319 351
209 255 230
147 97 405
288 98 266
375 213 871
8 108 825
407 337 323
393 144 17
252 12 472
259 419 262
97 325 906
73 206 916
419 9 247
189 323 392
399 220 555
318 348 626
114 255 484
141 353 534
306 215 932
284 334 198
183 325 405
355 401 592
286 107 144
156 329 716
420 233 589
60 418 616
304 51 873
389 250 968
169 420 230
347 367 801
389 168 741
62 315 758
38 159 304
387 219 140
136 79 815
285 346 919
37 75 653
243 428 362
19 95 263
257 313 182
265 76 108
150 293 548
24 120 91
46 434 492
199 225 83
49 250 344
329 243 545
136 381 135
255 334 409
9 26 634
130 257 729
163 287 313
132 218 604
203 294 587
267 111 857
59 64 141
420 226 373
321 221 966
430 64 192
265 12 635
369 106 907
109 64 942
48 414 401
402 41 181
311 36 822
221 17 95
349 421 699
311 75 710
199 353 258
162 148 216
204 21 9
40 438 792
351 401 447
320 95 391
240 114 258
195 14 475
436 299 388
94 216 123
97 357 946
429 386 596
68 370 902
5 46 678
203 388 368
152 429 721
282 283 175
379 240 909
85 217 549
4 406 714
127 154 370
234 323 339
418 247 487
95 151 749
189 232 443
300 11 903
130 289 656
38 92 917
217 30 715
127 374 866
58 121 740
47 401 771
219 89 542
102 212 408
107 42 243
167 410 765
176 251 108
262 141 157
169 228 626
200 366 843
422 192 506
337 243 333
44 194 557
260 363 967
136 370 70
126 314 784
205 346 554
294 238 551
159 409 393
166 215 980
397 163 106
249 173 524
130 201 232
337 283 840
12 203 988
127 5 251
395 297 431
298 386 655
4 118 367
90 423 680
310 169 617
190 180 435
319 266 160
129 108 971
390 162 132
206 314 289
341 207 686
211 300 640
317 379 828
176 181 99
27 315 399
318 153 197
342 138 527
339 3 427
330 428 238
225 54 67
230 127 292
143 259 247
52 128 402
348 127 564
140 419 626
50 44 219
255 211 313
143 10 898
9 175 109
121 9 899
116 288 632
141 359 969
60 308 362
326 40 433
412 317 35
382 86 14
258 122 61
186 328 184
250 115 765
185 294 790
63 276 59
167 24 954
62 233 754
277 167 687
180 310 443
155 190 266
173 29 134
75 169 839
299 211 958
87 317 189
286 163 342
422 121 152
35 100 643
187 225 540
43 227 390
24 117 933
52 389 794
349 211 228
203 138 739
391 236 52
319 45 939
410 253 644
264 357 48
213 437 780
277 249 421
266 335 485
173 411 628
196 249 608
322 179 311
201 37 31
330 100 56
53 374 627
372 410 632
20 131 319
401 303 491
435 80 454
222 83 793
401 146 262
428 310 855
53 49 550
26 1 564
124 35 184
420 98 254
306 28 10
296 423 788
227 312 707
44 284 480
336 365 584
363 222 678
425 91 464
413 285 304
198 280 970
268 367 594
84 177 157
296 286 533
104 319 907
191 129 480
41 116 1000
292 225 296
167 375 574
304 248 727
120 260 889
396 213 493
131 406 36
400 415 284
117 214 90
288 396 297
114 275 181
201 304 325
201 33 604
235 299 488
172 388 122
257 296 124
357 273 404
374 307 73
274 135 653
216 349 337
220 371 996
300 244 272
398 301 633
415 126 154
307 424 762
29 135 990
26 306 26
43 41 110
332 183 308
282 250 186
323 165 42
24 389 474
390 260 304
97 361 56
150 216 1000
140 433 476
419 417 900
419 303 591
138 1 354
271 153 919
44 201 749
314 205 470
367 148 897
406 92 916
11 162 198
49 81 387
214 398 770
214 40 864
150 247 618
340 159 944
47 33 313
58 436 350
169 221 339
182 359 396
97 414 920
40 195 839
435 183 319
199 84 577
201 21 940
330 179 502
411 297 242
285 147 977
214 126 446
83 321 245
205 391 680
47 93 519
79 206 297
420 400 619
327 419 68
349 143 929
414 178 282
324 38 309
388 348 227
90 438 882
316 271 3
142 304 110
174 169 143
131 315 588
227 12 176
15 395 600
148 71 664
351 1 15
7 9 373
206 269 360
317 350 259
178 136 128
79 36 353
351 65 370
274 293 953
278 303 411
17 43 132
396 245 197
119 302 342
13 137 267
106 410 901
147 236 561
214 119 824
73 321 873
156 119 107
165 428 145
201 187 571
314 30 348
57 222 921
420 86 428
138 42 577
304 268 812
79 125 867
229 346 907
275 339 520
112 309 870
110 163 398
363 320 67
175 263 484
166 159 366
409 179 998
198 413 247
325 373 866
318 255 775
399 88 758
382 76 547
361 389 374
210 116 195
383 242 965
189 228 23
300 405 775
267 426 333
356 138 685
361 299 589
22 241 279
305 251 247
270 201 214
150 173 121
57 11 58
230 271 401
82 178 672
134 137 247
218 50 365
210 181 569
338 12 621
122 262 634
182 84 630
165 379 746
213 308 300
112 50 515
53 361 163
10 193 508
294 293 400
279 264 956
161 402 875
0 297 739
87 180 667
203 375 677
279 328 760
108 325 568
71 142 846
67 34 246
96 421 52
198 273 854
219 432 420
184 175 574
173 294 682
47 406 94
380 316 755
66 86 183
412 150 444
371 190 514
164 387 614
253 339 751
20 28 75
205 386 110
280 28 130
231 228 989
281 301 490
333 262 629
180 68 741
151 420 731
382 289 501
100 342 909
176 371 536
301 157 421
164 395 486
313 296 371
258 169 588
169 182 962
115 359 910
143 121 681
304 367 678
252 388 188
261 105 501
0 192 980
141 79 925
308 121 309
412 345 757
346 345 983
349 235 220
158 318 225
66 234 694
366 367 546
39 329 70
240 70 920
299 361 377
183 317 14
148 168 989
354 325 820
73 242 96
347 169 860
130 220 842
299 306 798
49 310 177
103 140 56
100 367 731
283 339 318
134 64 630
311 5 184
330 41 220
299 128 989
131 306 504
347 122 903
141 241 570
339 280 733
192 340 421
389 133 642
93 332 779
347 57 263
349 177 993
103 413 748
436 181 50
196 129 451
277 119 42
30 49 589
88 254 658
39 319 11
167 206 654
50 140 359
141 29 124
46 195 224
400 208 946
30 148 854
327 211 276
32 241 284
323 337 4
150 354 961
339 7 32
397 282 333
85 65 639
372 287 673
313 63 960
215 115 132
295 101 566
98 7 953
18 291 340
168 198 555
297 286 87
8 212 62
410 359 6
279 224 728
327 222 308
382 254 781
337 329 903
288 355 523
411 139 630
353 192 599
316 219 65
358 114 218
321 12 90
60 213 84
393 79 749
106 330 191
304 372 878
28 249 734
191 181 650
174 201 477
101 88 410
296 272 254
191 173 366
121 238 348
26 152 663
393 339 129
401 128 677
376 16 906
241 208 545
6 12 20
307 329 349
341 103 136
246 428 139
123 149 764
296 397 125
71 349 584
131 166 917
24 106 857
150 409 54
277 409 792
259 377 798
6 387 102
404 397 114
283 66 914
238 166 522
122 292 659
398 204 593
112 5 233
285 50 126
152 409 196
75 418 766
144 428 119
9 225 623
362 387 663
299 156 942
374 123 40
51 374 245
215 397 308
3 298 897
112 173 127
208 244 225
73 2 468
408 243 697
407 92 503
318 13 327
122 143 36
398 241 499
39 49 60
45 24 485
170 190 440
306 111 136
12 215 731
255 207 66
413 17 924
369 97 46
285 345 716
58 98 359
173 433 102
142 27 313
47 207 449
220 113 414
108 54 484
126 332 806
144 342 183
243 337 324
430 61 84
208 226 388
64 396 336
59 171 133
433 422 433
334 69 458
153 329 159
92 437 759
349 42 835
245 381 888
194 376 933
69 96 954
385 115 357
389 37 168
146 160 747
367 303 918
274 83 501
312 365 707
198 409 684
139 274 847
176 55 822
41 415 498
51 64 430
263 320 529
329 83 667
366 232 185
124 211 581
420 25 198
312 1 119
213 243 262
310 190 418
238 31 851
85 309 488
163 262 768
64 71 21
256 390 863
102 53 577
137 210 703
229 188 134
185 388 496
13 401 296
197 190 223
267 250 464
9 54 103
145 161 212
246 316 269
30 340 483
98 179 5
246 362 831
56 369 135
84 261 402
249 126 76
240 349 330
245 265 633
124 237 313
361 339 955
333 86 742
302 179 396
75 311 255
417 364 967
216 141 91
40 321 795
256 346 934
393 221 720
278 226 548
317 285 717
358 31 501
71 370 921
113 425 800
109 53 181
37 40 301
55 380 194
399 104 728
53 106 208
309 42 616
263 196 553
422 414 536
103 142 300
328 188 393
147 35 894
24 164 205
234 92 716
188 122 811
350 17 735
168 197 854
131 85 420
232 88 744
119 39 731
138 271 9
226 12 845
419 86 365
426 36 238
284 69 642
383 322 880
35 375 849
155 373 108
54 139 671
146 232 136
183 279 971
39 373 829
312 330 862
260 120 618
50 234 624
146 33 403
24 229 548
290 159 396
422 256 641
367 87 628
89 175 428
209 171 411
285 253 888
235 54 917
3 311 101
364 83 803
273 219 845
249 51 725
124 165 228
196 132 359
204 332 821
362 264 459
264 136 338
188 402 189
343 256 418
25 204 19
351 316 768
291 20 840
52 67 751
368 177 826
284 225 293
253 180 519
381 346 830
210 432 991
63 146 739
433 120 195
15 48 263
300 402 11
72 235 797
164 314 348
305 424 375
279 387 696
194 432 680
232 149 217
303 299 374
387 400 707
279 144 98
93 287 141
302 324 94
335 437 269
342 340 837
129 303 590
187 374 230
314 22 703
435 189 898
131 274 403
332 321 384
150 255 278
24 1 431
205 437 632
154 141 442
138 378 382
268 95 961
2 229 704
107 418 289
286 20 391
425 420 658
199 21 696
12 414 399
13 178 402
35 421 276
138 260 346
240 351 282
432 335 23
337 5 180
237 168 949
429 334 152
41 27 728
41 233 286
9 383 873
416 296 610
322 406 625
302 352 238
419 160 639
369 418 190
282 138 203
436 246 424
78 135 248
258 86 884
273 386 902
61 147 935
194 275 329
150 55 605
281 434 894
25 57 380
226 361 900
148 194 707
186 153 618
236 431 803
364 256 182
167 246 733
244 0 991
226 317 662
302 403 91
249 206 229
7 306 803
303 282 426
4 189 853
138 227 252
16 212 658
397 328 404
383 315 650
9 222 746
76 392 451
415 19 267
352 85 902
84 431 991
74 225 240
223 289 969
402 339 712
339 38 409
234 120 643
162 159 782
366 296 273
323 152 51
219 43 969
250 227 752
382 143 149
55 42 751
384 379 818
51 153 968
264 389 635
300 340 515
160 237 601
210 347 873
63 314 493
2 235 113
408 114 804
395 150 307
341 385 201
12 136 84
268 140 21
411 343 17
198 332 504
238 366 597
200 119 629
97 409 335
124 103 754
60 287 129
140 290 643
334 385 592
347 239 873
384 352 660
262 273 864
181 234 77
166 375 204
86 252 92
338 236 160
184 303 731
384 49 113
116 244 742
282 347 317
228 182 22
368 148 926
316 131 479
13 280 45
179 270 858
211 270 941
193 35 410
256 218 166
19 219 951
398 224 518
231 252 197
10 407 65
354 228 965
117 163 117
157 30 65
394 60 444
370 408 189
375 110 275
20 351 173
13 58 815
360 363 737
364 60 685
296 406 69
127 30 227
431 336 425
216 331 522
70 113 802
254 432 122
383 39 426
184 420 755
40 122 195
249 156 142
325 267 415
434 332 30
435 182 30
412 78 526
406 197 250
215 322 847
422 241 787
381 184 309
129 280 491
423 412 750
3 43 422
322 189 167
142 72 586
393 142 98
415 321 507
330 234 418
237 390 670
141 128 273
291 208 105
243 108 870
288 330 809
367 438 836
94 368 99
65 267 798
24 352 243
260 10 324
325 51 97
310 416 456
9 16 898
107 133 971
340 308 516
357 150 917
268 435 627
355 363 604
38 132 488
168 414 793
125 377 661
78 340 474
377 344 780
272 399 463
260 394 9
52 374 909
36 216 636
203 3 673
234 305 51
360 249 791
272 382 750
407 403 906
240 346 196
377 279 788
20 230 194
405 138 906
148 299 735
425 57 919
425 58 926
4 158 185
116 138 351
85 180 171
249 294 664
343 238 818
369 4 530
381 408 975
291 40 361
55 399 952
129 248 336
427 265 151
294 312 748
376 212 739
65 25 15
78 373 115
220 195 122
76 436 945
216 304 841
283 49 680
132 436 397
310 182 879
400 333 736
254 319 468
5 23 242
108 0 413
151 141 486
42 165 792
287 135 253
0 180 425
290 84 15
190 392 659
20 270 283
104 433 187
6 100 445
63 148 598
436 375 23
98 386 373
391 402 192
78 120 358
80 331 824
3 393 95
238 9 671
95 12 491
11 217 63
189 182 700
286 360 89
297 211 366
405 438 168
117 164 599
330 161 773
401 396 320
298 16 58
353 2 862
373 188 989
324 234 879
270 102 609
26 308 879
241 386 27
214 68 152
219 180 873
289 150 818
185 217 946
21 61 194
180 315 372
285 75 494
67 228 17
141 57 72
346 25 842
120 199 569
362 261 296
211 169 750
156 423 347
350 45 746
139 276 873
245 393 984
70 221 397
285 312 609
345 373 624
324 125 306
193 135 320
265 1 669
161 13 627
3 357 661
82 211 452
65 407 143
372 126 923
125 428 528
57 50 654
354 409 529
145 357 247
369 413 493
240 169 917
286 87 932
103 156 657
336 4 962
159 116 613
85 353 683
191 155 984
385 166 487
388 5 837
270 160 42
374 314 760
259 336 175
204 318 262
89 143 597
36 229 500
122 237 535
219 143 159
90 121 245
179 400 626
14 379 453
225 79 935
171 306 842
399 307 768
78 27 561
177 137 57
285 316 930
258 379 572
257 96 176
93 436 159
88 43 117
301 230 75
210 315 22
152 159 248
170 207 245
350 230 630
320 344 441
338 0 957
225 408 482
345 46 890
231 49 879
280 184 783
239 371 990
243 292 189
260 41 635
117 287 479
61 96 497
307 311 587
51 100 940
23 154 461
190 312 842
167 252 189
339 203 353
99 12 875
361 302 430
342 204 696
318 314 150
338 240 416
358 147 261
172 222 328
190 385 900
409 437 468
182 198 95
136 296 508
104 16 862
386 92 475
125 66 523
257 151 270
135 94 247
420 38 448
75 12 558
414 65 573
197 9 114
372 138 10
380 82 704
54 423 601
378 318 753
20 96 53
333 405 317
168 346 545
6 132 962
90 236 177
143 179 392
162 198 615
395 332 974
67 427 900
417 166 635
338 189 798
402 194 891
256 437 385
430 53 502
382 355 233
432 111 629
57 353 909
367 14 580
240 413 471
46 385 451
115 284 931
121 196 644
280 34 878
168 178 732
362 62 127
33 217 284
262 227 91
157 25 421
361 39 180
392 322 879
50 164 313
99 387 374
291 6 580
261 200 534
59 237 827
163 408 606
79 271 11
235 273 92
350 308 773
396 137 202
150 422 877
73 183 385
161 300 255
99 281 292
150 246 727
197 369 924
56 365 67
296 203 332
330 101 179
114 89 150
48 388 718
36 122 909
110 269 676
279 63 492
269 199 538
72 232 278
71 8 783
153 273 367
65 66 802
33 113 471
234 21 709
243 399 249
7 42 708
186 349 662
35 232 329
317 354 759
381 85 867
170 407 751
46 72 699
284 22 285
139 94 66
35 341 761
32 138 880
282 261 616
357 53 974
435 307 632
299 60 842
406 353 982
126 157 847
278 107 549
278 391 739
269 360 405
351 419 309
303 321 374
38 25 799
155 382 642
309 337 263
176 364 604
287 227 101
435 250 2
215 226 158
177 211 946
68 426 200
355 129 852
42 157 740
206 275 42
133 161 192
202 277 384
360 171 511
328 116 481
324 362 21
191 350 319
263 290 54
232 392 519
111 136 160
214 1 892
110 106 645
417 128 568
368 400 235
420 1 209
279 362 353
423 104 29
307 225 567
357 297 165
136 317 514
258 264 203
51 130 427
433 179 876
202 73 853
66 11 279
253 324 97
36 418 657
135 147 23
198 52 842
332 189 878
265 337 950
99 395 975
271 76 644
130 211 56
84 331 864
212 411 503
19 290 324
401 281 613
381 400 827
13 354 970
229 235 262
429 218 587
222 167 667
189 381 168
166 409 154
158 390 218
281 139 379
231 254 30
105 115 262
157 58 587
76 278 421
137 61 347
406 291 595
91 127 270
63 210 808
15 298 709
65 416 513
160 268 63
230 368 905
122 322 155
199 217 908
187 349 583
192 328 24
96 432 831
324 79 914
148 84 12
318 231 529
365 136 966
307 92 80
420 68 501
353 378 273
113 12 9
123 287 425
139 267 410
326 20 641
278 354 339
398 279 13
227 363 330
220 314 200
233 46 636
2 121 305
140 163 856
388 357 98
308 110 302
80 406 133
403 39 607
78 419 314
278 137 314
41 293 812
125 214 997
393 194 773
279 334 290
154 221 623
69 232 443
394 90 302
405 188 759
112 325 700
245 416 364
261 265 606
252 251 51
356 346 940
29 349 934
47 436 120
356 207 736
409 97 631
183 331 61
196 111 763
226 33 405
330 202 550
14 1 529
125 26 901
209 232 186
159 1 421
114 133 149
48 166 778
292 92 472
252 304 78
56 15 525
186 17 128
248 25 662
154 254 602
80 124 568
123 31 782
339 206 691
352 220 764
113 370 106
300 411 45
380 5 25
415 10 899
210 214 594
145 205 795
421 152 994
429 91 486
63 21 339
150 23 619
58 417 885
117 195 987
185 232 878
438 148 841
414 406 714
19 391 731
399 27 937
111 299 471
164 216 657
353 22 197
290 54 955
234 160 4
343 209 620
176 97 177
68 210 777
97 264 796
346 299 410
6 83 854
133 356 334
138 389 875
46 80 644
345 434 214
240 391 808
153 263 996
96 428 155
206 219 279
404 235 158
22 152 385
156 373 159
97 422 133
302 236 788
427 45 715
310 214 932
200 206 157
168 34 49
61 372 536
229 90 585
70 117 470
14 219 40
204 11 547
389 360 253
250 338 257
218 77 158
296 429 480
29 199 39
184 23 479
26 211 907
102 379 32
412 75 204
280 297 529
348 412 717
124 178 816
86 391 707
31 212 870
362 155 767
406 39 458
347 106 431
74 132 55
66 52 539
98 334 421
216 88 587
50 329 278
252 43 347
246 97 136
168 136 848
249 260 643
49 434 786
172 413 847
347 302 902
65 291 365
89 111 170
0 32 524
34 217 979
61 309 826
177 212 714
164 281 203
175 187 132
382 206 482
228 108 244
276 362 926
125 355 45
312 209 464
426 282 918
342 367 840
173 217 567
99 376 852
10 350 913
264 146 671
425 319 67
171 395 720
203 387 396
197 52 635
155 267 956
75 306 370
1 221 73
229 215 900
115 222 843
29 219 817
96 282 804
421 223 403
4 108 951
93 383 991
39 224 780
209 130 155
375 317 187
205 406 880
207 295 562
432 327 643
429 201 266
83 163 496
109 199 625
431 363 353
360 99 659
23 364 508
286 36 414
17 93 353
251 69 707
350 157 737
220 43 852
163 438 872
312 359 444
183 158 89
271 287 269
292 327 588
50 227 884
361 117 595
200 428 52
277 360 199
297 247 713
89 255 243
34 188 514
220 297 938
348 163 986
107 255 469
211 278 810
301 38 471
268 158 109
82 402 833
142 409 8
193 181 16
155 183 101
329 144 945
4 279 524
131 149 110
35 226 672
108 397 558
88 384 804
380 232 454
95 195 943
100 241 989
407 298 599
124 98 217
284 186 698
204 316 836
125 147 926
207 337 974
236 293 191
364 117 992
175 382 995
252 235 388
104 297 711
186 262 974
379 25 418
43 166 463
50 21 621
117 121 572
84 107 868
51 268 613
6 374 686
351 352 81
187 142 772
109 85 858
307 417 456
333 138 97
36 255 668
371 205 487
249 149 883
324 33 929
259 429 661
187 253 178
56 156 420
332 245 952
212 79 994
258 123 36
264 412 894
119 55 39
386 406 236
320 125 894
320 270 512
198 25 97
88 427 515
110 360 362
389 53 587
54 131 654
325 359 700
162 270 173
66 19 990
343 303 999
383 184 934
380 363 791
196 83 136
235 22 648
317 403 177
373 403 422
218 244 732
195 364 809
302 106 1000
208 146 215
328 179 579
36 273 333
15 26 725
119 216 927
65 367 878
50 254 920
40 186 347
312 39 247
368 225 386
377 135 427
142 81 562
371 142 664
136 47 624
233 32 355
432 98 865
383 401 687
176 39 249
263 360 354
83 347 563
23 22 33
365 364 638
330 86 427
287 67 847
278 872
338 743
262 812
167 238
48 101
35 466
217 252
375 40
114 317
108 41
423 445
193 707
140 132
146 647
431 466
303 383
67 174
189 530
78 312
428 395
90 801
238 184
334 144
308 90
242 52
338 254
328 465
78 685
276 634
34 691
183 419
237 948
385 247
12 191
148 937
415 203
235 584
58 57
12 987
71 960
362 50
113 886
5 549
346 440
306 642
44 72
278 131
304 781
369 730
353 573
349 704
191 700
6 295
183 604
290 747
369 502
421 652
294 703
298 363
140 446
433 206
411 314
199 499
269 919
162 726
326 456
104 292
114 811
338 592
117 132
240 107
429 500
236 708
15 392
329 978
349 766
278 114
83 932
217 558
173 723
174 269
57 577
128 130
279 113
74 22
62 851
89 468
426 650
131 166
315 141
220 382
117 361
400 943
61 553
210 868
156 977
196 95
432 757
292 882
107 624
414 168
45 794
8 20
366 296
429 546
425 839
365 223
147 344
165 151
72 758
141 94
206 920
238 969
161 309
126 560
215 142
372 199
375 387
419 871
336 450
358 360
153 996
118 603
266 707
32 266
101 437
251 986
405 804
334 604
115 871
260 419
292 740
157 638
27 526
13 826
287 637
184 974
408 195
152 688
185 421
67 74
89 202
243 121
80 382
0 540
147 878
427 156
301 490
83 506
8 765
264 770
299 155
187 518
204 949
338 882
270 808
381 840
3 568
189 60
13 74
253 705
72 241
179 752
220 11
313 869
102 620
392 203
187 256
288 215
293 25
87 239
310 246
204 545
373 150
99 908
95 246
149 164
351 671
117 367
408 442
389 392
256 1000
88 187
173 615
357 26
392 394
116 798
234 410
373 518
316 305
310 743
411 430
168 593
289 350
29 392
87 320
41 972
359 992
430 657
241 53
114 683
180 51
419 87
125 866
74 607
220 544
275 189
269 884
393 571
360 223
48 841
198 869
415 889
127 571
346 263
174 166
97 828
348 215
118 766
4 368
314 637
428 744
30 901
48 514
372 328
186 291
19 424
263 748
235 786
144 828
67 846
37 663
106 424
254 666
58 519
414 428
215 209
292 825
328 598
391 369
235 192
424 543
256 137
77 523
229 558
363 917
126 752
382 304
217 995
50 90
110 92
355 507
124 159
112 581
227 652
312 570
8 543
147 809
123 708
423 770
409 9
9 493
79 248
165 904
435 513
339 128
173 784
332 144
247 527
92 17
50 818
289 702
128 663
242 387
202 843
27 628
99 444
39 990
387 130
32 718
325 483
356 564
286 26
427 478
193 179
167 235
179 855
36 962
93 632
35 616
350 851
402 760
38 877
26 476
380 558
144 154
80 763
15 792
13 764
194 912
326 128
253 676
293 861
268 608
106 182
47 592
139 426
123 361
64 868
326 378
207 473
255 414
28 360
253 529
237 170
199 627
123 893
332 58
74 452
55 905
180 132
330 953
437 799
93 865
360 562
257 190
183 305
407 200
277 739
328 176
20 83
32 731
60 749
216 836
413 876
38 445
354 521
159 124
158 632
137 619
108 291
395 280
210 351
208 419
76 980
163 384
300 803
261 235
335 932
94 983
76 660
254 243
296 810
257 923
153 707
46 989
224 839
251 123
319 346
61 562
154 929
394 766
353 733
243 924
192 795
290 530
218 887
382 414
37 662
40 148
403 265
230 937
93 699
21 889
164 290
207 551
24 266
272 493
53 287
109 753
414 416
266 836
245 533
181 955
392 369
82 199
355 702
223 793
161 650
269 632
90 745
109 349
423 619
234 305
200 293
181 903
322 746
384 375
311 797
79 533
394 696
438 14
294 411
120 36
277 448
186 457
105 201
91 139
323 61
185 861
192 445
276 288
435 184
262 624
32 537
160 383
405 558
90 161
47 878
396 280
49 868
355 243
111 564
27 900
236 329
300 997
207 876
10 627
372 751
284 843
362 888
226 368
232 144
61 28
411 414
84 367
114 437
299 352
259 814
141 186
175 217
433 110
402 204
172 127
419 350
412 141
65 116
409 219
103 429
141 158
65 293
433 197
412 250
412 189
141 398
103 404
402 65
172 140
419 396
103 53
433 230
412 349
419 372
409 356
65 215
409 262
141 155
141 89
433 409
172 288
65 154
412 93
175 210
419 377
175 84
141 105
402 328
412 58
103 386
175 307
175 43
412 72
175 206
65 395
433 339
172 421
402 161
412 215
402 171
412 267
419 28
141 220
103 132
172 93
65 30
141 158
412 255
141 126
175 61
402 173
409 55
103 353
103 59
141 414
419 282
419 56
433 190
175 325
172 75
175 269
141 120
172 356
419 126
433 155
65 266
103 18
402 89
402 0
409 131
419 336
103 222
402 127
175 242
172 274
103 286
433 212
65 104
402 138
141 37
172 253
419 333
172 296
409 154
409 127
103 316
141 434
409 146
175 177
65 16
172 140
412 381
103 59
409 170
172 155
402 15
172 149
141 329
172 51
65 353
103 201
419 123
103 51
412 214
419 144
419 195
402 139
419 423
65 153
402 254
419 158
419 196
412 189
412 206
141 252
409 384
103 271
175 212
409 296
103 256
65 319
103 165
419 425
141 110
433 436
433 227
141 275
175 278
433 315
172 33
103 366
433 299
65 176
402 40
172 417
65 19
103 378
103 129
433 403
419 374
103 403
65 205
103 280
402 143
65 328
141 20
412 141
412 397
103 280
172 26
141 219
409 279
172 273
402 108
433 363
175 96
172 368
409 37
433 182
172 146
65 182
433 151
65 437
402 226
141 373
419 232
412 264
65 143
175 68
402 168
409 106
175 254
175 105
175 195
175 58
172 359
103 340
175 381
409 397
409 350
419 204
175 119
103 159
433 201
141 19
65 295
172 193
433 325
433 345
103 355
419 70
172 260
419 52
409 343
419 327
409 437
402 199
175 430
402 356
141 243
103 16
141 88
175 292
172 250
172 64
402 73
419 340
409 2
141 70
175 369
433 415
402 167
65 376
65 267
433 272
419 241
409 285
433 353
409 426
402 198
172 5
409 279
419 291
65 316
419 252
141 239
141 163
402 22
175 35
172 398
175 437
103 137
409 247
419 110
172 130
175 320
141 181
175 70
419 3
172 395
419 283
402 58
402 148
409 104
412 163
412 210
419 3
412 112
175 38
175 267
409 190
409 307
103 119
409 102
65 312
409 115
433 207
175 172
409 286
65 32
172 376
65 354
409 388
402 373
141 438
402 133
103 184
419 27
433 175
172 338
65 167
172 268
412 70
172 57
103 205
402 131
409 398
409 144
65 242
433 224
172 318
409 319
65 402
409 25
65 40
103 22
433 237
141 246
172 161
402 33
175 212
412 345
419 279
103 99
175 361
175 350
141 155
433 282
402 124
103 319
409 226
409 346
419 383
141 35
103 389
175 154
175 185
433 104
141 258
141 139
402 362
141 119
402 139
409 31
402 179
172 139
433 254
412 166
103 98
409 348
175 380
433 413
419 255
402 221
103 434
103 231
433 206
409 394
141 311
172 280
65 108
402 319
419 264
141 99
433 299
402 278
172 154
175 184
103 161
412 203
172 94
402 152
141 406
412 94
141 386
419 9
172 432
103 32
412 7
409 262
141 405
402 387
141 239
141 125
141 394
409 350
412 126
103 394
402 269
409 340
141 353
103 293
412 215
175 82
175 185
402 229
65 129
402 181
103 143
412 421
402 230
402 190
141 367
409 336
402 128
412 36
412 285
433 397
433 71
175 346
103 64
103 74
419 214
103 251
412 433
141 233
402 337
412 165
175 388
103 80
65 104
412 356
172 354
175 311
103 189
402 264
103 359
419 411
141 171
433 437
409 8
65 402
65 219
103 436
409 46
175 249
412 371
402 210
419 179
103 190
402 434
419 164
175 110
65 3
402 172
419 334
402 354
402 110
141 310
141 400
409 109
141 353
402 82
103 283
433 46
433 140
409 61
65 319
419 279
103 11
175 92
412 328
172 77
175 378
419 50
409 306
409 431
103 411
412 246
141 117
419 420
409 214
175 393
402 397
402 347
433 155
175 398
175 100
402 335
412 350
172 419
412 386
412 384
141 9
172 8
433 216
419 45
409 119
409 88
402 266
433 135
409 137
103 107
409 335
419 379
175 222
419 254
412 248
419 86
402 219
175 182
433 271
412 89
409 382
175 139
412 137
419 12
141 197
103 228
175 236
402 195
172 157
103 159
141 134
103 270
419 92
402 113
412 12
412 258
172 186
172 93
65 134
419 251
402 81
412 64
409 144
419 193
433 249
172 83
412 275
175 22
419 50
141 210
419 263
412 397
65 345
412 294
419 24
141 50
175 275
65 165
103 186
103 65
412 114
103 413
141 153
103 415
172 290
175 245
433 14
172 160
172 405
419 195
103 364
172 199
172 37
103 190
419 73
433 286
409 61
419 291
65 217
412 106
419 202
172 171
419 91
141 337
412 349
433 12
141 228
141 343
433 351
65 396
433 120
172 309
141 325
175 97
103 41
141 225
409 381
172 385
402 394
402 298
409 301
175 109
172 129
433 141
65 267
65 241
433 320
103 304
419 218
172 160
412 387
65 191
65 318
65 351
172 12
419 270
172 291
65 142
419 248
175 134
402 148
409 339
141 120
409 243
412 374
433 31
433 339
103 2
419 162
412 47
402 277
409 373
419 196
175 419
409 159
103 168
141 132
402 297
419 422
419 143
141 291
412 123
412 269
419 238
409 4
103 85
172 333
433 262
141 76
141 87
409 277
175 410
409 279
409 134
141 224
103 416
103 411
412 234
141 126
402 281
433 18
175 231
175 222
141 160
65 259
409 278
412 37
409 191
409 182
409 180
412 132
103 311
433 327
172 84
402 410
402 72
433 415
172 269
402 58
402 420
402 188
172 107
103 327
433 235
172 23
103 159
65 184
433 384
172 152
419 183
175 107
172 423
103 413
409 156
103 155
175 434
172 308
409 148
433 281
412 216
409 413
103 113
409 406
172 2
433 287
433 352
172 118
419 178
103 96
103 250
402 251
175 25
175 43
419 91
419 217
409 411
402 121
402 155
141 380
172 119
65 11
175 382
412 435
412 337
141 186
412 285
402 432
175 310
419 420
402 250
103 428
409 220
103 331
402 236
402 353
65 334
175 404
402 262
172 435
172 22
141 230
412 156
402 282
65 152
402 118
175 31
409 373
419 400
103 161
419 7
412 149
412 23
412 430
402 5
103 314
402 167
402 32
412 255
103 255
402 341
433 5
402 42
141 268
409 119
103 250
409 64
103 201
419 29
175 234
409 169
141 261
402 279
409 37
175 176
412 154
433 339
103 325
409 214
409 392
175 364
175 429
419 314
402 283
172 191
419 301
141 365
65 74
172 402
65 180
175 235
65 169
175 328
409 36
402 375
172 371
141 396
172 348
433 225
141 131
141 237
141 153
175 61
172 89
419 337
103 291
172 355
412 190
402 412
175 398
175 285
419 384
65 73
433 121
409 246
175 236
141 50
402 286
172 211
65 165
409 71
65 400
65 293
103 391
433 420
412 71
175 171
103 210
103 233
409 314
433 140
103 252
412 233
419 198
409 17
172 212
433 233
175 339
419 343
402 47
141 218
433 7
141 352
175 331
419 18
412 37
402 3
433 257
141 345
402 342
65 54
433 435
65 58
433 81
433 233
103 363
419 31
402 172
402 1
419 245
433 232
141 189
433 176
409 185
175 224
412 384
412 92
175 367
409 57
172 430
433 58
65 195
419 229
412 349
402 65
175 51
172 228
402 20
402 20
412 340
172 91
65 317
402 24
412 54
409 334
412 427
172 158
141 186
402 89
409 170
412 304
172 321
141 300
412 337
433 326
172 28
419 10
409 220
141 163
419 186
141 436
141 325
433 358
172 238
172 72
409 187
419 375
419 310
65 79
433 200
175 360
402 177
433 101
175 89
412 86
172 150
141 89
103 178
175 408
175 110
419 345
402 300
409 434
175 248
409 339
419 93
65 313
175 317
412 43
412 258
402 431
433 438
175 39
175 381
172 213
402 77
141 366
172 231
419 203
412 426
103 261
433 164
141 420
141 371
419 283
65 66
65 76
141 418
412 376
412 335
141 242
172 309
412 203
175 16
141 310
402 136
433 85
402 369
172 263
433 230
175 262
412 54
103 202
172 407
402 2
433 347
409 437
402 253
433 191
103 203
172 437
419 144
175 135
65 438
433 52
172 103
412 46
412 283
412 87
172 385
172 212
433 404
433 155
402 428
433 23
103 37
175 391
419 95
172 229
65 180
419 278
412 70
141 338
172 304
419 382
103 220
433 332
433 245
172 251
433 196
172 356
419 122
419 49
419 21
172 79
412 400
172 177
172 164
433 430
412 76
175 340
172 247
141 94
103 40
65 346
172 276
419 22
419 430
402 60
402 390
409 358
141 27
412 226
409 18
433 391
141 177
175 411
172 199
433 219
433 24
103 222
419 25
419 386
419 212
172 11
103 43
103 86
412 99
419 242
175 85
103 243
433 141
103 174
65 389
433 76
65 124
141 258
141 240
65 346
402 145
419 373
175 190
175 406
419 102
409 435
433 380
103 7
103 131
141 338
172 4
412 39
409 195
402 413
419 347
65 229
419 117
402 233
419 264
65 224
65 269
409 335
402 290
433 169
419 374
141 9
409 267
402 386
402 169
409 366
409 434
172 100
175 149
65 36
65 101
65 98
103 233
103 278
65 31
103 418
65 77
172 219
402 173
402 74
409 8
175 385
412 379
141 279
412 307
412 250
172 317
65 172
141 412
433 168
141 209
175 200
103 86
419 50
419 57
419 402
103 164
175 426
172 317
65 20
402 134
409 76
172 129
419 353
65 286
409 402
419 122
402 395
172 365
175 185
402 53
65 348
65 224
433 32
141 291
65 355
409 106
141 279
412 242
141 308
65 295
433 420
402 136
172 434
419 408
65 416
175 277
412 97
433 374
141 20
103 5
141 238
103 84
412 325
412 303
419 45
409 406
65 31
419 354
433 340
65 163
103 388
65 346
409 424
175 310
412 406
172 317
172 260
141 58
409 282
419 360
419 95
402 14
141 283
412 339
172 412
103 432
412 23
175 30
433 39
103 421
172 298
65 167
409 170
65 408
433 223
402 294
409 408
409 86
412 3
172 306
172 2
65 312
172 364
103 177
141 393
433 57
65 362
175 134
412 407
402 411
175 161
103 346
402 221
65 370
172 356
175 394
65 18
402 432
172 286
433 383
141 276
409 402
412 182
433 347
419 244
103 41
412 41
172 140
412 368
402 387
175 361
141 71
65 93
175 403
103 57
175 301
402 304
419 55
175 153
402 303
412 140
419 177
172 12
402 207
65 59
409 438
65 231
419 182
141 387
141 397
103 82
402 436
175 145
103 72
419 23
419 400
65 313
409 288
419 335
402 12
175 222
412 260
419 308
412 127
141 274
141 73
172 30
172 9
433 48
172 300
175 345
433 353
141 160
433 123
141 110
175 281
175 1
65 231
402 122
412 19
175 65
172 123
412 50
409 184
175 274
409 152
103 297
433 326
433 303
419 52
433 331
412 165
402 290
412 12
141 346
175 363
103 381
412 357
409 377
409 45
433 67
402 58
103 157
433 71
65 407
141 181
433 311
175 2
103 158
412 411
402 221
412 171
412 82
409 327
412 194
409 298
412 89
141 203
409 427
433 113
419 358
175 115
175 336
172 248
412 241
103 124
433 231
65 409
103 170
409 176
172 338
433 294
172 203
433 278
419 191
65 46
402 149
172 214
103 206
65 356
402 28
103 215
402 397
419 84
65 8
65 245
412 244
409 260
65 39
409 360
419 297
103 211
172 208
103 214
175 318
172 46
65 40
412 55
141 129
419 363
141 339
433 417
402 28
402 381
175 81
175 103
65 280
433 195
103 237
419 72
433 40
175 21
141 88
103 17
103 402
175 197
402 258
419 430
175 407
409 335
103 61
419 331
419 309
409 335
402 432
141 79
172 185
172 117
103 119
402 280
65 139
103 366
419 30
409 225
103 206
141 384
412 324
419 207
141 385
402 59
141 373
103 346
175 362
419 408
412 34
419 218
141 337
419 244
175 218
175 234
65 423
172 378
175 131
103 406
409 62
419 327
433 21
409 157
402 232
433 437
172 396
175 303
419 78
65 99
419 210
172 6
172 34
402 191
172 347
402 148
433 117
419 189
402 320
141 27
402 34
65 80
409 252
172 331
141 250
65 124
402 251
172 98
433 12
402 416
175 129
172 6
103 10
172 287
65 134
175 438
402 323
65 76
103 178
172 362
409 8
175 266
412 311
433 366
103 390
103 425
103 59
141 352
433 239
103 134
65 83
433 71
103 397
433 69
141 272
412 123
402 88
412 75
412 254
172 373
433 313
175 397
175 250
175 55
65 188
419 299
402 239
412 224
141 175
65 7
412 390
402 345
172 322
402 122
65 216
172 283
402 286
103 89
172 366
412 174
402 324
409 86
402 247
172 24
409 396
402 33
141 264
419 400
65 124
402 274
65 435
172 104
103 343
402 180
402 305
141 16
103 436
172 179
141 173
409 177
65 9
65 190
419 349
172 167
402 155
419 290
412 192
419 97
433 199
402 120
419 350
172 11
409 96
419 16
103 290
141 339
103 112
402 35
433 335
433 299
175 98
141 176
433 170
141 275
141 420
409 171
419 123
419 250
103 326
172 178
65 415
409 247
175 77
419 2
433 351
141 185
412 196
141 2
175 164
65 148
175 284
409 128
402 184
141 159
175 278
141 195
103 176
103 330
402 273
412 383
412 383
419 86
409 411
409 17
103 143
141 35
433 153
65 254
141 316
103 433
103 86
65 419
419 338
65 8
103 359
409 268
175 59
412 162
433 239
175 87
433 413
175 4
402 365
402 337
172 2
65 312
141 195
65 123
141 370
172 133
412 162
141 72
433 335
419 421
141 106
141 16
433 39
65 62
419 66
103 339
402 117
65 396
175 117
419 309
402 432
175 346
419 393
412 285
65 17
65 143
65 117
402 236
419 139
409 151
65 168
175 264
65 415
172 248
412 96
175 433
175 262
409 384
402 376
402 262
433 201
141 358
65 103
412 205
419 206
141 184
402 23
412 324
419 25
412 217
412 247
172 189
419 64
419 282
65 218
141 20
65 163
103 429
433 260
409 328
65 218
65 85
409 199
409 358
65 265
409 43
175 28
433 216
172 215
175 250
175 308
103 343
175 406
141 72
402 358
103 351
419 53
419 61
65 252
103 291
412 165
65 338
141 161
419 94
409 184
433 359
65 7
419 86
65 285
141 388
433 373
402 236
412 184
409 157
412 216
141 96
65 416
65 259
103 270
433 339
141 429
141 8
409 215
141 334
433 279
433 226
172 320
141 173
175 55
103 202
65 105
103 186
402 1
65 233
412 226
412 329
402 308
419 235
402 403
433 242
65 39
402 58
409 44
141 382
433 351
402 43
172 414
103 34
65 215
412 11
175 296
409 391
103 24
103 124
402 350
409 437
409 197
172 229
103 333
172 235
172 76
65 92
419 102
141 437
419 93
172 407
402 147
412 79
409 336
402 420
433 374
433 227
103 140
412 218
172 224
65 95
402 167
433 368
65 433
172 293
65 342
433 406
172 343
175 87
172 51
172 35
412 25
103 409
172 36
141 165
402 90
433 25
172 349
433 201
419 230
419 211
433 215
175 285
409 437
419 161
65 47
433 73
175 363
419 167
103 4
65 429
141 180
103 78
141 126
409 64
402 368
402 141
172 402
419 412
433 329
433 64
103 71
141 270
402 271
402 296
419 321
433 367
409 355
172 424
419 289
65 351
412 96
175 371
419 375
409 105
409 274
419 303
65 303
175 250
65 359
412 137
175 396
175 114
172 363
409 169
409 323
175 177
433 356
65 60
402 88
141 103
412 419
65 35
412 43
433 78
433 279
65 17
172 212
175 336
175 282
419 12
433 35
103 146
412 362
412 87
419 132
172 393
409 246
409 294
419 295
65 392
65 120
412 232
419 250
433 24
419 267
433 40
402 180
65 44
103 71
402 337
412 42
175 205
419 290
172 254
172 400
175 204
141 250
172 345
433 424
412 219
65 24
103 128
409 104
141 2
175 52
402 100
419 201
175 91
141 265
103 160
65 358
409 143
433 222
402 252
433 40
419 215
409 139
433 432
103 137
65 394
419 90
65 288
409 174
412 149
412 407
65 101
433 161
175 395
172 414
172 230
65 362
402 242
172 321
172 269
141 264
172 120
103 369
402 232
141 117
433 174
419 35
175 354
141 414
419 100
412 206
175 328
172 67
419 415
65 414
172 22
65 249
175 254
409 289
412 11
141 259
65 262
65 158
103 431
409 53
141 437
419 397
433 206
65 365
402 31
409 331
412 37
433 148
419 33
419 121
419 92
172 422
409 353
65 198
419 199
65 51
409 129
172 131
65 149
402 393
65 94
402 102
172 208
172 3
419 422
433 55
141 324
172 85
141 67
409 69
412 118
409 38
103 85
141 438
103 18
433 86
175 364
172 57
402 347
103 345
433 325
433 125
402 361
175 164
141 429
103 43
409 32
141 23
175 53
433 411
433 290
172 11
433 224
402 249
409 31
419 356
412 297
175 289
175 2
175 30
172 74
141 47
65 433
409 149
65 265
175 404
175 308
402 44
103 61
402 277
103 407
409 274
172 159
409 96
172 232
141 193
412 312
103 398
141 164
402 131
141 46
412 46
172 404
175 30
141 319
141 422
141 92
103 104
402 43
433 64
433 41
433 190
402 133
402 91
103 328
409 434
402 105
175 18
65 104
409 356
141 288
433 66
65 432
175 358
433 31
65 384
172 380
419 55
412 135
412 15
65 56
141 234
175 84
412 188
65 27
175 211
419 277
433 9
103 276
141 371
402 115
433 400
409 131
402 265
433 137
402 267
65 424
141 189
419 245
433 186
433 225
172 134
175 405
412 377
433 174
141 255
409 41
103 432
141 50
172 87
103 220
175 133
433 177
172 385
175 100
172 325
409 123
433 161
433 117
172 270
141 117
409 80
103 281
402 167
175 326
103 93
409 165
141 12
65 50
433 420
103 308
172 328
103 279
175 420
419 411
402 25
402 371
433 360
103 266
103 329
65 136
103 216
412 49
175 78
433 326
419 217
175 13
65 380
172 263
103 340
402 381
419 8
409 308
402 370
65 359
175 208
419 57
65 315
433 161
172 151
141 202
409 270
103 95
103 341
412 64
402 438
141 259
409 108
412 404
103 115
175 161
175 191
409 104
141 424
65 87
65 123
412 43
419 416
433 294
175 326
175 271
175 177
175 400
433 263
419 254
409 17
433 47
172 362
172 381
175 332
103 86
409 297
433 305
402 133
103 216
141 404
175 221
141 8
175 218
402 331
409 220
103 275
433 23
402 245
65 414
419 372
419 282
172 417
103 71
412 265
65 342
412 418
433 349
412 336
419 395
141 383
103 431
103 328
402 152
175 251
175 137
409 323
172 182
141 385
412 130
103 339
433 315
419 239
103 63
402 341
65 373
172 251
412 120
433 388
409 381
141 306
65 417
419 230
419 177
175 416
433 356
402 214
419 121
402 119
172 416
65 138
433 257
402 98
412 89
65 125
402 54
103 151
175 167
412 78
141 185
172 17
409 127
103 306
402 369
409 367
172 130
433 334
65 126
409 94
172 128
409 377
412 108
172 75
141 266
65 79
172 385
103 59
65 202
402 18
402 392
419 168
433 129
433 28
172 222
433 342
402 103
412 102
175 360
402 3
175 374
172 299
141 239
141 164
65 188
412 312
409 421
402 179
175 87
141 373
175 192
141 368
419 394
409 348
65 273
65 162
409 337
409 429
409 436
141 195
141 374
103 316
409 330
175 45
172 9
65 183
65 363
141 336
402 69
433 70
65 350
103 141
65 46
141 207
409 89
409 104
141 198
402 414
141 355
412 365
409 290
175 101
103 158
141 36
412 146
175 359
419 383
175 195
412 386
175 301
172 222
402 369
409 164
175 98
65 186
172 231
65 118
65 413
419 167
175 27
412 148
175 115
172 142
409 438
103 251
409 213
433 315
419 252
412 95
175 296
103 394
65 172
103 39
409 47
103 277
65 421
141 87
419 381
65 5
402 432
402 403
433 257
65 58
65 235
419 390
141 307
172 47
172 239
419 428
175 146
65 264
402 66
433 357
402 413
433 9
419 251
141 277
103 139
433 139
419 378
402 327
65 17
172 272
65 1
103 167
433 245
433 14
65 58
65 208
433 274
433 261
402 10
412 9
412 425
433 217
65 398
172 83
402 401
103 202
175 143
412 404
402 412
412 166
433 68
103 61
65 124
103 197
433 70
65 127
172 243
412 194
141 132
402 399
433 209
433 68
409 222
433 139
402 386
175 135
172 259
402 219
433 125
172 245
175 278
409 48
402 48
103 305
175 383
103 185
175 121
103 399
103 32
402 368
103 24
141 115
412 95
172 370
409 269
419 195
419 139
412 213
65 17
433 250
419 141
409 255
65 379
402 227
402 164
409 20
175 413
65 98
172 262
175 414
433 137
412 68
402 204
419 426
175 390
65 206
103 287
409 38
433 254
412 392
172 280
103 41
172 325
409 234
409 298
141 65
141 227
65 402
141 348
172 291
409 255
402 68
433 227
433 98
419 80
412 78
175 180
433 342
402 163
141 47
402 307
141 185
172 396
103 60
103 151
402 436
409 373
412 161
65 410
402 353
65 295
141 53
419 103
412 202
172 281
412 38
412 186
65 421
172 3
103 192
409 329
172 62
103 16
141 132
433 0
402 69
65 135
175 184
175 272
402 350
103 160
433 50
141 379
419 233
409 393
409 45
172 237
65 220
419 274
65 47
433 317
141 308
141 283
409 229
175 390
419 280
175 301
402 235
409 220
433 349
172 255
141 147
175 23
402 333
402 401
433 437
65 342
65 151
172 403
141 311
175 235
409 270
409 148
412 290
419 247
409 424
433 427
175 306
412 123
409 423
175 90
172 8
433 164
402 247
433 71
412 375
419 320
65 346
172 41
402 340
103 198
412 106
172 221
412 368
65 28
412 396
402 198
103 344
419 280
433 176
65 109
172 24
419 167
419 420
419 135
412 210
409 372
419 275
433 245
175 226
419 401
103 176
172 129
65 90
65 79
141 160
172 64
65 49
433 20
65 122
65 338
433 393
433 135
402 419
419 220
65 267
412 344
103 223
419 4
172 219
433 99
175 23
141 18
402 144
419 321
175 216
409 275
141 21
409 62
433 118
172 231
172 142
175 122
412 406
65 92
419 423
65 399
65 129
409 190
65 214
65 384
65 172
175 284
433 42
433 143
172 341
419 187
141 208
65 430
65 10
402 49
103 256
65 245
103 347
65 202
433 388
103 41
419 436
103 159
65 305
409 293
412 168
172 200
402 206
65 384
103 102
103 403
172 130
175 218
175 204
65 407
419 132
103 76
175 51
402 424
175 48
103 140
419 11
419 121
433 52
103 376
419 238
419 101
103 84
419 283
65 177
412 210
419 76
103 429
409 429
172 34
141 337
412 25
402 262
409 319
172 13
419 348
409 90
402 435
141 287
409 228
412 338
175 224
419 203
419 62
433 79
103 352
433 428
433 156
402 106
175 328
433 93
412 271
103 414
65 200
419 396
172 93
65 139
412 16
141 275
409 9
412 426
409 11
175 27
419 104
172 213
172 407
103 70
65 178
433 274
141 151
412 432
141 350
103 426
409 438
409 159
433 51
419 373
433 50
412 238
433 114
172 19
433 40
433 153
409 117
433 370
412 125
172 13
402 302
65 43
65 330
172 384
402 423
65 293
419 57
412 58
409 400
433 112
409 113
412 362
412 93
172 36
103 47
141 94
103 169
433 86
65 30
175 337
433 68
419 380
433 276
409 25
172 119
412 84
175 198
409 17
419 387
172 238
402 314
141 233
65 375
409 159
175 58
419 311
65 213
433 56
402 199
141 205
409 277
172 212
433 84
65 130
409 43
141 323
409 353
409 166
103 84
409 194
103 279
141 49
103 224
175 349
412 49
402 186
141 329
65 277
419 213
433 93
65 158
402 18
409 245
402 14
402 109
141 226
141 382
409 310
103 15
409 1
103 419
103 191
412 363
65 41
172 148
103 356
419 393
65 135
433 99
409 55
419 145
409 268
141 342
409 241
103 37
175 154
103 391
412 132
175 71
103 272
402 69
433 0
172 214
141 39
141 233
433 282
103 161
409 372
412 352
412 184
65 250
103 101
419 242
419 407
433 350
412 391
412 356
141 33
65 62
175 296
433 99
103 385
175 208
172 333
409 313
172 130
433 104
65 317
409 130
65 383
175 18
412 275
419 160
419 200
172 227
103 57
172 161
409 60
103 219
172 369
412 410
141 91
402 370
65 170
419 130
409 248
65 40
433 71
412 367
412 134
419 47
402 52
65 19
175 45
65 139
103 365
409 3
65 20
402 123
141 32
141 309
409 372
402 225
175 113
172 287
412 168
141 249
141 396
175 19
103 60
419 155
433 122
402 305
419 188
65 327
433 423
65 177
419 346
175 244
172 91
141 320
409 432
65 4
175 311
409 424
409 219
141 258
433 82
412 151
175 168
402 429
433 289
103 248
402 276
175 229
103 262
433 429
175 335
419 143
65 217
103 372
141 401
103 434
409 367
175 276
409 421
175 35
141 271
412 75
141 232
409 204
402 190
409 185
433 345
175 196
402 185
103 57
419 27
141 21
103 243
103 226
402 389
65 408
65 283
412 413
419 199
412 186
172 375
419 380
419 378
433 244
433 73
65 20
103 409
433 36
409 90
175 138
409 300
175 437
141 69
419 332
409 102
103 76
409 74
175 94
103 206
175 55
433 88
402 387
409 206
103 52
103 140
419 12
433 314
141 89
412 203
141 277
175 11
419 234
172 104
419 216
409 221
419 359
103 289
172 26
433 197
433 66
412 435
175 313
402 151
433 332
412 348
409 351
402 395
433 73
409 205
409 334
433 239
409 237
433 269
412 165
433 166
409 339
141 301
172 56
409 279
402 20
412 318
103 24
141 386
412 64
175 11
402 344
419 327
103 32
402 224
103 247
409 402
402 146
433 278
141 54
402 161
412 402
419 287
141 295
419 349
419 34
412 63
433 191
103 91
175 427
433 7
402 311
419 3
65 298
433 332
402 208
409 152
65 245
419 219
172 93
103 47
433 63
402 299
103 30
175 398
65 95
172 155
419 323
103 20
103 111
65 431
402 331
412 118
433 364
409 190
412 32
103 306
172 402
409 330
65 198
65 282
412 242
433 36
65 332
433 225
433 311
409 176
433 384
433 206
433 216
402 368
419 6
172 42
172 268
419 146
65 168
141 182
402 126
433 308
402 66
172 358
419 382
175 156
419 147
419 295
141 357
103 426
172 147
141 407
175 263
65 137
402 184
141 281
141 6
141 223
402 382
433 53
419 108
409 265
402 6
65 79
103 366
433 148
412 399
175 137
402 145
175 17
103 217
103 298
402 106
402 274
103 113
412 33
103 231
103 240
103 212
65 319
402 383
172 378
172 231
402 173
409 339
141 322
402 106
141 279
412 165
412 385
402 65
409 1
103 58
419 430
103 430
65 373
172 94
419 172
175 103
103 251
103 238
402 237
419 302
402 159
141 179
65 273
412 305
433 162
412 287
402 160
103 306
65 200
419 62
412 138
103 67
65 307
175 349
172 136
409 262
141 249
433 332
175 391
175 60
412 413
175 134
433 216
409 129
409 31
172 161
141 169
175 159
402 352
419 356
172 94
402 110
419 425
402 357
409 17
65 286
433 324
175 26
433 238
419 41
409 120
419 15
175 35
419 201
402 399
103 148
172 321
412 26
402 331
65 252
412 347
419 358
412 64
65 108
419 73
402 312
419 411
65 204
172 75
175 221
412 220
419 222
412 308
412 275
419 268
402 82
412 436
419 304
175 74
141 80
65 150
402 141
419 275
402 237
141 334
402 335
65 319
172 257
103 22
172 159
409 16
433 15
65 27
103 331
141 63
175 341
65 135
141 32
419 226
402 222
175 116
141 232
409 97
433 176
412 71
141 154
141 330
419 129
402 323
175 396
141 61
409 27
402 404
412 157
412 228
175 67
65 201
103 364
419 319
65 38
175 114
65 102
175 327
433 298
419 9
141 222
141 100
175 377
402 329
419 412
172 414
412 383
172 227
412 268
419 415
172 6
412 61
409 40
409 180
172 212
141 380
65 145
103 185
402 376
409 387
141 62
65 313
141 194
409 180
65 118
103 377
409 236
103 193
419 182
141 90
65 168
409 119
103 181
141 433
103 435
433 364
402 67
103 426
172 150
103 388
409 169
65 148
175 216
419 66
409 36
409 51
409 151
172 285
103 379
409 43
412 176
103 399
402 404
65 28
419 351
409 311
412 182
412 188
402 392
433 376
419 275
433 259
433 58
141 431
172 365
65 304
175 170
409 126
65 57
103 403
402 125
433 111
141 254
175 205
433 327
172 3
409 305
412 181
433 17
409 133
412 154
409 426
141 66
65 194
419 293
433 376
65 136
103 420
433 178
433 203
409 328
141 37
402 21
175 105
175 205
141 359
172 333
433 320
409 334
419 389
175 367
141 124
65 344
409 390
141 101
433 438
402 333
433 275
409 193
402 136
409 277
103 420
412 367
65 208
433 273
65 234
141 2
141 332
103 111
65 137
409 342
402 92
141 91
141 269
172 140
141 9
103 107
419 201
409 136
141 240
65 200
172 390
65 102
412 69
412 4
172 422
175 37
433 104
65 393
419 230
172 31
172 90
65 119
412 331
433 426
409 173
433 381
402 81
141 107
412 433
409 400
103 147
65 48
141 184
433 51
412 322
412 411
103 260
433 365
172 3
103 391
433 265
175 167
141 310
172 346
419 229
141 228
412 414
402 347
103 51
409 232
409 208
433 50
409 316
433 35
419 417
412 235
103 199
175 234
419 278
65 135
402 437
419 321
172 2
175 436
402 123
141 139
103 142
433 337
409 256
65 346
412 56
103 294
141 317
433 120
419 246
409 287
175 309
409 153
412 40
172 322
412 204
433 75
103 123
419 213
103 53
433 272
402 176
141 419
433 272
175 394
402 18
412 353
419 200
65 426
402 180
409 335
141 102
402 143
409 414
412 122
103 408
409 251
103 267
409 342
65 23
402 180
141 214
402 210
175 40
175 167
103 434
402 10
175 305
409 50
419 126
141 64
402 10
175 101
402 377
409 205
409 375
433 252
409 68
419 163
409 338
409 47
433 31
172 372
402 38
141 85
141 99
433 376
141 421
402 272
409 318
103 378
65 185
412 2
65 89
433 355
141 238
172 377
172 41
141 83
402 77
103 232
103 189
409 71
409 213
419 131
172 52
103 77
433 133
175 93
172 316
141 159
433 14
433 284
412 11
65 431
433 196
172 407
103 354
409 433
412 48
175 239
402 178
141 284
175 25
412 287
103 393
402 385
175 144
141 170
412 40
103 229
433 290
172 27
412 393
433 351
65 396
412 291
402 100
402 112
433 202
175 48
402 152
141 70
433 223
175 333
402 414
409 220
103 407
175 64
402 252
65 139
412 270
412 180
141 243
141 420
419 432
409 248
433 402
65 102
175 63
141 74
172 207
419 222
172 371
419 256
141 215
141 29
103 216
433 307
412 358
65 152
141 432
409 115
412 273
103 412
433 396
175 227
65 159
175 363
141 191
65 154
172 230
409 12
175 114
402 348
141 131
409 195
409 434
419 161
412 265
103 58
103 341
175 174
412 424
433 375
409 48
419 0
172 95
412 178
65 206
419 401
419 297
402 305
419 418
419 125
402 279
103 184
402 6
419 52
172 226
412 122
402 58
175 269
412 139
419 350
433 66
419 272
172 182
412 350
141 395
141 303
419 139
402 397
172 420
103 144
103 388
419 217
433 291
141 209
433 50
141 31
409 435
409 5
175 39
65 217
175 137
103 120
103 152
103 326
141 93
65 265
172 335
65 257
103 336
409 159
141 50
412 134
402 213
172 281
175 127
412 417
433 344
412 111
409 125
172 374
419 156
402 395
433 349
65 265
172 389
65 54
175 115
103 220
402 394
412 348
433 121
103 332
409 176
103 55
409 352
402 77
172 435
103 362
172 415
141 376
433 209
141 228
409 205
419 283
402 359
175 151
172 363
412 205
141 280
409 216
65 245
433 218
412 6
141 395
419 0
402 225
402 295
172 438
65 436
412 431
141 298
103 417
65 383
433 315
409 330
175 311
103 323
433 429
402 51
175 435
402 153
141 114
141 289
65 79
433 18
175 359
103 114
433 150
412 280
402 271
103 248
412 136
141 244
141 81
175 397
419 120
103 314
141 222
65 310
141 382
433 119
433 229
419 377
419 356
141 362
141 415
419 168
65 47
175 95
103 35
103 1
433 242
412 391
175 297
65 419
65 372
419 372
402 45
433 5
65 366
402 286
141 227
402 164
419 269
65 7
433 377
409 418
103 276
175 326
412 335
419 316
419 20
141 288
433 310
412 217
433 65
65 313
141 109
141 251
65 268
172 56
402 295
409 415
419 46
175 46
141 342
402 186
65 312
175 325
419 34
433 186
402 338
419 362
175 224
172 32
412 112
402 351
175 108
402 314
103 57
65 347
65 244
412 368
409 228
65 137
65 7
419 272
172 369
409 263
412 438
103 116
103 286
65 235
103 161
172 334
103 116
409 297
172 385
433 370
433 51
172 141
409 167
419 151
419 26
65 12
103 147
402 384
433 298
172 393
141 144
412 312
172 157
419 101
409 50
172 286
175 409
141 311
409 123
433 197
412 345
172 246
433 10
409 96
175 308
412 28
141 371
141 70
419 369
141 280
172 275
65 101
402 16
402 136
402 26
419 142
65 300
402 233
402 127
175 127
175 143
419 119
65 70
433 377
402 232
419 84
433 264
402 283
419 358
65 108
175 245
103 176
172 262
141 423
402 214
103 223
175 30
175 50
175 73
412 92
141 414
412 144
65 231
141 197
103 23
172 437
409 426
141 209
141 101
412 100
402 251
409 247
141 378
402 107
409 395
419 333
409 412
419 422
175 339
175 287
402 146
141 54
412 308
409 157
419 73
175 97
175 236
433 271
103 312
103 374
65 277
433 140
103 161
412 110
419 7
65 326
103 337
141 109
419 406
412 370
103 241
172 25
412 66
141 312
175 323
402 247
412 315
172 217
175 9
419 72
103 181
402 414
402 169
412 317
412 95
402 57
409 300
402 325
103 363
419 32
402 399
175 75
419 154
103 252
103 288
172 221
412 13
141 274
409 254
103 432
409 318
65 27
103 428
402 295
412 366
402 90
65 324
402 74
402 37
419 174
412 165
172 243
419 269
65 264
412 28
172 88
65 367
409 79
409 328
103 273
419 46
103 398
409 264
175 104
172 340
172 135
141 183
433 225
412 231
419 437
412 310
141 188
141 91
172 330
175 144
103 199
175 148
65 302
433 388
419 114
412 294
412 112
409 45
409 358
172 356
419 206
103 132
433 415
402 122
141 21
172 0
103 300
103 1
412 283
412 112
402 367
172 120
103 255
412 435
409 227
175 160
103 245
433 363
172 62
419 56
419 90
409 238
419 394
402 83
141 427
65 289
409 188
409 422
409 185
103 54
141 383
172 436
103 68
402 158
172 192
103 82
103 307
65 68
103 313
175 282
402 250
409 203
409 25
175 281
402 149
175 119
141 166
175 189
175 361
419 169
433 239
402 169
402 408
412 299
141 377
103 426
172 256
141 252
433 311
172 213
409 365
141 278
141 231
433 44
141 136
412 86
103 32
419 352
103 3
141 393
175 169
419 12
65 146
409 251
419 435
65 131
175 239
433 217
412 433
65 248
175 87
433 31
419 141
175 100
65 179
412 136
412 41
141 428
103 220
65 110
175 322
141 371
433 41
175 1
402 393
419 345
419 145
175 277
172 411
409 104
412 334
409 20
175 160
419 294
172 199
65 82
103 225
412 235
419 246
175 111
103 99
65 174
172 374
65 316
419 272
172 169
402 229
65 76
409 113
433 10
172 128
433 312
103 28
65 139
65 366
409 276
433 274
65 196
65 39
433 72
172 241
409 301
175 262
175 414
409 334
402 176
402 230
172 87
419 192
103 66
409 265
402 436
419 35
175 429
412 392
65 271
409 125
402 389
141 338
65 392
172 263
402 84
172 353
419 230
402 43
433 192
419 244
103 405
419 55
65 93
175 412
433 385
409 156
141 226
433 155
412 105
172 345
412 429
402 321
419 83
65 87
65 17
402 403
65 48
175 190
409 338
141 181
141 27
412 104
141 410
172 59
409 176
172 62
172 271
433 78
103 265
402 342
433 171
419 409
103 74
141 149
419 132
103 262
433 210
141 415
412 51
433 251
175 66
412 279
103 431
402 149
103 196
433 89
141 72
65 6
103 432
433 9
402 302
103 104
433 310
175 59
65 99
402 424
141 181
419 16
65 359
141 155
141 46
433 190
103 8
402 166
412 425
103 352
172 395
402 66
175 164
65 27
419 258
172 19
402 143
65 171
175 13
433 240
65 112
141 354
65 348
103 91
103 209
412 436
103 138
172 243
433 365
419 155
419 212
175 186
141 239
419 58
141 60
103 69
433 10
103 143
419 359
412 65
175 335
65 19
419 428
412 103
409 3
103 135
141 261
412 365
141 388
409 12
175 292
103 326
419 307
103 249
103 6
175 166
141 174
175 167
65 403
409 173
65 384
412 389
433 293
412 197
103 7
65 1
409 122
65 134
409 370
103 211
172 338
419 145
412 53
172 234
402 97
412 428
103 77
412 93
409 17
402 378
402 107
419 314
172 51
409 352
412 323
175 213
433 144
103 180
172 203
141 65
433 177
175 6
175 189
419 345
103 389
433 218
409 354
65 429
65 60
412 33
402 59
172 198
175 431
141 315
433 40
402 161
412 29
419 404
175 69
409 196
65 237
65 438
433 418
65 432
175 195
103 375
103 185
103 84
419 98
433 309
175 25
65 375
419 127
433 375
433 401
412 284
103 293
409 382
175 281
409 202
172 135
412 122
172 308
175 78
141 138
433 410
103 362
402 118
409 402
65 288
409 96
409 369
172 396
103 62
175 86
419 114
419 203
433 107
103 47
433 419
433 3
172 57
433 429
402 17
412 211
409 127
419 193
402 133
172 211
175 300
172 125
409 151
175 230
65 408
175 256
65 283
419 347
172 357
103 52
141 396
103 330
419 173
412 123
419 271
409 47
141 261
433 185
103 27
172 137
141 322
172 264
419 339
65 8
65 2
175 14
412 50
65 73
433 9
103 62
65 164
409 191
172 216
65 77
141 23
419 99
141 108
409 183
412 154
402 145
141 84
103 342
175 343
402 156
141 146
409 349
65 15
141 35
175 174
433 79
402 298
175 112
409 215
433 218
141 120
172 134
172 72
402 370
412 203
409 137
419 200
172 184
433 384
141 54
172 353
402 337
172 347
103 217
175 417
175 56
141 79
103 424
172 380
402 177
65 244
103 63
409 351
409 23
409 162
412 224
402 420
433 318
65 96
175 179
419 255
419 71
419 4
103 215
175 375
141 220
65 356
402 429
175 178
402 236
419 4
172 162
175 152
172 49
175 180
141 115
412 171
172 260
419 95
172 146
433 357
419 414
172 275
172 43
409 244
409 256
172 70
433 185
103 283
433 148
103 256
175 41
412 114
65 259
172 305
433 63
412 376
175 301
412 200
419 237
65 174
409 182
433 165
175 377
65 222
172 189
172 293
409 238
409 407
175 15
103 131
65 158
412 427
141 252
103 384
141 204
433 409
175 432
175 429
103 113
175 185
172 359
141 71
175 243
433 56
402 4
433 408
172 166
433 244
103 173
409 222
419 262
402 103
412 333
141 86
103 249
402 122
433 43
175 311
409 148
175 3
412 229
402 304
103 25
409 61
175 177
402 212
433 86
175 436
175 82
409 307
141 335
172 416
419 230
419 27
141 322
103 406
433 373
402 53
433 431
402 115
402 27
141 426
409 18
412 181
103 280
141 401
65 340
172 376
412 310
409 74
419 204
409 92
412 399
419 436
175 433
175 264
103 210
175 350
172 117
409 285
65 179
402 205
433 373
402 354
419 188
402 269
141 397
141 152
412 274
433 140
419 69
172 60
409 421
172 73
65 309
103 373
409 24
419 84
433 437
65 151
402 342
412 169
433 202
409 50
412 239
402 334
103 290
412 1
412 104
175 410
175 93
419 315
141 278
402 328
175 324
65 343
175 182
433 227
409 216
409 429
419 220
402 318
141 209
402 372
172 375
175 7
412 31
402 188
412 76
65 146
175 189
65 63
65 327
412 139
412 196
65 139
433 181
419 41
419 288
419 263
172 183
433 390
175 340
172 173
419 409
433 325
412 35
433 202
141 358
402 268
412 159
433 38
402 367
65 35
103 151
175 384
141 210
402 151
402 145
103 173
402 225
433 296
175 304
103 215
409 251
65 188
402 352
65 118
419 122
141 212
172 266
419 1
412 317
172 373
172 418
419 39
141 333
141 116
141 307
409 382
103 121
172 258
409 153
175 426
409 401
103 145
175 29
433 176
65 141
172 291
103 366
172 82
412 316
103 186
412 398
419 222
141 376
141 418
433 370
175 125
65 300
175 331
175 307
409 209
419 385
412 95
419 383
402 81
412 34
402 334
65 342
65 201
433 15
141 68
419 235
141 347
419 368
103 326
402 215
419 54
141 307
141 335
419 367
172 340
172 395
412 337
402 26
433 159
175 316
409 343
402 47
412 229
409 45
175 267
412 72
175 233
65 247
172 218
141 22
65 199
172 88
402 272
409 391
175 0
141 1
103 137
409 112
402 74
141 22
65 161
65 207
172 400
65 290
419 155
409 362
402 290
141 280
402 52
419 285
175 384
433 340
412 421
103 393
141 179
103 75
419 423
419 436
141 280
172 419
141 415
103 380
141 428
175 115
402 74
419 375
412 83
103 403
409 295
433 259
412 137
175 3
409 101
175 165
103 273
65 250
103 270
141 251
402 33
402 104
409 108
402 65
409 127
172 199
175 79
103 8
172 283
412 50
419 287
433 80
433 251
103 154
419 8
103 430
175 216
402 258
409 58
175 110
412 56
409 299
172 373
419 13
409 243
103 355
175 180
433 272
433 95
172 291
419 117
103 322
65 58
175 407
65 75
402 8
172 226
175 210
141 103
402 68
409 200
172 345
412 267
175 145
402 81
433 309
419 175
402 135
172 400
175 346
409 233
175 10
172 79
175 323
402 393
141 299
141 420
175 30
402 271
402 172
409 410
141 186
175 226
409 199
141 341
175 117
402 427
433 117
433 130
412 431
141 337
141 149
65 179
433 393
65 388
412 359
141 358
141 320
433 108
412 75
402 290
65 232
402 9
65 42
65 388
419 13
141 73
409 64
65 346
402 397
433 366
409 211
433 78
175 78
412 426
402 289
103 182
402 347
175 116
412 97
172 142
141 233
175 279
419 83
412 149
409 365
419 77
141 301
172 396
419 295
141 388
433 250
433 374
65 187
409 184
412 320
172 372
412 365
103 407
103 245
141 255
412 383
402 114
402 207
433 160
409 280
141 48
419 247
412 416
409 261
141 237
402 220
409 435
141 335
65 248
433 286
433 391
141 104
433 292
419 110
141 1
172 365
141 58
103 175
103 413
175 402
409 236
65 421
419 260
419 305
103 327
103 121
172 75
409 152
419 226
172 248
433 376
175 425
65 34
419 111
141 65
141 407
412 27
141 81
65 417
409 382
409 435
402 363
172 239
65 41
103 77
433 67
65 437
419 282
409 47
141 329
65 280
402 218
433 241
141 249
409 276
65 235
412 189
402 328
412 327
65 49
412 424
103 273
172 213
103 90
409 190
141 174
412 236
419 79
409 110
141 26
419 278
409 371
172 301
103 328
103 96
409 152
402 234
402 301
419 296
412 224
433 428
402 72
103 21
409 163
103 70
172 19
409 257
141 352
141 292
172 406
409 20
175 159
412 295
409 48
419 375
419 4
65 183
172 181
175 434
65 377
141 391
65 192
141 10
141 249
412 111
419 162
175 78
103 161
409 223
65 86
412 98
419 265
402 327
65 136
402 344
433 34
409 160
433 177
175 45
402 94
402 409
419 408
172 254
172 11
419 64
65 88
412 41
409 28
409 76
103 343
419 326
409 4
65 59
419 352
419 7
412 46
419 43
103 361
175 71
419 155
103 316
419 433
402 315
433 135
141 245
412 228
141 131
141 64
409 201
419 218
412 63
65 44
409 123
433 355
419 150
412 433
103 46
103 252
409 421
172 76
412 78
65 166
419 155
175 221
419 12
175 105
103 12
175 259
65 146
402 322
172 156
65 207
65 84
412 410
141 86
172 214
402 359
433 265
65 67
419 144
412 228
172 180
65 375
402 397
141 19
103 122
172 20
412 349
172 324
412 423
103 176
141 363
103 10
419 180
172 406
409 299
141 85
412 40
65 302
172 382
433 388
433 301
433 36
412 232
65 272
175 227
419 142
433 313
412 135
402 21
409 214
402 407
175 168
103 190
433 183
409 267
412 24
172 168
65 429
175 201
103 12
433 336
175 251
172 353
65 60
402 164
409 303
412 320
141 355
103 436
409 90
103 248
419 174
172 340
103 418
409 242
419 116
402 231
175 210
141 380
175 44
409 350
175 280
409 246
412 92
419 185
65 254
433 136
402 420
65 302
419 187
402 143
419 355
412 325
141 30
172 12
402 329
433 116
412 86
141 9
402 373
103 330
412 271
103 26
65 222
412 119
412 340
409 281
409 101
409 335
141 270
412 84
103 122
103 350
412 297
172 2
433 58
141 283
412 345
409 368
412 350
433 89
419 344
409 366
402 72
433 117
402 80
65 244
402 181
103 287
402 371
409 167
175 297
419 34
175 103
409 85
433 39
103 90
172 208
172 370
433 427
409 271
141 253
402 391
409 318
419 308
402 137
409 126
65 72
103 26
433 224
412 286
65 169
65 114
172 89
402 122
402 297
172 238
412 49
409 221
412 17
419 66
433 418
141 404
433 127
409 254
433 19
103 90
402 329
402 320
172 207
402 171
433 195
409 60
103 290
65 249
172 20
419 150
141 205
172 257
402 108
409 422
433 119
65 185
402 215
412 118
402 326
141 348
175 345
409 27
175 105
141 335
412 110
419 161
141 210
409 122
175 337
433 99
172 234
172 289
103 283
141 265
175 239
172 233
419 421
172 35
433 41
172 144
412 283
65 422
419 4
419 279
172 111
412 112
141 425
103 390
433 414
141 417
419 212
412 32
409 114
103 419
412 359
419 351
172 393
103 387
172 61
103 45
402 400
103 26
419 417
409 326
433 142
419 101
65 185
409 288
65 354
433 412
175 187
409 359
175 404
409 252
419 213
412 219
412 336
412 352
172 158
433 107
175 245
409 419
65 88
103 108
175 11
141 321
433 334
409 399
175 97
175 15
409 175
172 41
433 385
419 159
172 207
65 112
172 404
65 297
433 205
103 387
175 148
402 175
402 337
172 266
103 71
175 374
103 190
412 392
175 212
175 387
103 246
103 199
419 22
175 33
172 164
65 213
419 236
419 312
65 423
412 254
103 213
433 154
409 221
103 348
103 362
409 84
103 323
412 292
175 383
402 102
103 213
175 405
419 44
172 233
402 23
412 383
433 12
103 13
402 28
402 32
175 36
419 229
412 395
175 132
175 187
175 36
175 173
172 175
175 199
175 220
402 395
65 11
409 248
141 75
433 370
65 235
141 400
419 85
433 314
65 238
172 3
419 214
419 153
141 397
419 51
433 119
402 209
175 394
412 279
65 112
433 374
175 146
141 301
402 62
409 212
402 370
409 206
402 124
409 361
175 200
409 76
412 200
172 318
433 302
433 44
433 342
409 272
412 336
402 405
172 265
419 250
433 181
419 417
409 262
402 72
419 103
402 244
175 3
433 304
433 360
103 164
402 403
65 268
409 378
103 68
433 311
409 402
402 8
402 93
175 113
433 88
172 144
402 137
103 372
65 243
172 35
419 286
103 404
409 13
103 195
433 341
419 173
103 263
412 59
419 154
419 313
433 319
175 54
172 317
141 412
103 20
409 40
409 162
409 72
65 430
65 202
433 198
419 44
419 211
141 91
409 194
409 281
103 246
433 126
409 253
402 366
175 302
103 98
419 53
419 292
409 32
103 79
433 260
103 273
419 338
141 11
419 355
433 136
175 125
141 75
419 136
409 291
65 264
409 332
412 321
103 29
433 364
402 305
141 336
175 64
172 409
175 259
409 248
172 275
103 342
433 203
103 256
419 422
419 346
402 361
141 247
175 369
175 322
409 332
409 305
402 184
412 226
175 42
175 361
65 129
412 91
419 203
433 243
172 31
412 315
103 208
141 31
409 187
433 197
409 253
65 43
419 327
402 159
141 15
402 16
172 97
175 15
419 27
141 159
103 300
412 10
409 144
402 319
409 64
412 142
419 270
175 69
433 425
65 320
419 118
419 423
419 204
412 319
419 64
65 324
103 106
412 305
141 46
141 61
409 335
433 95
402 254
65 421
65 419
65 215
172 312
141 76
65 162
412 409
419 208
65 185
172 332
409 305
409 8
402 118
419 123
103 130
65 173
409 141
141 76
433 95
172 105
412 9
103 326
65 22
402 317
402 357
412 402
172 250
141 54
103 359
141 268
402 338
412 437
402 80
141 359
65 332
433 203
419 211
433 388
172 52
103 402
412 295
103 48
172 401
433 168
402 197
141 350
409 21
141 40
175 200
175 283
103 21
402 114
141 271
172 201
412 435
172 357
103 236
433 423
419 110
419 40
175 57
433 11
141 351
402 414
402 128
419 113
141 383
141 267
402 421
172 426
409 161
402 270
412 344
141 356
433 256
419 305
419 108
409 13
172 120
141 325
419 371
402 59
175 189
409 23
409 282
409 176
419 211
433 316
141 41
402 134
433 242
141 350
433 56
419 406
103 67
409 165
172 139
412 163
175 14
402 139
175 51
65 418
419 420
433 147
141 230
175 307
141 183
172 267
175 92
433 401
433 102
409 306
175 292
409 92
175 163
433 414
433 10
433 122
419 394
402 55
103 307
175 313
433 431
409 58
409 105
65 27
65 420
65 43
65 5
141 428
141 350
402 266
409 401
409 438
402 96
65 252
141 302
175 184
409 358
172 270
433 377
103 424
175 288
175 356
402 326
65 365
409 111
172 116
103 69
412 387
65 28
419 312
402 39
141 119
412 272
172 355
65 425
412 112
172 45
419 145
103 28
412 40
409 176
65 25
172 121
409 425
175 39
419 297
175 43
172 242
402 364
419 92
172 27
409 288
141 85
409 343
412 65
402 381
409 183
172 239
409 52
65 248
402 200
175 15
175 388
412 52
175 166
419 97
412 131
419 102
141 243
409 234
412 112
409 242
433 266
175 200
141 247
172 299
103 412
172 312
433 147
65 83
433 137
412 403
175 68
419 399
419 369
433 405
412 255
419 93
141 204
402 163
172 246
175 302
419 13
409 236
419 150
433 104
412 323
412 409
419 271
419 303
172 401
175 112
65 350
433 275
65 260
409 63
402 159
402 377
419 412
65 336
419 253
433 294
433 327
409 275
65 402
103 382
172 322
141 381
65 294
409 17
65 162
402 322
412 382
419 390
412 315
409 33
65 400
419 379
433 30
409 230
141 279
65 333
433 152
412 254
402 9
433 57
65 398
172 34
402 366
103 50
65 106
412 234
172 242
412 113
412 232
433 142
103 87
172 261
433 86
409 423
103 352
175 305
412 261
141 71
141 96
402 268
412 346
103 97
103 286
175 160
172 288
419 105
419 272
65 321
433 70
409 316
412 20
103 0
175 8
402 366
141 420
65 3
419 11
433 124
103 222
402 317
433 370
433 256
172 33
141 285
433 387
419 27
103 7
419 305
103 436
419 316
419 315
175 105
172 155
175 162
65 14
412 106
419 73
65 219
175 342
65 303
412 21
141 361
172 245
175 116
103 215
412 120
419 137
103 148
402 281
65 90
65 138
433 119
402 6
103 330
433 427
172 241
409 318
402 1
419 190
409 240
172 153
141 288
141 38
175 258
103 268
433 303
412 201
409 280
65 276
419 438
172 81
409 264
65 338
433 122
172 242
175 171
141 194
175 60
172 309
409 417
419 67
419 405
433 340
409 239
103 400
402 138
419 70
65 256
433 261
412 236
433 112
172 374
433 352
103 101
402 168
141 321
172 192
409 240
65 246
172 18
402 199
141 211
433 344
412 359
65 78
402 403
172 164
433 281
65 148
419 121
412 37
412 314
141 311
103 332
409 263
433 286
141 2
172 99
103 190
433 69
172 89
172 286
103 145
175 77
402 428
419 396
65 262
65 206
419 265
141 171
409 258
419 26
141 270
433 316
419 88
103 9
419 152
65 23
433 420
402 347
402 198
141 414
419 69
141 352
175 243
409 379
65 320
175 1
103 312
65 396
175 366
141 256
172 19
409 78
402 282
103 276
402 173
412 347
65 372
141 296
402 324
433 201
412 18
103 191
175 359
65 27
433 195
175 287
402 254
172 380
65 170
175 203
141 251
433 421
141 122
175 438
175 235
402 98
141 278
65 199
402 280
419 1
433 220
172 101
433 199
141 256
409 299
409 137
433 46
175 125
433 205
433 166
402 54
172 51
419 144
433 331
172 229
103 150
412 24
409 221
175 69
419 386
172 63
141 6
141 157
419 154
412 423
409 94
175 363
433 179
141 105
412 98
65 435
172 178
65 246
65 102
175 103
141 384
141 137
419 312
103 158
141 17
412 343
409 436
65 167
433 193
412 159
141 222
402 390
402 329
412 155
175 263
141 291
433 398
141 331
412 322
409 259
412 193
172 428
175 27
402 314
172 29
419 80
103 306
175 311
433 359
412 297
433 37
172 395
402 384
175 205
103 330
65 327
419 428
172 68
141 346
409 373
419 277
103 309
141 298
103 31
433 320
65 131
175 121
412 43
141 333
412 85
103 247
412 357
172 165
175 23
103 331
409 235
412 267
419 260
141 100
172 247
65 86
65 49
175 291
412 48
402 364
141 23
141 419
402 234
172 56
419 251
175 59
103 268
65 271
65 306
402 350
419 318
412 327
409 121
409 260
409 226
141 178
402 236
65 2
412 433
141 400
412 137
141 246
402 38
65 386
433 18
412 61
419 196
409 308
141 386
172 123
175 291
141 137
65 405
65 257
433 177
175 200
141 339
412 310
175 67
172 267
175 427
141 107
433 4
402 423
141 359
409 156
412 171
409 91
402 317
103 228
175 91
412 196
65 330
433 135
419 7
103 100
419 104
402 225
175 344
175 115
409 84
141 328
409 242
419 206
172 139
175 74
65 274
402 182
419 169
409 308
402 87
141 105
141 190
103 375
433 292
172 40
419 194
409 345
175 3
433 137
175 421
402 418
412 287
172 227
65 386
402 151
402 92
412 374
65 295
141 37
103 211
65 189
172 345
419 328
141 64
412 388
419 65
412 39
175 144
412 105
412 243
419 82
65 29
103 116
412 375
65 101
172 337
402 115
412 109
433 436
103 59
409 49
175 74
419 156
141 30
141 105
433 3
175 224
402 77
141 160
65 380
175 3
175 104
103 205
172 255
65 266
412 373
419 343
65 322
409 368
409 185
172 189
172 246
402 188
402 281
172 228
402 235
172 343
141 385
433 84
65 385
402 81
402 269
175 215
412 259
175 121
433 418
409 373
65 155
103 254
433 199
402 150
433 311
141 279
103 320
412 240
65 230
409 187
141 202
419 319
65 26
412 35
175 92
419 166
402 340
409 376
409 430
175 191
141 75
419 207
172 425
103 334
402 283
175 127
103 258
402 42
419 158
103 190
433 408
172 100
409 268
175 64
141 428
103 69
409 205
141 43
409 142
419 426
65 423
103 249
419 65
172 399
409 141
419 340
402 157
65 285
409 149
402 70
141 302
103 83
175 256
412 173
433 220
172 216
65 302
419 277
419 20
402 393
402 70
433 411
409 388
65 88
172 111
141 263
433 432
172 14
141 381
172 104
172 215
103 189
412 122
402 160
65 351
103 330
412 313
172 7
175 226
433 304
141 242
65 78
65 130
412 50
402 273
409 8
433 344
419 254
419 257
412 117
409 297
402 206
103 152
433 115
433 378
141 86
409 153
103 187
65 206
141 417
172 180
65 167
433 252
409 96
141 418
141 138
412 267
65 5
412 340
402 68
172 97
402 12
141 197
402 412
412 396
409 401
433 286
433 409
433 272
141 134
402 170
65 174
412 211
412 58
409 245
141 149
402 408
103 141
172 91
103 214
103 163
402 350
141 132
65 162
175 388
433 203
65 237
141 54
175 126
175 200
141 155
65 180
103 261
419 91
175 3
402 340
65 54
103 312
175 300
419 387
412 53
175 379
65 176
175 275
172 381
409 333
433 428
65 96
175 204
433 356
103 208
65 113
433 141
65 3
409 149
412 333
419 304
141 305
409 119
419 70
172 165
409 184
141 50
175 286
141 196
141 215
402 174
409 220
409 152
409 2
175 260
172 389
172 322
103 203
402 222
172 226
419 213
433 257
402 260
65 279
412 242
175 48
65 263
103 428
103 217
412 391
409 62
141 54
65 393
65 433
402 315
141 265
402 175
103 188
433 419
412 146
433 244
419 229
412 40
412 272
103 41
402 43
402 83
433 231
65 107
141 248
433 273
172 293
412 330
65 427
409 6
141 0
172 190
409 366
103 222
412 11
433 267
409 241
419 349
103 324
419 422
409 140
409 104
175 416
141 208
103 258
103 349
433 120
172 31
175 368
103 58
412 243
433 410
433 331
172 81
409 311
433 295
103 208
402 309
409 313
412 395
65 219
412 111
419 171
419 140
103 97
402 214
412 400
65 283
409 320
65 61
65 12
103 58
419 205
65 335
172 156
172 358
412 119
175 307
103 319
65 143
433 210
433 1
433 415
103 217
103 391
409 194
65 261
172 433
172 372
65 323
412 255
409 32
175 284
409 302
409 134
433 326
433 218
433 109
141 188
65 205
103 4
402 129
141 57
433 229
402 145
433 68
141 197
412 341
409 422
409 268
433 215
172 423
419 126
175 242
175 289
433 355
172 53
433 368
141 219
433 113
402 131
412 83
433 275
402 186
402 437
402 42
412 354
419 95
172 409
402 254
141 392
103 239
412 139
141 68
412 351
103 349
419 116
412 272
65 257
65 274
65 274
402 237
141 250
141 334
172 396
65 18
175 63
172 107
433 284
412 371
409 62
103 321
412 390
433 359
103 219
402 355
409 357
103 173
402 4
172 42
409 263
175 99
419 256
141 387
409 335
412 238
172 381
65 434
412 39
402 58
65 431
175 281
65 75
412 344
103 86
175 41
175 161
175 205
409 134
175 237
103 304
402 331
412 253
419 418
402 361
65 369
175 334
103 16
172 183
65 306
409 215
402 31
175 332
409 343
409 179
419 4
402 326
409 16
141 242
103 397
402 359
419 292
103 206
409 305
412 216
402 199
172 150
141 64
103 253
65 66
419 82
175 381
409 222
103 62
409 412
172 286
65 379
402 35
141 174
402 187
419 332
175 121
65 51
433 411
175 75
419 122
419 52
409 11
172 38
409 174
402 369
65 7
402 255
65 391
433 254
65 241
65 80
103 337
141 47
103 42
433 37
419 36
419 205
103 253
433 437
172 221
409 433
172 338
409 105
103 418
103 47
65 270
175 373
419 389
433 379
402 353
175 173
402 40
402 41
103 114
175 362
172 228
141 31
412 383
412 220
402 92
419 383
419 48
433 106
172 325
65 143
141 264
65 119
433 85
433 399
412 243
409 385
419 396
172 314
402 121
103 13
419 162
141 34
412 48
103 76
402 437
103 11
402 64
103 61
409 56
175 333
402 435
141 427
412 173
175 122
103 152
172 119
172 67
433 240
409 284
141 31
409 199
103 335
172 127
409 389
175 68
65 193
433 32
65 286
141 401
409 329
65 131
433 191
65 51
419 401
175 126
141 241
172 63
141 263
175 185
65 343
175 187
433 207
103 162
402 85
412 247
65 343
172 185
402 76
65 346
409 184
172 62
175 96
65 374
141 304
402 308
402 29
402 365
402 248
65 300
65 276
402 304
402 311
402 163
433 419
402 272
402 335
402 93
175 432
409 350
412 227
412 301
409 111
172 252
409 92
412 35
409 233
141 218
412 344
103 22
412 139
433 7
412 37
409 223
175 246
175 425
419 407
409 80
402 172
402 344
172 101
65 115
409 81
172 265
172 224
103 405
409 351
65 208
433 380
65 124
433 154
412 33
172 395
103 406
419 306
103 304
412 274
419 98
433 216
172 40
412 356
409 404
103 284
175 185
433 243
141 106
402 67
433 58
412 35
103 223
433 140
172 368
172 264
141 83
412 281
141 34
141 263
402 228
433 330
103 22
103 18
172 426
409 205
172 50
412 264
419 384
141 74
412 24
419 113
419 172
433 203
175 132
433 185
175 151
65 128
409 301
141 179
409 367
419 313
409 400
402 351
402 92
141 153
433 228
419 162
402 24
103 224
141 208
412 325
141 313
412 242
409 232
175 33
409 86
419 202
175 266
141 307
402 260
175 145
419 173
402 38
172 136
65 398
65 343
409 214
412 237
103 36
433 32
409 184
412 35
409 151
419 215
412 137
402 323
103 193
419 182
419 4
172 41
412 218
412 72
409 72
402 228
412 294
433 66
409 357
141 204
412 86
412 170
103 270
65 214
175 234
175 299
172 81
412 25
412 110
412 316
141 350
141 54
172 414
419 402
141 230
433 261
141 52
433 413
65 280
409 428
409 11
433 38
433 424
402 113
419 392
419 314
412 176
175 153
175 322
402 262
141 58
175 249
141 116
103 236
172 388
419 40
402 427
419 6
175 173
412 111
402 368
175 159
103 416
419 18
412 236
402 66
65 246
141 137
419 395
412 19
433 133
175 358
172 341
65 115
409 240
103 74
172 19
65 438
175 253
409 167
433 174
402 331
141 54
402 319
412 64
433 419
172 411
419 60
172 415
402 272
141 26
141 408
402 420
141 374
402 410
172 317
103 307
141 306
402 31
175 154
412 236
65 378
172 43
409 219
103 307
141 301
433 189
172 66
419 358
409 6
402 206
172 188
65 59
419 68
419 217
419 316
419 134
65 67
175 195
419 322
103 393
409 161
419 226
409 261
175 96
103 424
65 309
172 239
412 53
65 433
65 361
172 305
419 116
419 189
433 8
65 262
402 277
65 88
409 155
433 317
172 415
103 166
172 286
409 344
402 53
412 1
175 217
172 299
175 434
419 268
172 267
141 112
65 310
402 110
103 423
402 68
412 3
141 437
433 72
419 386
402 50
65 413
103 145
141 40
402 295
175 187
141 0
419 232
175 321
141 161
65 362
172 149
412 159
65 296
65 294
141 344
65 116
433 100
433 184
175 407
409 45
409 161
402 293
103 228
141 300
412 195
412 315
65 59
409 285
172 261
412 354
402 365
175 13
103 279
402 141
412 366
433 179
65 45
409 22
141 258
172 150
409 196
409 105
419 179
103 301
433 435
103 81
409 374
433 47
419 61
103 182
402 277
65 187
419 137
172 101
402 214
65 129
402 3
433 298
103 401
412 158
175 263
412 161
419 431
433 313
409 164
141 229
175 41
65 356
175 77
172 160
402 381
433 338
433 300
172 372
65 71
419 342
103 171
141 17
172 220
103 198
433 143
172 305
433 36
103 99
103 193
409 230
141 159
409 246
419 86
433 357
409 232
402 220
141 18
402 358
409 47
141 277
433 345
409 187
402 307
402 233
412 278
433 50
172 282
433 113
402 188
402 343
65 204
412 340
65 311
175 229
141 229
141 196
65 382
141 207
402 325
65 0
172 165
141 4
409 170
141 52
175 431
412 256
412 438
419 48
172 191
172 13
103 228
103 126
172 218
433 236
412 46
402 215
172 434
412 219
65 290
402 411
172 411
141 93
103 413
103 257
402 357
433 117
412 166
65 151
433 182
172 208
172 128
419 359
409 50
175 141
172 168
409 369
433 90
103 251
65 284
172 40
419 300
175 367
175 83
141 94
103 370
172 136
175 63
433 254
172 35
409 118
141 129
172 164
402 183
175 387
172 70
141 160
409 52
172 280
103 215
65 121
419 362
141 266
412 418
141 81
175 84
402 238
175 52
65 303
65 187
402 141
65 390
419 403
409 227
103 13
412 368
402 386
402 252
172 131
412 345
433 425
419 85
103 433
65 429
172 266
172 91
402 434
402 271
175 67
103 67
175 373
172 422
402 328
65 404
172 409
409 52
65 153
141 161
433 223
409 276
65 282
103 34
419 227
175 28
409 349
141 350
103 326
65 430
412 394
409 149
175 135
175 283
433 189
172 53
409 370
419 246
433 403
433 415
103 7
65 395
103 374
172 247
419 316
433 437
433 414
141 128
419 343
172 200
433 368
402 408
433 1
103 115
175 333
141 283
402 137
409 228
65 52
103 233
409 407
419 223
402 26
402 411
103 23
172 341
409 92
433 190
412 408
103 56
141 15
409 20
412 175
172 103
65 428
433 109
175 38
402 164
402 140
65 334
175 386
172 211
433 107
419 370
141 24
409 53
419 396
433 162
172 63
433 162
65 45
103 338
433 245
141 393
65 385
402 75
412 199
402 253
175 68
103 125
65 293
412 418
433 366
172 36
141 66
402 169
141 120
172 313
65 289
402 98
175 325
433 293
412 182
409 255
172 239
141 410
419 137
103 416
141 360
141 140
409 27
409 321
419 400
412 187
172 274
141 374
433 153
402 42
409 10
65 207
419 51
103 31
103 60
433 6
433 172
412 63
402 301
172 289
433 182
175 244
412 360
172 242
175 134
412 263
65 253
412 284
141 270
103 169
175 305
412 303
402 158
402 2
175 378
433 423
172 370
409 145
412 257
419 317
65 32
409 286
402 227
175 80
175 338
433 161
172 262
172 402
412 280
433 48
402 47
433 306
419 295
103 266
419 133
65 251
141 197
175 146
141 406
402 274
409 300
103 432
65 218
103 233
175 278
402 3
175 351
412 233
141 105
65 36
175 420
419 391
433 29
412 301
103 352
65 53
412 319
409 47
409 112
172 173
65 368
433 290
65 183
103 399
409 410
172 295
409 427
412 135
141 377
175 423
409 129
433 290
433 85
65 297
172 63
175 425
175 70
409 149
65 400
402 353
433 51
409 82
103 191
172 108
103 73
409 119
419 337
103 312
412 21
433 330
175 346
65 314
175 363
412 358
65 365
402 428
103 359
65 285
141 45
409 219
419 45
419 169
103 42
433 64
419 338
65 5
419 276
103 411
65 372
175 39
65 79
141 318
141 190
175 435
409 396
419 14
402 424
402 366
433 327
412 293
402 340
141 279
175 45
433 44
409 310
103 437
433 201
402 291
65 276
402 237
175 50
402 228
103 69
65 432
103 147
409 326
409 347
172 27
141 136
409 357
141 11
412 38
402 42
103 92
409 128
402 5
412 315
103 108
402 18
103 228
65 236
409 176
141 307
175 178
141 331
433 223
402 132
419 358
409 119
141 385
402 58
65 69
65 276
172 381
412 80
65 203
65 150
141 424
433 188
433 92
175 361
402 77
433 15
175 345
103 325
412 130
65 412
175 123
412 392
419 217
103 157
65 379
65 197
172 244
175 145
175 142
172 407
172 292
141 377
402 243
402 311
433 277
419 335
412 343
412 33
65 47
175 359
141 170
409 222
433 382
419 39
433 85
141 155
419 133
141 62
419 325
402 381
103 148
402 236
141 304
65 79
433 395
172 406
433 319
409 38
65 27
172 342
103 175
402 80
419 269
419 194
409 18
65 208
412 330
402 301
409 82
419 339
172 290
172 184
141 189
141 181
141 23
65 118
141 249
65 2
412 4
412 101
433 75
172 78
402 361
412 91
141 424
175 173
141 222
65 238
419 259
175 257
175 96
175 188
172 382
103 302
402 353
103 82
65 340
412 283
141 283
141 349
103 261
433 183
412 40
419 63
175 221
65 81
409 80
141 269
172 299
409 438
103 202
433 382
419 364
412 246
175 75
175 397
103 349
141 92
419 82
175 379
175 219
103 274
433 334
433 157
65 105
141 77
409 422
419 137
141 165
409 131
412 159
103 148
172 418
419 435
409 39
433 434
409 9
172 275
141 126
103 409
409 325
141 407
402 182
172 239
141 228
433 13
103 43
103 130
175 69
402 89
103 221
419 215
402 233
65 337
419 222
412 62
175 349
175 204
433 44
103 261
65 102
175 312
412 303
412 23
419 272
172 59
172 217
412 187
103 325
433 413
175 230
175 31
419 50
409 154
402 299
409 273
402 65
141 234
175 379
103 253
402 60
65 16
409 318
433 260
65 23
433 182
412 75
65 19
103 315
172 26
412 218
103 345
412 250
402 255
172 62
419 54
172 309
409 76
412 234
65 186
409 31
172 74
402 266
409 20
172 219
402 287
65 160
433 285
409 155
65 114
65 36
65 144
103 411
419 403
419 275
419 245
412 58
402 175
103 93
65 64
172 162
175 249
175 178
172 82
409 202
175 110
433 301
175 206
419 242
103 378
433 44
103 79
172 177
141 184
175 429
412 95
419 227
409 308
402 322
409 238
433 234
65 120
419 32
412 138
172 197
412 253
65 19
433 267
409 35
419 300
412 327
103 188
141 230
419 25
419 348
172 121
65 426
419 435
419 358
402 320
141 33
65 12
402 327
65 230
103 2
103 34
103 297
141 359
409 267
175 89
433 329
103 424
412 238
419 26
103 264
175 30
141 14
433 116
412 415
141 337
172 34
412 5
103 316
65 435
141 73
412 22
412 138
175 51
172 59
175 50
65 301
433 349
103 272
172 45
419 366
103 231
409 28
402 139
175 415
419 114
412 407
65 247
103 325
412 396
409 236
433 72
412 54
172 153
65 316
412 338
172 246
172 240
409 347
433 397
141 295
419 44
419 152
433 196
175 128
433 185
103 155
409 44
172 318
419 30
409 189
433 43
141 25
412 79
412 165
172 354
433 62
103 406
419 224
433 408
175 307
419 122
103 314
419 128
409 158
419 420
141 248
402 400
419 336
175 143
175 324
65 341
103 207
175 408
433 55
172 304
433 318
65 359
419 11
103 138
412 25
141 325
409 181
141 340
141 120
172 308
175 53
103 113
175 67
433 198
419 428
175 32
409 120
103 2
65 198
409 348
433 287
409 270
103 263
402 195
412 61
433 96
103 125
141 430
402 344
65 36
409 214
419 259
412 114
402 111
419 363
419 24
65 191
103 196
412 84
175 266
409 140
433 234
412 165
409 80
172 148
419 1
419 272
172 307
103 177
65 437
175 29
419 380
65 261
419 167
65 47
433 290
141 9
141 25
433 87
433 296
65 348
175 236
419 71
172 145
141 197
402 121
402 65
103 153
402 109
65 48
402 70
103 180
175 233
419 89
141 313
141 388
402 122
65 395
433 426
141 247
412 3
412 405
412 67
409 83
65 72
402 154
172 405
412 278
409 266
402 20
172 191
103 293
409 202
141 6
419 385
409 135
65 340
402 85
141 145
175 329
409 34
433 200
409 208
172 313
141 51
175 79
141 215
433 209
433 146
419 237
419 270
175 186
103 54
419 148
175 241
419 10
433 356
409 125
65 62
412 38
409 164
172 275
103 43
175 31
412 438
402 377
412 395
65 366
65 57
409 73
402 415
433 92
419 317
103 61
409 101
65 159
175 92
433 53
402 15
141 207
402 115
141 220
65 210
402 303
103 312
402 172
65 158
419 209
412 56
402 281
433 234
175 184
433 431
172 43
402 303
412 254
175 189
103 124
141 316
175 95
402 369
412 33
412 145
175 217
433 264
175 121
175 391
409 436
141 29
103 37
409 76
65 237
141 435
65 133
409 264
419 203
409 5
141 24
172 169
433 385
419 405
409 225
172 409
103 273
141 21
402 266
409 419
172 48
175 335
175 100
103 147
412 172
402 368
433 323
402 334
65 35
409 391
402 117
175 305
412 398
175 157
409 327
402 263
419 81
419 364
419 22
402 265
103 424
103 189
141 40
402 431
172 274
412 15
103 437
419 406
402 245
103 23
175 345
412 111
175 432
419 176
172 82
402 219
65 119
175 377
409 91
65 45
103 153
412 315
172 298
172 136
419 406
172 415
409 222
412 45
402 165
409 350
65 94
412 159
175 435
419 157
175 259
409 113
65 408
433 338
419 428
175 393
409 350
103 152
402 136
172 42
141 368
175 153
409 417
402 346
409 412
175 16
65 94
175 62
175 327
433 318
103 382
175 60
141 36
419 258
175 197
65 155
103 304
412 214
65 170
172 64
141 35
409 163
412 0
65 398
172 256
65 357
141 22
419 325
433 273
103 207
141 371
141 334
412 161
409 48
419 250
103 434
172 281
409 287
175 199
103 202
433 131
433 238
141 199
65 396
419 129
409 281
175 93
433 311
103 307
141 235
141 7
172 242
419 102
175 83
433 210
419 112
419 78
175 393
412 243
409 124
412 145
433 126
409 132
419 426
172 405
172 8
141 424
433 366
175 349
65 162
412 40
103 379
402 261
103 250
65 218
103 146
141 187
172 416
141 178
433 414
412 292
409 354
172 175
402 127
402 165
141 304
433 117
412 145
412 401
433 212
65 306
141 289
141 317
433 325
412 14
402 243
433 340
141 210
402 261
412 413
175 84
103 12
65 377
433 390
402 120
412 73
103 115
433 393
409 289
433 268
419 386
433 308
419 404
419 95
402 409
141 279
175 101
433 350
175 193
409 148
402 234
103 50
412 174
175 306
409 369
65 320
419 78
433 345
141 374
141 410
65 361
175 437
402 285
65 272
103 258
409 428
172 215
402 401
433 408
412 336
433 105
409 254
175 83
409 173
65 301
65 343
172 35
419 1
419 406
175 320
412 11
141 148
409 359
172 155
412 430
103 419
172 294
412 341
141 420
419 176
433 228
433 206
419 393
172 90
409 161
402 315
141 278
103 153
103 188
402 355
433 107
419 351
175 200
419 136
412 47
103 97
103 61
402 21
402 327
412 182
412 148
65 78
402 432
412 49
141 375
141 66
103 433
65 419
175 66
409 244
65 422
141 102
433 68
103 176
402 165
409 201
412 142
433 173
65 401
402 27
65 17
409 5
172 215
402 316
419 431
433 38
402 363
433 50
141 211
402 415
175 242
103 75
419 0
433 5
409 279
419 79
175 218
65 306
175 343
402 195
65 220
419 154
103 408
409 211
433 320
103 90
402 136
419 168
175 246
419 136
433 305
409 230
103 54
