447 2025 1453
423 393 131
50 401 598
342 237 480
404 310 696
338 332 690
396 177 171
46 343 147
418 139 982
397 50 348
438 223 861
143 79 210
305 316 134
124 185 160
129 183 76
308 206 538
396 32 842
131 314 808
376 34 256
427 396 375
9 425 580
261 308 861
156 5 498
152 280 948
170 290 90
382 223 966
237 361 982
35 441 84
318 165 240
345 200 950
245 355 190
46 37 475
111 104 752
35 333 295
207 290 170
350 204 566
283 304 8
421 32 440
404 41 58
24 250 893
445 47 596
96 217 162
259 185 836
233 268 552
234 265 45
113 228 620
421 153 941
339 77 535
337 7 928
26 158 792
63 258 629
139 268 639
30 246 590
385 423 58
128 257 42
28 376 10
434 187 954
212 225 108
375 274 321
24 350 916
318 21 720
168 366 25
303 144 450
82 179 712
401 323 852
439 273 956
355 390 743
258 120 693
170 69 245
111 38 124
156 308 767
279 341 838
189 171 833
33 394 159
278 144 252
186 399 531
271 56 527
228 206 915
53 129 443
416 272 912
268 251 666
108 210 15
8 183 213
403 129 291
245 101 729
190 391 369
270 422 656
66 327 427
35 65 106
376 176 665
411 316 788
250 331 920
403 204 992
418 390 967
276 33 121
104 444 458
228 204 974
325 399 77
281 433 362
51 359 239
132 216 974
403 12 290
100 19 55
330 281 841
348 38 404
420 55 245
293 120 584
18 139 654
197 344 804
184 52 998
315 136 335
312 53 280
404 218 588
231 156 759
94 90 521
270 375 959
221 423 352
343 40 659
127 203 267
185 174 418
222 42 657
342 134 446
141 285 420
411 20 973
364 59 476
22 137 51
90 372 324
260 237 124
344 91 264
410 110 364
221 37 861
25 334 910
242 426 165
7 14 57
45 300 175
24 85 299
59 400 903
310 383 731
141 22 992
276 124 849
415 138 660
13 327 37
96 70 26
236 77 750
264 134 177
361 411 276
71 398 798
323 194 392
113 141 343
287 281 117
64 42 217
313 236 456
222 132 688
440 386 724
192 391 550
426 397 217
215 121 885
97 322 266
174 257 898
174 264 796
111 361 894
59 25 902
288 249 247
363 128 486
38 242 609
443 261 428
277 23 82
102 237 727
436 413 507
344 165 947
59 160 567
20 213 302
372 254 630
21 149 6
52 268 499
50 225 781
434 320 733
284 397 240
86 372 935
25 84 287
219 169 506
276 432 870
277 393 617
72 56 569
400 382 75
14 296 911
107 150 803
110 198 990
224 322 811
366 29 502
260 98 575
433 56 809
365 172 611
377 317 800
86 18 153
78 158 245
241 366 740
98 304 136
72 397 839
405 38 962
146 50 313
263 68 308
300 424 117
352 10 647
221 65 593
325 333 476
257 399 132
343 34 630
376 103 150
153 73 563
305 185 233
120 76 733
441 226 990
88 317 150
228 433 817
120 237 392
178 412 903
47 237 787
245 325 581
193 291 253
18 397 675
360 193 450
320 258 943
230 426 804
277 368 982
49 202 797
309 411 462
112 50 996
158 19 848
308 277 297
183 167 46
15 54 406
102 234 566
278 17 829
112 290 358
322 89 606
207 81 552
301 208 249
119 169 189
132 186 345
421 107 723
271 43 303
398 433 4
246 69 115
39 394 91
292 94 262
367 420 100
412 422 52
188 41 483
332 266 542
443 359 665
64 128 140
47 213 432
201 52 980
150 108 620
327 296 993
21 349 356
442 174 328
306 346 824
101 312 57
401 202 691
4 236 400
336 98 108
431 212 286
5 253 372
380 352 843
382 281 288
105 348 191
250 64 236
350 201 245
287 25 829
136 29 652
308 180 517
437 275 873
122 229 601
229 352 276
274 25 854
154 203 382
78 144 843
102 300 832
443 227 867
405 167 672
283 306 283
319 172 809
19 187 257
41 153 247
184 272 301
250 225 994
399 59 310
68 318 99
413 417 846
355 303 288
434 248 378
27 131 902
235 116 946
220 85 472
162 324 25
133 294 759
244 3 681
285 399 254
310 290 334
99 67 124
436 224 91
314 247 119
66 294 177
68 317 292
61 240 692
286 64 164
153 364 510
388 222 802
280 402 72
368 366 656
361 163 753
331 49 220
17 225 713
417 55 419
160 124 375
340 275 85
422 263 991
69 349 958
135 414 364
397 163 877
367 283 34
94 202 286
176 82 679
420 424 935
118 330 125
264 263 434
110 95 554
170 381 791
160 112 391
337 423 686
89 318 581
37 263 554
164 183 278
430 2 418
124 260 853
183 299 651
49 211 892
121 219 811
442 275 308
295 168 346
430 55 350
199 98 525
153 74 884
431 181 105
226 340 57
75 235 669
178 90 921
148 213 232
224 233 902
339 399 433
366 328 650
161 15 955
90 239 886
253 389 819
39 199 379
381 351 364
411 188 787
9 284 497
346 262 103
395 444 898
322 77 922
329 326 748
26 19 141
312 296 257
100 229 727
312 352 248
160 278 788
445 96 497
374 90 881
440 220 94
159 264 4
379 50 418
153 120 931
415 124 889
141 93 978
186 239 4
42 50 888
417 197 357
339 117 467
12 42 650
9 345 14
336 337 402
219 170 623
259 415 433
52 66 633
93 218 144
14 408 514
374 397 616
299 129 580
247 201 601
201 351 113
416 83 183
174 218 650
63 312 473
348 46 648
133 26 731
96 43 840
84 347 151
322 267 138
259 371 768
304 393 658
221 207 56
233 10 52
223 387 665
365 65 447
141 195 126
91 350 4
184 2 804
344 225 543
12 444 772
387 157 350
282 358 107
371 337 60
152 69 611
223 48 587
14 37 187
348 153 63
125 24 378
403 269 72
351 27 733
233 96 445
249 141 841
51 21 394
334 56 989
27 62 276
78 352 245
298 275 379
417 122 487
274 251 108
348 397 278
325 58 302
408 446 674
368 170 25
65 283 407
57 415 665
390 212 330
428 204 961
63 218 239
410 233 654
363 123 524
181 76 469
393 20 238
334 273 183
417 39 545
178 265 493
13 372 382
335 135 976
395 80 537
223 232 712
26 202 210
302 335 315
232 312 110
323 83 810
332 19 656
164 357 448
2 101 313
425 424 946
118 51 317
151 112 321
206 39 275
132 438 927
203 141 861
425 47 481
29 400 794
151 208 778
425 138 180
445 228 472
421 171 719
230 444 591
155 36 153
407 63 105
325 107 288
370 308 293
264 441 425
335 197 343
431 41 86
113 82 252
185 207 161
192 221 48
3 441 946
341 439 36
10 388 702
438 340 29
169 162 328
95 215 280
410 56 545
286 113 418
297 70 402
70 180 354
345 225 887
158 171 793
1 372 383
6 201 420
222 38 614
200 387 406
252 388 927
445 88 443
369 376 824
385 317 325
360 244 5
28 381 138
220 387 700
193 118 433
424 42 191
273 206 882
440 237 563
77 224 660
341 277 504
166 220 858
87 423 269
300 343 958
345 292 442
171 368 721
372 288 997
106 20 807
348 259 568
430 243 71
402 155 694
87 34 454
355 77 481
25 50 90
86 421 804
65 97 688
267 33 688
257 140 762
198 266 144
34 238 892
92 371 368
197 319 157
247 143 117
186 408 793
423 356 91
422 10 351
54 259 192
415 162 722
115 426 725
184 21 302
165 411 699
306 201 469
118 3 848
95 10 330
303 350 401
270 45 517
39 354 922
329 197 81
136 387 539
70 267 254
16 167 306
14 173 482
334 270 665
385 174 111
349 79 890
118 131 629
250 320 441
37 407 501
125 217 397
396 304 526
143 395 563
55 40 681
362 26 296
345 325 38
328 57 931
414 169 761
96 57 737
354 94 85
144 382 615
100 165 947
36 411 292
264 216 512
428 102 484
384 16 593
37 156 500
110 343 433
149 135 388
372 20 662
140 265 556
15 413 46
117 444 871
382 43 219
317 255 533
215 263 393
205 301 283
99 72 50
349 320 697
132 19 308
409 36 569
201 157 899
295 319 976
439 247 59
126 107 976
156 127 849
258 281 135
223 197 493
133 365 709
393 74 323
71 347 570
300 410 913
4 157 671
12 268 115
252 363 238
427 161 486
309 321 668
418 276 741
76 40 905
137 60 229
93 173 395
386 242 936
266 339 326
375 266 407
239 220 417
27 397 711
332 432 802
302 294 134
236 51 3
334 262 136
397 261 172
169 385 443
48 388 643
352 335 259
26 40 847
76 397 656
187 42 58
191 165 306
0 358 963
22 433 33
398 409 728
390 158 344
11 238 588
226 400 503
106 46 744
129 440 255
367 331 859
309 152 402
211 331 320
433 326 37
229 262 226
211 109 774
235 1 80
5 264 923
280 180 327
387 52 999
115 153 406
194 418 793
62 34 169
394 29 909
40 274 422
388 381 903
388 171 225
176 406 525
272 218 636
166 169 429
276 310 769
28 175 260
5 69 330
0 243 229
331 33 447
393 320 931
154 297 555
339 102 511
434 387 175
377 230 449
205 347 837
418 399 302
36 228 202
170 262 237
92 108 29
29 179 758
25 73 543
444 111 740
154 235 523
431 134 617
190 200 51
8 424 748
272 286 598
69 300 562
129 357 769
67 287 859
180 391 850
2 70 304
82 434 543
361 90 685
306 56 129
13 379 319
183 343 821
276 2 8
47 441 248
137 124 884
374 136 826
263 435 433
164 327 483
89 409 950
425 267 837
405 225 182
387 110 445
206 84 987
355 149 502
372 444 633
238 348 847
249 127 744
228 376 193
279 390 984
181 53 370
434 152 661
22 349 187
218 104 935
186 85 353
300 30 350
365 442 818
40 128 306
17 368 103
62 285 267
91 354 434
293 242 350
360 267 997
413 348 364
42 277 457
354 79 307
131 369 273
68 277 844
294 89 88
133 346 209
408 99 314
409 280 41
124 116 477
338 414 582
194 106 699
14 128 262
29 151 260
34 49 217
79 174 140
357 230 274
156 134 781
58 181 66
50 243 417
237 416 591
382 54 610
155 368 796
398 256 567
238 86 170
48 286 560
395 214 128
58 60 644
59 332 142
58 425 585
4 164 845
14 383 466
181 8 910
255 102 938
374 101 92
376 344 355
218 171 902
134 353 906
278 284 506
109 257 100
225 199 423
112 430 750
241 271 566
423 131 563
333 156 480
152 40 221
14 219 110
88 264 668
387 47 175
118 285 291
331 127 529
410 445 196
354 139 305
444 57 227
70 32 113
83 432 161
323 341 766
423 110 57
49 131 364
235 317 98
251 379 219
45 76 60
16 401 541
50 15 506
158 283 969
251 198 923
62 87 352
355 304 43
344 129 213
311 319 825
426 355 823
47 45 573
24 130 1
87 366 815
252 246 524
60 383 747
281 206 985
208 193 825
14 301 995
322 154 153
393 196 506
341 438 518
222 161 953
430 3 806
332 393 633
234 309 247
307 30 327
344 176 151
124 155 642
201 97 930
311 207 735
253 140 419
198 138 3
100 207 394
418 335 349
307 372 689
185 202 443
376 230 528
293 275 982
127 59 873
283 362 443
111 25 817
98 132 104
15 281 515
48 87 51
24 440 618
283 347 679
371 390 17
353 119 865
41 410 222
444 94 461
180 394 885
318 248 751
357 23 45
124 147 568
387 136 898
391 248 988
62 349 314
158 275 40
397 31 927
406 309 511
56 219 828
64 134 926
59 261 12
183 404 166
412 282 921
143 216 402
402 160 908
404 125 589
303 257 223
383 98 361
323 391 597
191 142 670
275 411 43
14 193 676
116 228 298
205 381 892
137 211 8
152 87 803
53 323 624
99 46 889
24 209 447
2 229 961
272 27 516
225 214 997
171 92 833
357 356 35
302 206 282
253 356 222
417 413 45
230 161 270
184 92 222
202 57 305
389 109 215
106 232 925
59 260 684
166 209 216
312 142 368
73 98 541
139 25 601
2 252 93
237 105 933
84 36 607
105 394 982
100 39 258
332 109 79
278 188 682
178 267 36
186 58 597
421 131 433
325 196 697
288 330 831
337 354 927
151 395 535
326 407 687
184 410 531
405 177 52
341 9 504
70 132 925
444 77 176
67 98 473
51 343 13
74 304 36
295 352 529
279 295 978
47 274 422
303 439 530
101 434 297
81 413 907
164 69 715
185 118 300
41 193 391
411 37 266
406 133 549
241 131 917
388 415 428
217 263 244
207 103 81
53 271 443
389 22 703
149 386 324
15 380 987
82 348 710
132 413 156
158 202 606
367 417 83
397 226 39
125 13 514
306 384 533
362 223 766
407 13 913
412 58 747
367 170 847
27 387 633
177 436 84
147 410 409
115 246 627
43 109 607
11 74 260
254 287 951
396 386 84
325 185 900
199 213 637
31 441 443
57 67 794
147 413 832
56 17 958
344 259 719
145 329 628
111 319 986
125 63 422
185 233 869
8 140 627
392 364 173
394 139 478
352 316 548
284 91 309
159 374 964
428 3 240
204 177 422
55 184 864
194 91 803
158 428 975
379 234 182
116 439 175
63 49 79
335 272 175
197 233 493
27 168 41
114 411 891
234 253 174
202 98 392
43 220 64
351 272 647
390 326 982
386 318 261
377 395 350
437 214 930
358 182 442
68 255 266
31 43 762
298 193 691
50 71 885
195 245 404
37 219 495
5 109 162
71 255 492
272 228 84
112 156 331
164 302 817
336 260 854
346 161 979
109 432 632
301 90 227
440 118 835
141 383 291
213 372 630
54 168 40
331 95 326
78 214 404
369 212 977
101 22 858
244 227 45
24 224 270
161 254 154
103 84 718
328 0 300
372 41 575
180 285 545
65 14 405
33 334 383
300 413 188
392 161 502
117 42 859
365 47 285
280 67 647
96 334 244
411 77 751
61 40 461
2 82 892
146 216 377
374 48 303
302 363 136
350 156 26
397 245 861
212 444 603
134 269 408
322 417 207
348 382 621
73 436 61
381 260 315
308 397 647
42 330 435
439 242 114
186 215 799
12 179 498
445 312 516
219 194 616
48 348 596
295 397 759
170 258 207
108 367 170
227 134 949
234 71 318
333 296 742
359 8 999
122 410 263
195 374 147
303 308 169
313 123 264
173 146 936
110 59 708
54 266 386
351 282 216
312 59 593
62 44 269
157 311 842
75 363 997
39 184 117
50 229 439
240 263 236
33 138 484
4 269 645
365 101 50
85 271 448
145 23 910
351 190 594
358 426 199
135 191 403
287 192 455
224 280 906
158 8 735
295 277 846
207 164 191
184 246 905
130 155 193
200 122 869
79 184 25
412 95 204
66 109 11
100 381 815
83 303 259
425 128 279
325 229 316
340 308 504
161 439 870
263 395 362
183 105 198
232 344 694
389 408 519
12 91 415
397 292 227
114 129 872
371 22 188
134 293 912
169 364 115
398 198 815
399 443 79
5 237 900
399 365 391
145 241 906
124 44 754
6 437 200
268 77 548
114 238 602
92 300 333
0 162 801
240 314 821
229 153 39
266 35 840
101 279 767
101 308 983
275 267 504
31 154 470
118 214 703
129 339 986
443 87 533
189 49 789
304 272 976
165 16 231
250 53 91
58 237 232
57 427 791
218 76 439
121 117 823
280 215 432
87 189 387
276 230 931
15 273 461
299 330 681
134 245 261
248 102 374
278 223 972
158 137 538
224 143 543
364 446 429
5 1 102
168 155 420
434 368 677
312 331 472
149 68 361
128 347 712
214 189 833
144 411 186
353 146 765
394 134 535
387 419 35
426 23 994
146 53 409
107 334 759
73 391 683
386 184 863
268 6 108
388 114 478
122 304 464
217 403 409
331 433 304
146 312 742
228 216 890
439 59 235
437 272 409
392 359 212
108 208 112
103 430 168
47 381 474
320 13 596
331 136 437
186 140 79
87 270 797
428 43 384
131 170 889
130 282 828
323 3 610
72 66 804
208 375 249
382 400 212
354 165 42
192 217 72
349 149 918
239 159 809
354 123 757
91 171 332
381 232 563
65 333 649
436 402 353
96 359 652
391 200 429
200 75 166
108 313 276
181 359 545
335 312 706
285 157 336
370 293 427
218 404 721
373 132 967
417 289 391
236 90 929
355 5 877
317 176 15
222 313 838
119 178 534
149 329 244
281 64 328
387 71 523
223 163 455
80 288 881
110 136 274
268 98 920
99 362 242
269 367 379
241 122 143
255 72 892
330 9 380
82 24 323
154 252 847
248 58 123
156 301 75
223 286 3
313 378 153
269 349 127
156 233 5
179 66 633
223 129 805
81 54 871
397 353 724
137 203 261
331 113 348
191 319 438
427 224 474
254 195 389
277 193 277
202 290 955
55 302 881
178 419 98
240 247 453
37 160 583
403 218 119
406 170 311
406 220 835
313 293 156
445 16 793
57 69 86
18 25 522
223 122 828
325 191 824
432 64 645
91 71 385
337 237 86
107 178 14
279 185 829
217 99 473
242 360 163
203 128 855
261 215 509
41 429 471
435 446 690
340 184 554
99 74 208
268 105 48
327 53 495
309 298 211
123 117 903
286 435 746
437 128 918
25 418 589
323 420 707
153 344 701
174 124 653
41 354 629
359 196 673
182 356 74
251 393 931
131 351 497
395 421 915
440 259 379
442 34 738
375 35 987
85 392 492
418 284 316
321 154 365
143 161 947
27 16 558
426 324 434
361 164 650
209 261 772
421 140 837
336 166 826
28 57 52
129 263 527
215 3 336
51 309 433
240 303 503
339 442 277
129 151 464
124 53 438
401 165 846
318 365 247
114 119 555
177 315 998
159 96 766
228 329 517
202 267 128
62 196 24
312 337 223
309 91 341
178 418 38
418 13 843
147 286 935
148 319 858
436 234 559
124 26 871
260 70 475
100 389 674
191 254 351
260 326 935
43 344 746
275 352 463
45 424 583
143 187 46
441 355 464
222 366 134
398 106 142
170 423 107
426 44 389
284 101 598
445 113 710
48 432 842
33 131 204
25 54 16
231 88 345
172 219 300
165 333 894
164 48 397
340 441 498
143 261 27
351 157 422
356 379 550
156 214 40
336 129 847
114 302 277
350 268 530
362 446 420
66 9 722
28 158 286
218 275 890
64 154 215
171 186 439
344 110 897
264 29 949
76 432 590
243 16 747
437 445 518
101 111 822
368 233 706
367 32 910
187 233 769
437 155 584
440 252 303
370 49 553
132 231 560
24 359 917
356 107 794
256 374 549
285 355 857
84 226 530
204 166 546
411 338 907
258 440 178
233 5 661
108 178 272
415 161 671
165 331 841
310 369 420
160 339 723
440 95 614
239 180 529
17 91 185
31 413 367
18 440 648
231 303 230
171 71 849
405 176 165
46 236 513
376 270 676
305 186 143
428 82 728
290 352 360
402 122 434
371 332 450
292 123 531
260 8 678
53 409 111
261 264 1000
393 27 286
359 212 962
132 369 483
251 418 797
182 365 811
107 211 870
433 328 848
162 328 382
150 59 543
346 339 546
234 387 970
161 181 775
427 221 10
191 300 798
213 249 691
433 345 184
143 428 410
319 438 26
149 143 758
55 243 97
193 358 38
387 273 572
99 269 227
423 33 428
81 14 714
324 408 710
296 117 663
441 252 325
267 161 997
319 16 635
208 419 145
33 8 41
340 190 620
237 281 548
193 228 778
421 99 719
100 359 914
353 446 193
437 118 550
323 124 32
425 20 423
209 131 256
388 385 34
71 51 784
402 252 215
186 360 85
16 204 495
380 43 962
238 264 64
349 187 945
374 272 394
0 228 363
285 321 923
341 64 1000
139 195 817
324 136 974
390 84 248
378 161 250
93 203 805
236 6 474
236 185 969
42 38 874
271 255 945
369 280 368
442 356 836
116 262 118
233 142 74
333 320 240
13 399 475
192 331 743
325 421 738
218 55 685
211 165 470
369 59 682
18 176 931
23 232 367
34 38 424
14 185 338
123 334 641
287 362 308
52 395 968
349 146 139
423 288 753
105 81 769
260 395 404
348 167 290
322 308 104
51 125 634
440 38 100
67 344 454
5 361 151
198 128 665
25 97 585
40 69 681
358 310 294
268 401 379
219 370 962
140 134 911
419 87 635
64 156 134
444 424 843
12 208 373
53 144 265
121 23 429
102 342 864
397 157 71
370 80 192
390 14 456
363 99 918
372 445 509
330 116 914
153 412 446
402 202 84
294 275 953
411 161 305
366 66 525
31 407 402
39 415 319
206 37 882
243 217 903
374 81 234
120 257 606
175 276 13
234 428 138
184 17 417
354 46 568
164 72 7
194 16 251
87 224 93
87 413 529
97 398 124
60 319 56
301 55 506
233 74 591
127 388 205
370 386 815
409 315 731
41 404 805
239 77 676
248 199 876
56 325 33
149 166 819
184 114 170
211 201 778
157 132 704
292 6 495
359 316 315
91 351 844
158 61 239
0 205 872
227 153 417
307 86 527
2 72 299
422 259 456
296 171 960
250 34 900
258 143 361
184 440 69
139 217 80
432 100 652
19 345 312
146 270 98
195 185 767
407 443 296
299 141 660
11 87 254
212 61 163
132 244 751
128 441 462
274 163 43
279 323 300
136 302 888
189 355 149
293 312 796
221 215 820
40 27 508
148 290 438
285 354 263
81 400 484
381 94 173
390 186 828
341 425 571
339 50 783
260 217 465
251 126 828
193 108 508
253 254 115
89 60 26
264 243 529
427 354 102
387 299 51
135 174 961
25 414 925
441 95 953
8 108 466
10 229 900
401 292 418
128 20 516
419 44 197
309 372 131
115 86 768
90 262 876
364 236 852
242 416 181
9 341 185
256 101 858
163 193 356
363 372 896
358 186 974
164 210 625
128 64 517
91 43 439
133 69 34
417 175 141
276 396 971
119 195 646
359 366 244
414 0 76
134 309 234
257 71 764
270 323 24
197 362 1
124 312 977
81 338 304
66 251 831
288 314 115
53 230 612
397 324 164
393 360 736
413 118 974
359 445 743
362 429 935
330 297 492
234 443 680
30 71 545
201 399 744
159 145 484
137 400 548
42 322 403
406 120 592
148 5 375
352 210 282
287 31 212
6 170 607
172 161 533
118 151 1
424 315 64
390 10 22
125 327 219
219 269 408
264 291 905
16 56 587
317 346 780
97 304 827
262 305 172
294 209 698
426 59 917
156 40 854
383 109 494
161 7 690
375 270 231
78 338 278
426 132 764
327 232 263
18 16 512
157 95 303
215 363 887
152 400 338
155 170 35
322 343 474
416 111 755
425 225 715
249 197 472
17 124 745
62 146 952
361 167 253
72 124 991
378 39 103
254 25 228
212 426 297
383 382 458
310 371 458
136 291 116
375 228 798
303 191 118
194 17 789
190 361 244
293 411 411
70 311 551
186 294 965
171 132 786
281 53 409
398 361 899
132 99 528
317 132 647
152 125 422
167 224 119
75 7 231
280 397 350
144 185 412
85 123 680
106 284 835
117 350 650
39 144 712
115 194 206
90 255 284
293 96 837
173 426 20
224 75 70
374 144 18
7 283 599
61 97 288
173 392 588
219 253 180
318 192 628
231 269 566
437 182 297
357 99 217
228 424 83
38 353 193
278 397 866
210 343 589
251 156 173
343 244 106
70 112 171
148 279 723
426 203 430
437 210 416
118 368 381
173 84 925
240 33 901
292 402 166
371 406 275
441 15 107
440 318 873
177 402 28
341 404 501
203 390 689
422 345 998
189 373 443
434 35 57
117 189 688
419 197 292
142 146 88
266 329 561
346 389 187
186 65 759
417 148 529
181 191 730
337 69 956
355 180 765
317 168 539
353 270 601
3 398 466
106 253 345
132 342 940
407 441 810
410 58 311
345 74 541
98 94 984
232 247 740
95 436 524
241 5 41
89 33 13
383 324 109
56 62 735
74 25 582
148 87 465
428 219 205
383 312 28
238 362 397
82 330 769
412 179 647
133 251 571
142 297 734
24 174 170
182 44 190
67 62 522
11 257 982
376 87 498
210 3 932
194 391 299
289 441 360
299 370 103
44 145 382
117 24 709
384 394 389
297 126 649
213 201 238
354 14 230
169 307 1000
320 408 580
275 324 463
411 392 465
41 33 936
84 428 15
303 204 266
319 288 230
77 27 486
328 120 895
135 153 7
236 407 353
405 217 584
158 175 610
362 116 177
419 111 947
172 156 394
368 333 942
388 353 473
299 333 780
210 143 539
128 61 791
48 121 747
22 123 587
421 111 138
72 141 339
120 14 876
288 61 712
83 82 812
302 443 599
173 24 650
115 8 425
99 441 498
324 104 93
300 301 934
116 238 82
203 7 25
206 340 470
150 71 898
376 134 167
284 384 369
318 395 193
368 258 203
87 112 912
66 143 523
315 90 723
230 51 232
406 284 974
335 31 166
150 36 617
297 236 599
177 105 432
20 101 488
154 341 708
380 335 846
345 218 611
57 34 78
299 432 251
150 358 23
345 143 688
72 28 190
414 22 173
351 19 171
128 229 146
242 129 231
53 332 641
105 306 893
391 176 773
358 393 634
185 427 211
405 359 956
289 270 87
240 394 500
129 302 840
402 189 514
13 41 225
414 253 53
10 321 858
395 181 339
115 227 581
389 379 295
11 302 204
120 206 38
338 358 221
17 347 842
109 164 406
249 30 35
280 1 350
221 440 538
377 248 355
223 103 38
323 362 474
279 339 832
170 97 598
193 390 527
124 261 178
144 388 654
131 435 609
428 80 858
261 251 125
443 265 590
333 198 102
189 301 950
232 442 673
66 126 954
147 163 247
195 25 688
89 317 844
243 245 57
226 0 15
185 10 217
305 128 471
29 33 357
329 38 284
155 246 533
341 218 364
227 246 200
252 407 380
354 147 432
191 48 524
148 379 455
386 333 425
386 135 873
370 175 55
250 246 40
53 76 75
440 86 237
327 386 546
158 424 338
441 211 48
258 75 478
194 228 592
190 383 584
216 369 188
203 235 202
320 328 318
376 229 261
400 301 882
371 364 528
411 283 875
436 371 471
124 412 282
243 213 970
69 393 181
47 312 737
153 172 682
104 424 966
48 342 129
261 141 732
176 34 430
422 300 963
271 93 616
65 426 389
270 383 86
416 427 805
418 84 982
129 170 440
24 124 517
115 242 413
33 150 196
44 264 620
405 250 369
268 374 921
19 419 398
22 231 931
36 236 845
142 435 275
62 416 222
199 201 617
267 320 687
224 425 453
225 124 387
258 320 735
172 128 498
25 126 58
400 46 583
115 177 413
415 65 617
56 64 939
253 77 204
52 41 861
103 276 455
411 4 237
198 159 56
143 425 743
376 430 918
279 52 586
146 242 363
294 179 79
248 40 551
252 178 306
85 172 21
243 333 78
366 429 106
287 435 477
154 123 794
17 252 980
362 398 236
223 443 930
56 116 595
422 51 604
441 196 1
235 153 307
316 7 892
363 18 31
366 158 942
93 320 606
334 259 224
42 140 598
216 150 832
73 377 565
128 394 30
227 155 837
282 214 633
229 306 539
385 380 932
294 79 311
290 422 251
53 390 3
374 208 326
193 231 851
96 399 781
352 84 261
417 81 230
434 398 281
154 272 439
1 97 331
226 34 261
28 294 366
153 140 103
140 38 80
232 49 323
54 421 990
176 286 591
222 263 354
154 256 232
5 29 349
107 361 269
390 214 125
191 96 307
398 138 997
34 65 788
385 111 163
120 166 149
134 375 651
416 348 480
40 327 912
274 706
99 316
211 346
94 271
88 837
384 355
250 562
214 920
149 943
379 672
352 470
161 724
99 871
328 434
303 719
301 792
145 777
421 848
296 179
127 693
133 406
205 198
261 362
429 808
200 706
134 604
150 589
242 637
66 872
181 446
213 149
248 155
139 453
55 484
228 815
281 121
68 394
413 496
122 482
96 254
365 573
213 140
308 490
258 764
378 248
68 47
68 355
178 782
34 673
43 996
368 946
310 813
342 858
101 205
112 695
185 206
427 99
265 338
326 884
39 950
68 495
1 514
104 362
99 689
153 217
319 538
121 722
359 51
168 99
373 530
50 474
340 88
320 945
0 17
10 733
35 239
284 125
323 503
203 949
131 616
348 592
152 784
126 88
206 742
418 873
384 845
222 686
326 332
64 441
108 324
28 250
388 95
68 547
112 947
132 529
8 19
381 245
310 819
174 856
325 58
367 662
79 487
43 451
252 81
244 365
328 352
376 106
311 433
110 954
236 618
154 803
55 344
174 303
392 277
126 474
18 106
159 204
226 242
359 136
192 96
101 925
238 652
291 559
346 530
365 84
337 894
333 151
185 57
385 68
177 488
62 83
108 275
286 230
81 663
228 35
304 451
333 603
175 113
328 670
26 40
224 866
67 168
392 818
64 781
167 277
142 367
133 358
194 43
121 703
176 294
302 420
21 313
200 439
173 837
411 812
79 516
159 154
53 781
3 226
178 652
224 220
433 186
111 688
187 691
50 342
348 906
174 379
48 465
192 380
90 319
285 709
306 918
313 640
267 773
226 763
257 998
89 85
384 828
190 913
395 738
42 763
246 528
95 668
30 708
344 324
278 442
287 316
78 683
190 791
34 895
367 161
111 627
22 630
39 489
162 743
81 875
362 674
157 94
18 141
183 843
230 878
207 944
431 242
418 656
187 156
107 135
43 766
14 79
27 53
363 122
134 503
303 946
60 820
138 663
381 237
375 158
5 164
17 361
399 190
68 137
64 758
59 238
273 900
199 449
399 694
101 968
273 71
144 560
291 493
215 85
110 247
149 843
335 371
420 871
141 323
376 461
170 160
411 935
392 394
418 125
289 567
279 229
398 20
152 142
148 708
411 549
31 175
24 46
331 955
64 43
211 791
409 427
332 825
3 474
187 299
8 269
166 135
18 621
48 982
272 484
76 374
58 359
312 264
165 994
169 333
381 666
223 26
251 327
38 615
62 540
347 149
412 781
70 754
56 618
31 390
407 971
364 542
436 198
50 678
117 147
397 152
441 547
146 912
375 564
286 945
374 860
232 161
351 405
156 647
253 449
183 331
128 627
396 21
222 924
264 740
279 817
20 316
300 839
338 376
292 621
365 579
416 86
60 797
64 656
382 630
123 918
102 475
269 937
61 715
254 413
64 626
207 2
188 859
331 309
368 820
13 387
75 690
311 232
250 30
125 712
185 990
128 732
260 821
202 743
223 263
436 393
152 188
75 655
157 112
145 342
178 549
187 649
221 79
324 154
260 780
86 299
213 242
260 615
154 323
235 596
313 37
180 73
35 429
364 837
334 949
380 297
66 615
184 237
401 780
308 925
416 59
357 59
0 158
304 971
280 624
125 114
93 265
384 602
446 891
277 145
44 98
56 717
224 740
109 366
434 184
238 198
183 175
331 917
355 965
228 648
217 272
212 498
351 568
441 557
120 703
407 364
137 582
264 69
81 229
204 656
294 231
6 506
248 527
155 301
360 76
91 703
150 222
341 418
340 27
59 903
97 83
406 683
119 821
399 567
361 902
158 190
117 836
116 392
309 486
18 329
322 976
123 641
413 461
141 236
431 610
314 641
354 670
189 460
272 869
379 752
43 678
238 194
176 34
36 155
13 414
44 763
13 438
263 984
38 103
406 349
275 693
179 356
75 358
56 808
90 607
177 277
114 355
71 451
66 860
99 865
392 380
209 256
266 360
251 307
132 129
42 729
136 594
422 112
40 584
327 807
345 391
443 375
52 260
210 195
40 546
176 240
184 860
278 2
185 334
202 305
295 237
226 192
203 106
92 144
306 84
295 55
57 135
32 107
202 85
202 440
226 314
202 174
57 335
185 326
278 305
32 387
32 176
203 61
203 389
92 40
203 288
32 198
202 120
57 283
202 8
32 52
32 190
32 390
226 82
295 228
32 50
226 188
278 331
57 275
295 225
92 237
92 255
278 121
185 16
306 153
185 101
202 360
202 1
203 128
92 129
57 207
226 390
32 342
278 87
202 117
278 23
306 417
203 251
32 162
203 401
57 71
278 125
203 442
306 155
226 308
92 330
306 442
202 384
92 432
92 258
32 110
306 79
278 158
306 342
57 108
92 72
57 379
57 333
185 145
92 139
203 46
278 134
306 121
92 279
32 190
295 268
295 50
185 149
57 71
226 71
306 55
185 26
306 224
185 92
306 132
278 189
32 261
92 75
92 148
92 125
185 171
278 61
57 0
295 29
57 387
57 384
203 365
32 445
295 156
32 279
295 414
306 99
306 36
278 255
202 398
202 263
203 216
306 149
306 108
57 39
306 67
57 282
185 441
226 165
57 187
278 428
202 335
32 341
57 425
295 232
295 415
202 242
226 270
226 215
226 234
92 425
226 292
57 193
92 138
226 275
92 342
32 326
306 256
203 45
226 9
226 131
278 198
306 364
32 424
203 418
185 391
203 70
295 122
185 293
202 423
306 377
226 115
92 238
185 299
226 396
203 399
306 406
32 84
32 335
295 373
306 282
295 288
295 77
295 380
202 233
32 219
57 151
306 114
306 90
32 126
57 310
185 344
92 142
185 408
203 223
295 128
202 213
57 189
295 24
226 95
32 193
278 310
295 378
202 437
32 68
185 230
185 418
295 374
57 53
306 381
226 336
57 227
203 93
226 338
57 216
226 431
226 111
185 134
202 297
32 295
32 79
203 228
202 256
185 12
202 228
202 416
92 242
203 143
185 367
295 119
32 33
32 380
306 17
226 189
32 340
295 123
92 2
32 77
203 89
203 315
32 389
185 349
203 21
202 122
32 405
92 385
57 230
278 141
57 446
32 126
57 334
57 425
306 404
185 92
92 149
306 359
57 13
203 12
57 18
203 437
226 133
295 418
306 156
295 160
295 324
203 245
306 246
185 270
92 268
32 359
278 70
306 136
203 152
203 52
92 35
202 113
202 313
203 303
278 426
92 54
278 71
203 398
57 91
226 432
306 164
32 282
185 187
185 182
306 136
57 164
57 236
57 248
278 178
278 405
203 272
226 390
57 390
185 134
185 73
185 141
306 439
32 270
92 181
295 78
92 34
32 182
92 274
203 410
32 251
295 91
202 230
57 100
203 74
203 100
226 216
185 262
185 169
185 324
278 380
92 373
57 404
226 50
202 327
226 108
57 417
32 320
202 270
203 1
185 7
278 275
185 199
295 28
32 122
278 143
185 276
57 164
57 70
295 253
185 121
306 135
185 327
185 167
32 426
306 332
202 254
306 90
226 287
203 173
32 105
306 357
203 265
278 333
295 59
203 443
185 248
185 174
203 39
306 0
295 132
32 295
203 417
278 254
92 12
32 402
185 81
92 10
278 64
92 103
32 99
295 196
295 419
92 328
278 176
202 321
32 438
203 366
278 190
32 350
226 340
185 441
295 431
202 384
295 352
32 424
57 270
92 132
185 265
92 398
226 24
203 244
92 340
203 255
306 236
278 112
278 326
278 230
202 125
57 270
278 161
32 173
295 260
306 36
202 389
32 270
32 429
92 315
226 195
32 211
32 268
32 149
92 15
295 77
32 190
306 61
226 244
306 322
278 163
278 240
306 207
202 383
278 215
306 254
202 437
226 390
295 21
185 55
57 20
203 17
202 266
92 39
185 143
295 216
306 334
295 85
185 357
57 144
32 146
203 368
278 358
202 103
57 32
57 178
202 155
185 405
278 408
32 192
92 260
226 343
92 284
57 393
226 276
92 124
295 337
226 440
92 54
32 386
203 261
57 107
92 37
295 289
295 46
306 266
203 63
226 33
32 177
185 56
226 384
306 408
202 320
278 193
32 229
92 347
185 20
226 127
278 84
32 152
278 193
57 155
295 68
278 242
203 113
295 358
32 164
185 67
278 354
278 213
226 100
185 282
185 199
226 319
306 430
32 427
295 371
57 283
226 280
226 360
185 98
203 75
202 124
203 44
57 263
306 421
306 206
306 242
185 83
295 102
92 361
57 327
226 15
202 208
57 378
226 419
306 428
278 336
92 164
32 292
306 47
295 425
202 290
203 396
32 84
32 175
278 151
306 182
278 194
32 91
202 85
306 9
278 110
295 24
185 38
185 435
32 442
185 443
185 31
226 397
202 361
57 131
306 239
32 236
278 226
92 328
57 187
202 351
203 242
32 102
226 296
185 419
185 159
57 384
278 408
226 293
92 421
226 147
32 411
92 350
185 194
57 414
306 180
203 275
92 398
295 361
32 292
203 86
278 191
203 182
306 191
185 46
278 53
185 180
295 296
278 130
295 22
92 307
92 194
185 74
92 436
32 34
295 166
185 161
203 169
57 181
32 320
203 78
203 387
57 343
57 393
32 348
306 423
92 248
306 423
295 401
92 201
57 303
92 121
185 339
202 380
92 404
92 136
185 142
185 136
32 50
295 439
32 413
226 416
92 383
32 309
57 392
202 218
203 284
202 160
92 64
226 108
306 303
92 372
278 243
226 245
185 115
202 117
92 173
306 137
226 312
32 295
57 211
306 139
295 76
295 436
185 69
278 24
57 89
226 39
278 289
295 406
295 345
185 229
278 39
185 26
295 204
295 46
185 344
306 182
202 101
278 292
306 441
185 307
202 99
202 445
295 1
202 398
226 299
185 40
202 320
226 32
32 421
57 151
185 231
57 336
185 106
295 301
92 403
306 297
203 322
92 98
92 236
92 25
32 283
92 403
202 139
203 323
202 420
185 236
32 216
57 92
185 2
185 16
202 389
203 20
57 314
32 116
57 174
306 401
295 427
92 191
295 268
185 297
203 298
203 376
92 239
278 150
203 402
92 265
57 169
185 298
92 331
202 185
92 79
32 269
32 97
295 66
202 264
202 278
92 231
57 69
57 318
32 121
32 328
92 411
185 346
226 218
202 160
32 317
203 117
202 117
202 111
295 429
278 297
57 308
202 143
226 210
92 100
32 260
306 325
202 99
203 202
203 18
203 232
306 33
306 369
92 203
295 396
226 338
92 134
57 367
185 72
202 291
92 115
57 71
92 270
226 379
92 173
306 416
306 190
92 301
92 44
92 310
278 273
57 44
92 169
278 37
185 175
295 31
203 198
92 23
203 19
57 433
306 211
278 42
92 157
278 121
226 174
32 268
202 438
203 423
203 64
203 165
295 2
202 95
92 403
32 104
278 413
32 375
278 89
32 190
226 349
185 134
226 337
306 268
226 234
306 257
92 282
306 132
57 292
295 0
295 236
295 374
92 411
306 64
57 100
57 405
57 74
32 145
278 205
185 415
92 439
92 398
202 17
203 416
203 141
278 127
295 93
226 62
203 201
278 119
202 172
202 230
295 215
278 9
203 68
278 431
306 164
32 249
295 164
278 5
32 215
306 406
202 289
203 135
203 385
295 337
295 348
92 261
57 442
295 411
202 406
226 347
32 118
226 246
306 387
306 173
306 260
202 169
306 310
202 135
202 1
57 283
295 167
278 140
202 98
226 53
278 87
202 85
295 108
203 95
32 257
295 244
32 412
202 76
306 129
278 210
203 199
92 232
226 29
295 130
295 20
57 369
185 22
185 294
32 433
185 297
32 112
226 101
203 44
203 29
226 232
202 72
278 45
202 335
32 10
226 299
57 390
226 18
202 284
202 57
226 365
226 20
185 52
203 38
295 42
92 53
203 395
57 343
57 379
57 364
92 320
57 377
203 245
185 426
306 170
57 25
57 401
295 37
306 446
295 47
306 228
306 328
278 398
57 373
32 267
278 302
92 379
306 137
57 121
278 238
57 422
278 70
32 78
32 340
295 8
57 160
226 43
278 443
185 163
32 244
202 105
306 18
203 61
306 160
295 30
32 166
202 119
57 62
295 262
278 439
278 218
306 80
203 348
32 425
57 24
306 144
32 341
295 387
202 241
92 227
32 151
226 412
202 78
306 393
57 301
278 128
92 266
226 445
57 10
203 33
295 169
226 392
57 321
92 61
226 251
295 116
57 339
295 174
92 269
295 160
278 296
278 382
306 388
278 257
202 192
92 394
203 30
306 93
185 267
203 184
57 268
295 397
185 401
226 113
203 0
202 414
306 230
203 174
203 298
57 213
306 325
278 62
185 432
295 338
203 108
226 230
278 429
278 296
185 279
203 188
278 14
295 62
306 84
278 368
278 17
306 36
278 445
306 382
57 266
57 219
306 298
57 368
295 404
306 297
57 204
92 241
185 357
202 334
57 303
32 150
92 266
203 418
203 60
295 411
57 368
57 297
278 359
202 351
306 410
57 357
295 238
57 159
306 78
92 169
226 118
202 299
57 177
278 355
278 127
306 325
295 275
278 265
32 255
202 406
92 179
306 214
202 180
203 133
32 352
57 152
185 175
185 324
185 27
226 64
185 57
203 129
202 110
57 203
226 260
306 371
306 311
226 51
202 277
202 106
202 312
295 79
57 437
226 367
295 64
278 302
92 111
57 240
226 360
203 360
57 32
278 383
226 353
203 400
306 7
92 296
185 382
185 440
32 36
57 346
92 8
295 246
185 293
226 116
92 406
203 23
226 200
32 395
295 425
57 297
295 173
185 54
203 115
295 100
278 74
92 261
306 406
57 171
57 25
295 81
226 147
185 322
226 422
306 442
203 158
57 111
203 116
92 85
57 6
57 240
203 183
306 39
185 168
278 371
57 402
185 351
32 443
185 287
92 24
226 210
203 446
185 245
32 301
295 424
202 285
295 252
92 11
57 373
57 242
32 128
92 406
202 418
306 101
57 151
92 366
202 294
203 55
185 17
295 431
203 168
202 4
295 418
226 168
226 352
295 130
57 86
278 61
32 402
306 311
203 79
185 397
203 372
202 420
203 210
202 219
202 273
306 189
32 67
226 292
32 286
306 426
226 20
57 183
57 333
295 42
57 247
306 87
226 268
295 332
278 263
226 161
278 59
32 204
32 212
226 213
278 207
226 207
92 35
203 87
226 404
295 215
203 32
185 282
278 251
32 29
226 409
32 313
203 311
226 323
306 72
203 297
278 220
306 77
295 159
32 15
92 391
306 173
306 302
92 373
226 306
226 85
92 446
278 167
306 140
226 364
32 78
202 341
202 163
92 117
57 103
185 336
92 323
202 284
306 442
306 354
202 96
226 218
226 432
32 394
57 307
203 62
92 169
306 99
32 22
203 218
226 387
202 405
185 105
203 418
92 45
92 391
92 141
203 120
202 136
202 91
203 357
32 221
295 34
306 45
278 14
278 260
306 194
57 171
226 306
278 95
306 208
278 61
295 84
278 347
32 294
295 138
92 319
306 99
185 171
306 213
185 405
92 280
226 1
92 11
203 342
92 112
92 206
32 361
226 67
278 310
203 392
226 30
32 109
226 380
226 241
92 214
295 56
202 142
57 285
203 249
295 167
202 366
295 142
32 177
185 419
306 223
203 0
185 95
202 41
57 273
202 264
57 376
185 406
278 400
226 218
306 287
92 22
57 323
57 414
202 56
185 210
202 249
278 3
203 142
32 335
202 60
202 309
306 134
306 318
226 162
203 167
57 247
202 280
306 125
202 100
295 406
306 311
295 99
57 133
226 216
92 428
185 212
306 72
295 175
203 226
278 262
278 51
202 43
226 444
226 203
92 366
226 291
306 134
32 303
92 265
306 157
226 248
295 325
92 17
185 356
306 223
203 220
203 79
306 175
306 444
57 84
226 180
203 394
32 168
306 378
278 406
185 167
226 211
278 331
306 407
32 41
295 431
203 445
295 179
278 89
203 253
92 113
92 47
203 311
185 332
203 272
203 434
295 136
295 82
306 340
226 306
202 356
306 286
32 409
202 180
278 211
203 358
278 64
202 150
278 51
278 28
57 400
32 209
226 243
32 9
32 145
203 2
295 79
203 259
306 430
203 380
57 86
185 311
202 123
202 223
185 22
226 257
226 441
32 21
226 211
202 340
278 352
295 173
226 292
202 36
306 13
57 175
203 181
203 47
295 234
306 391
226 359
226 3
202 305
278 72
185 51
226 327
32 13
57 300
32 171
226 310
185 6
203 297
202 58
278 27
278 76
306 113
185 385
57 381
203 229
226 70
226 306
92 210
203 384
202 413
57 263
32 317
202 111
226 229
306 117
295 405
202 362
202 153
92 118
203 344
306 201
202 145
203 283
306 141
226 276
226 120
306 14
32 267
203 92
278 227
306 433
92 121
185 53
278 168
295 254
306 283
306 288
203 361
226 153
203 229
32 67
185 174
202 268
185 49
278 67
57 192
203 257
226 3
295 139
185 26
32 122
295 206
295 51
92 372
92 214
278 299
278 205
278 91
92 208
202 177
202 111
306 138
32 237
