307 2650 35
130 159 8
158 129 215
303 212 459
84 117 720
130 209 9
262 28 357
151 97 893
18 80 212
136 285 784
243 255 271
149 271 73
28 74 956
54 44 895
269 84 13
297 259 216
113 216 387
275 162 406
182 105 533
297 219 263
198 263 989
38 187 889
184 101 849
181 18 586
300 116 978
202 136 807
217 205 151
203 109 667
9 69 293
194 230 339
53 227 894
127 173 265
99 147 662
18 158 290
306 234 512
222 202 482
118 277 957
244 65 738
185 16 217
278 198 961
189 278 13
72 119 2
70 212 259
100 201 846
159 149 542
292 258 518
238 151 1
185 131 154
123 213 265
240 284 273
64 74 650
189 191 525
203 77 93
193 203 313
193 250 927
247 280 46
170 72 972
8 29 682
121 149 137
200 7 289
90 42 604
61 134 385
299 132 752
29 61 835
95 250 444
35 236 20
118 260 502
7 15 748
85 136 837
219 13 777
254 191 785
232 294 702
189 146 304
150 124 316
243 105 839
134 213 668
105 218 66
100 85 247
181 252 539
283 80 914
295 200 822
128 56 984
205 160 652
47 174 912
22 169 442
202 115 398
68 73 81
106 14 781
268 23 728
182 126 933
42 129 865
87 290 233
304 273 569
64 0 645
178 224 807
290 24 839
248 8 96
196 302 935
226 2 799
179 103 798
147 236 993
186 253 323
7 125 306
37 244 175
227 290 393
219 257 678
32 101 342
115 109 986
122 287 785
8 260 729
61 15 506
229 209 973
265 78 873
136 16 273
44 187 683
216 96 998
272 299 178
99 126 569
93 86 169
33 170 552
294 121 134
15 38 255
231 295 161
197 109 898
166 152 799
99 175 565
54 11 972
281 112 857
160 84 576
50 42 190
30 246 865
277 170 209
55 103 613
185 150 587
266 301 224
285 80 550
188 202 104
140 10 59
5 189 766
30 146 769
129 262 99
145 171 130
101 10 232
269 37 165
98 44 447
250 20 316
284 247 860
117 188 149
165 239 667
8 65 450
274 80 788
116 94 45
53 293 804
303 83 553
281 85 335
244 179 181
52 180 670
271 37 53
222 180 625
78 167 402
15 139 676
281 302 72
206 148 677
37 67 235
131 142 450
51 268 591
3 89 459
283 108 66
249 26 448
196 53 331
136 113 85
108 92 402
135 264 631
220 245 293
125 57 398
58 287 265
207 150 733
124 104 782
16 220 869
1 137 905
107 37 302
245 212 641
48 212 414
111 264 138
88 72 543
46 76 25
295 108 40
3 190 983
275 103 684
14 281 110
187 49 832
16 94 752
252 111 935
154 171 746
84 46 666
245 129 378
233 11 217
46 199 136
144 288 898
125 202 117
148 85 528
296 285 701
139 227 425
34 138 541
242 301 992
178 20 244
113 231 465
301 152 703
286 64 874
184 196 410
91 158 941
268 146 117
272 228 844
19 284 63
113 20 906
272 18 391
98 206 872
50 129 929
215 201 233
222 55 973
236 148 542
232 238 929
33 20 733
101 19 930
61 109 951
244 185 193
144 233 703
133 35 950
19 13 140
202 183 733
65 110 762
292 51 948
49 87 536
290 8 38
107 89 934
72 252 764
143 44 244
50 297 102
63 274 117
226 295 379
226 41 45
57 159 694
111 120 800
270 10 349
177 56 921
147 78 573
215 170 274
211 69 469
25 167 53
208 120 608
229 97 517
301 75 293
120 287 627
178 275 997
305 143 6
268 96 987
171 145 661
152 289 595
95 87 58
123 216 144
303 17 271
222 155 157
181 253 171
159 83 268
229 241 48
262 55 972
256 277 874
4 70 947
275 124 995
42 107 731
110 306 812
232 101 576
210 52 867
133 300 425
280 26 329
41 71 15
145 259 801
203 57 470
46 274 134
35 53 83
282 5 921
119 102 181
276 12 267
63 188 801
106 81 222
48 34 823
240 260 328
227 60 702
49 211 389
177 92 430
173 256 11
143 11 286
123 97 933
192 92 34
2 303 629
46 225 308
263 270 758
145 11 402
127 116 760
113 266 37
135 28 615
67 143 966
278 129 626
121 294 376
288 98 353
221 3 977
4 252 961
188 92 733
78 71 137
219 263 987
10 86 707
303 148 235
18 162 197
166 174 51
120 280 790
160 60 268
111 32 989
122 129 404
172 78 39
55 151 548
6 79 210
124 82 464
227 133 379
50 228 579
35 122 268
176 268 326
183 25 802
276 45 743
40 83 411
272 160 647
217 162 670
63 130 113
180 65 676
145 121 940
171 295 657
52 298 448
301 162 923
204 292 586
153 180 61
243 46 311
238 72 881
133 259 38
92 132 390
256 23 766
248 3 823
265 139 311
106 296 627
242 180 824
74 106 736
285 280 861
225 160 460
139 122 223
237 113 945
279 178 931
4 100 329
188 220 811
40 294 391
152 80 697
110 83 564
117 3 171
229 131 757
134 149 736
125 72 546
106 26 220
276 235 28
123 217 713
302 63 247
128 109 289
292 153 632
220 299 151
242 282 53
230 161 150
275 196 225
99 281 921
112 306 953
274 105 877
166 258 206
65 29 156
138 240 431
11 257 28
212 303 18
35 19 304
266 80 156
124 217 218
8 286 75
64 113 152
71 74 759
103 286 701
53 162 458
122 202 273
55 244 933
278 212 107
96 17 423
295 7 444
111 189 302
83 97 58
68 201 745
173 28 291
92 289 436
86 145 552
201 144 896
9 118 334
171 271 231
224 143 925
37 47 892
114 224 85
17 155 422
153 127 882
282 114 700
70 68 525
268 220 804
167 284 648
207 116 942
197 237 221
90 66 744
284 236 258
131 63 710
113 71 97
32 194 648
151 53 475
204 168 259
275 271 404
216 7 549
102 184 28
240 100 630
7 294 895
94 14 214
268 128 842
246 26 407
223 71 803
96 271 716
273 306 206
200 163 829
203 49 337
56 208 564
132 249 922
229 185 930
280 31 29
133 208 37
294 106 779
35 291 438
279 33 456
112 178 694
202 97 876
247 294 924
15 186 736
185 145 637
284 184 587
37 165 482
38 69 630
130 276 75
111 179 167
147 6 1000
146 273 539
168 73 686
132 51 147
274 95 54
152 16 400
2 105 468
288 159 825
204 17 807
122 133 129
121 276 894
69 174 888
8 229 826
9 194 875
191 249 451
18 33 809
58 242 718
204 182 337
151 197 283
305 173 721
223 38 500
239 119 299
279 49 19
168 185 706
212 58 267
212 291 618
137 193 683
222 220 989
206 131 427
279 67 28
194 47 437
182 13 897
50 121 162
200 278 845
128 151 758
91 258 180
186 166 94
51 119 795
32 285 857
9 43 259
70 21 512
168 272 844
62 286 804
160 62 161
223 5 287
190 297 145
277 106 244
255 1 929
63 97 656
293 171 87
283 13 98
72 212 813
207 273 373
220 254 833
151 178 192
116 10 990
177 296 953
3 141 720
32 172 179
20 101 947
281 303 971
240 166 623
292 142 812
97 100 334
133 29 71
110 63 880
137 12 472
237 294 827
208 47 831
175 278 274
298 181 894
156 116 192
24 33 800
288 125 217
239 6 987
132 283 480
185 218 34
241 271 866
180 208 913
26 27 429
31 48 749
236 6 924
118 10 288
36 162 126
93 91 473
6 292 371
109 267 24
259 142 801
125 158 480
95 52 101
293 84 482
142 132 922
151 134 227
86 111 946
229 234 459
125 96 123
237 127 105
223 35 880
29 198 590
16 31 260
276 109 640
75 241 908
239 289 955
265 219 916
225 280 756
292 274 528
197 260 796
152 162 816
28 185 888
287 224 4
285 214 868
92 262 624
202 175 587
115 14 51
37 163 400
281 103 803
293 55 242
125 130 525
174 240 96
49 280 506
204 198 18
275 188 252
259 114 487
118 258 140
42 208 489
245 84 679
32 132 946
207 260 953
267 229 937
161 177 340
14 117 688
25 281 601
114 119 647
274 165 398
253 168 926
174 259 55
122 21 704
113 196 831
84 128 475
82 156 270
230 45 469
169 84 140
227 269 776
90 134 997
262 193 802
164 270 608
282 305 735
197 305 293
100 18 565
162 226 637
20 199 501
137 207 470
71 44 215
151 194 885
165 268 615
257 208 641
23 160 103
70 5 901
227 62 873
127 70 294
158 267 253
80 62 228
289 256 493
56 225 250
184 185 582
224 54 407
160 249 480
246 164 255
27 6 523
83 199 846
68 214 476
156 298 953
30 78 91
175 42 472
244 31 788
249 114 813
243 185 22
174 261 811
257 269 227
1 166 882
9 151 372
297 62 697
49 301 941
285 153 343
87 211 584
133 149 485
77 278 244
295 75 499
257 62 132
34 103 205
263 40 261
61 248 667
268 129 249
256 51 794
64 255 305
147 161 320
185 54 780
282 273 720
244 88 665
166 163 223
42 275 830
150 41 486
206 45 620
223 190 709
103 13 135
289 255 462
100 73 188
246 6 481
64 226 263
286 221 100
290 116 200
82 149 403
174 71 709
277 232 986
97 104 949
156 188 705
112 156 250
174 106 984
23 68 150
67 265 956
172 134 582
42 122 212
216 19 964
70 80 619
111 277 485
140 55 157
10 181 997
58 117 683
199 280 727
292 102 166
192 116 5
21 3 127
254 190 590
173 134 887
97 2 407
292 70 320
145 40 869
291 159 107
63 154 159
124 250 10
183 38 934
215 228 879
8 263 593
203 301 769
207 236 249
51 208 172
53 71 332
195 267 522
34 41 456
187 128 527
69 128 311
148 249 894
287 221 97
70 266 889
16 120 250
116 75 487
202 299 209
273 136 129
194 221 735
38 84 564
107 30 627
151 116 252
37 44 42
13 201 620
108 187 381
64 120 618
73 204 40
163 188 630
160 223 311
253 133 881
200 172 864
164 17 891
176 302 178
256 57 537
210 23 781
174 173 54
287 198 511
261 253 874
299 177 740
285 253 54
187 249 390
277 215 864
81 214 716
206 238 531
84 50 609
146 306 798
172 279 390
130 297 902
93 168 600
114 290 8
206 163 327
193 102 639
146 188 373
8 59 730
132 94 932
108 131 307
132 194 129
263 65 481
36 12 196
108 204 542
111 5 487
264 29 190
125 25 330
263 152 226
298 120 623
178 213 839
289 187 710
301 258 271
258 282 409
200 224 122
75 283 945
41 63 719
139 260 345
178 186 859
49 268 715
114 262 211
89 117 480
131 185 878
11 107 881
176 200 748
205 85 106
244 71 278
252 213 190
48 38 944
54 120 92
65 212 356
86 277 397
46 27 227
23 168 529
11 167 521
176 255 538
151 130 552
81 53 346
302 168 442
73 129 593
119 180 719
228 85 800
101 258 697
21 112 722
140 167 672
248 124 664
15 53 803
28 30 699
304 59 528
4 149 662
142 32 640
14 40 770
151 96 85
145 70 919
222 54 845
199 15 873
98 2 456
9 248 167
81 272 977
111 197 452
273 258 177
272 237 960
52 191 523
50 243 582
60 66 128
106 260 109
128 47 360
283 6 267
92 35 784
132 78 63
147 252 893
170 140 850
141 191 879
3 136 666
47 110 848
252 165 792
103 124 169
207 274 647
289 216 325
99 51 332
199 129 467
47 77 87
208 234 237
291 302 735
116 225 856
73 293 197
214 21 123
41 215 322
93 19 233
3 60 310
259 235 721
288 108 912
53 291 349
25 247 268
158 67 169
163 30 18
240 39 111
34 139 750
194 48 667
16 298 638
228 118 702
218 216 59
19 68 208
248 132 898
138 306 846
145 101 460
45 147 521
209 198 183
104 250 573
197 264 498
229 291 279
80 3 705
281 41 147
114 51 929
42 100 898
154 81 76
225 116 491
205 249 670
148 132 57
28 135 917
294 208 976
8 299 576
119 13 321
100 245 770
263 284 969
27 47 383
304 266 336
61 83 568
14 247 593
137 214 990
61 68 630
130 45 850
260 120 676
300 88 267
274 240 118
243 161 77
227 285 379
153 96 416
72 251 176
20 163 221
239 0 348
169 56 284
149 58 503
256 154 8
225 276 803
91 85 292
227 151 668
121 113 660
1 198 247
211 304 441
251 69 605
62 50 403
248 98 683
149 9 646
277 156 998
238 218 406
159 24 426
115 34 766
17 238 29
144 193 552
250 142 96
108 19 58
285 265 980
88 63 164
277 84 894
46 224 288
273 150 830
219 16 538
196 154 670
2 99 718
103 191 253
115 195 614
149 72 646
151 49 569
25 19 378
28 41 390
39 297 230
63 5 297
46 62 316
61 141 5
86 253 573
19 0 940
142 106 217
275 189 439
126 152 484
246 297 612
283 297 536
97 63 586
193 18 261
109 263 913
154 157 616
264 86 529
119 235 182
9 90 637
247 27 957
130 200 260
169 179 668
181 9 200
4 230 717
4 219 93
141 285 613
241 155 574
53 134 808
144 142 34
86 248 748
268 277 551
226 218 824
148 156 219
244 131 721
256 47 547
283 231 349
233 160 79
269 172 254
224 168 459
139 148 371
58 302 418
130 258 910
260 63 245
131 295 407
139 225 951
242 168 431
150 51 524
286 169 598
203 128 861
267 215 343
177 203 899
160 185 168
31 163 609
260 237 810
45 288 327
305 54 960
176 52 453
206 63 307
270 187 834
93 211 671
48 143 85
127 255 434
195 64 630
245 64 552
163 161 495
1 15 407
93 200 859
19 280 211
76 119 285
197 28 503
57 124 844
133 214 678
223 121 139
2 17 372
225 19 191
13 50 948
246 244 695
10 116 33
50 65 24
191 16 506
159 248 124
174 111 776
297 190 569
102 287 81
28 162 729
115 180 94
194 158 438
37 204 696
183 288 614
209 175 649
236 31 774
184 265 850
226 90 580
161 207 724
36 105 117
99 196 600
224 170 38
38 292 4
228 112 177
303 131 918
26 165 707
269 0 728
162 22 902
201 136 778
153 97 169
260 89 285
2 264 285
71 251 576
125 181 312
164 229 427
148 56 449
94 283 233
139 81 512
235 259 670
9 257 659
10 114 370
80 63 902
151 42 972
128 125 20
151 207 362
33 144 13
128 306 171
111 134 82
138 68 354
287 168 846
213 273 92
42 89 189
273 280 318
306 84 634
14 284 233
138 116 690
131 15 543
262 204 273
139 137 47
294 136 117
198 34 288
187 57 392
83 78 949
265 61 115
305 176 24
234 299 639
221 207 457
209 16 422
283 17 87
144 153 638
268 16 744
271 142 704
177 4 794
169 161 663
81 303 117
281 14 792
89 233 671
153 275 247
111 16 547
158 184 530
40 8 431
128 131 337
85 143 740
270 267 287
121 274 479
112 301 374
115 160 246
290 209 539
175 299 97
93 253 387
192 268 238
144 304 624
137 38 185
106 261 334
38 264 790
110 271 995
198 256 976
104 111 103
252 256 214
69 286 752
200 81 539
201 44 997
166 125 704
49 3 575
100 54 284
216 63 183
219 244 598
278 288 277
99 286 298
238 37 691
171 30 152
118 209 36
81 113 425
285 216 253
268 103 912
252 199 536
20 57 637
184 303 661
174 62 559
75 220 815
223 44 443
288 270 266
235 221 901
129 193 480
248 282 548
132 188 430
268 215 635
235 108 435
253 119 381
298 43 370
245 229 152
245 255 935
11 209 438
281 146 523
283 32 108
0 243 800
114 250 574
154 223 571
3 88 150
165 238 954
18 121 457
187 91 760
7 254 411
2 166 88
254 245 298
220 79 709
235 289 387
261 27 196
82 160 917
279 188 706
36 258 231
54 273 180
74 153 486
305 205 168
263 279 785
205 218 810
110 255 82
226 244 977
18 107 514
199 161 583
88 289 424
100 301 123
95 134 717
92 174 242
256 296 846
0 41 990
202 54 936
14 283 478
124 157 816
292 293 782
29 92 228
187 43 395
237 121 382
82 295 330
268 222 525
143 204 709
200 192 817
158 284 313
217 160 716
166 49 586
232 174 684
252 51 290
33 153 228
93 29 951
8 112 384
46 53 750
153 154 814
271 105 966
230 56 252
118 170 902
221 265 784
94 279 222
125 118 272
214 96 592
50 249 407
290 111 667
132 20 802
127 91 290
8 297 600
209 8 899
292 52 757
1 39 612
11 148 467
278 201 150
130 210 659
287 104 743
115 91 375
30 165 160
12 306 663
97 205 400
7 264 364
96 134 717
116 228 466
14 108 230
147 87 553
62 265 646
235 106 123
189 167 603
10 100 319
212 79 992
119 269 2
57 154 440
157 115 580
170 176 461
119 259 560
102 237 728
32 306 245
140 285 557
124 149 685
204 88 65
159 115 11
284 238 374
31 232 881
111 97 711
243 194 327
93 292 631
146 204 478
300 123 613
117 237 948
92 6 116
182 64 963
21 134 944
59 250 84
274 35 168
278 37 39
17 43 672
52 274 619
189 280 580
302 13 128
74 103 644
79 259 252
253 274 753
299 35 562
186 83 325
149 171 972
90 202 755
161 33 839
112 143 754
11 114 782
260 145 592
55 122 214
140 289 866
114 149 952
34 244 537
110 269 182
12 231 184
5 107 533
272 129 704
100 230 841
249 204 601
51 167 531
43 300 543
283 104 858
297 156 315
203 220 441
290 31 228
22 214 78
41 147 86
283 232 2
94 144 755
168 254 221
280 217 443
98 209 328
160 126 279
110 108 916
129 267 216
271 137 64
135 117 292
245 169 543
259 0 814
288 116 216
85 96 531
299 233 761
269 14 962
107 176 323
74 155 175
259 159 633
187 151 625
105 134 567
193 302 354
234 87 148
152 158 813
118 131 511
100 117 391
37 61 126
2 116 601
137 191 633
38 204 46
283 265 17
109 125 767
203 221 692
136 176 273
37 121 381
143 109 562
187 234 702
172 251 172
224 199 541
119 108 28
203 173 442
53 266 102
180 95 622
154 288 840
250 282 485
225 98 364
79 6 736
227 88 426
186 188 996
197 166 860
96 154 960
179 282 167
157 42 31
248 47 341
119 48 362
207 93 551
247 92 895
149 239 516
282 296 87
52 305 818
3 167 985
85 178 992
278 73 135
16 226 688
56 95 158
37 102 245
75 123 512
174 88 979
178 103 576
266 95 775
80 155 716
301 159 332
223 189 396
148 25 192
182 295 322
36 242 369
52 112 172
185 105 11
61 250 780
100 157 243
88 134 304
110 157 992
292 79 250
17 273 795
59 178 898
73 120 588
203 276 294
56 216 458
194 205 932
167 6 956
169 300 11
254 205 635
70 74 366
256 121 571
105 255 129
170 214 94
274 155 661
244 276 999
198 299 390
79 221 174
278 243 3
228 146 25
257 53 907
110 12 612
129 218 31
202 291 821
58 161 106
59 136 384
292 164 393
28 119 870
105 126 484
272 226 961
137 113 404
106 12 266
111 218 557
251 248 392
118 230 623
19 91 118
223 238 753
156 74 217
282 39 894
132 111 91
294 46 388
202 277 652
258 39 692
258 144 153
131 247 545
23 53 589
220 292 236
219 41 911
273 7 279
44 77 214
287 251 64
212 126 461
143 98 577
38 1 945
175 183 778
197 140 159
64 27 916
108 270 106
157 281 998
95 152 695
75 164 458
127 68 1
144 156 266
124 136 219
94 113 259
31 7 601
257 115 732
49 250 147
285 304 230
220 281 929
53 273 664
148 294 983
170 216 879
135 195 409
64 35 23
186 46 196
280 114 80
24 185 590
111 286 504
217 7 149
232 159 900
33 56 388
173 221 829
103 16 74
220 114 116
194 117 74
30 51 71
2 88 539
188 110 762
300 219 433
133 106 190
279 25 896
163 249 434
208 206 602
83 29 675
287 68 796
73 32 615
100 198 91
57 157 432
108 249 142
85 197 313
60 168 165
242 244 381
58 258 58
50 267 559
261 150 674
15 182 171
212 236 164
115 95 348
128 301 733
81 31 154
59 86 385
200 37 626
163 129 662
224 287 833
238 33 328
162 175 326
116 285 64
23 116 761
110 236 428
277 131 295
273 284 350
170 12 723
245 182 886
256 95 640
302 26 821
267 142 418
53 248 108
134 84 388
284 159 707
120 55 896
16 193 410
283 116 804
17 44 615
100 43 305
68 241 165
57 35 576
79 260 956
250 271 120
257 54 321
168 210 95
183 267 538
258 281 891
89 231 525
206 204 116
174 154 953
46 144 990
302 285 91
24 114 374
19 217 978
105 300 406
266 165 4
182 170 445
283 16 517
254 115 505
262 156 495
247 194 53
66 270 242
130 264 336
12 261 967
76 100 57
92 296 307
28 230 550
159 119 359
256 64 416
70 39 949
28 264 308
58 283 218
155 39 154
96 7 535
85 114 579
122 81 463
290 283 309
69 251 413
35 73 751
280 17 569
57 252 909
123 192 56
157 235 773
220 10 356
200 20 845
300 216 385
121 23 940
96 250 297
124 63 609
229 236 549
251 225 416
26 138 326
141 16 125
242 268 694
125 161 457
85 13 665
77 136 604
109 279 82
294 28 609
259 11 827
121 176 522
205 77 820
154 175 776
14 50 106
229 125 464
1 105 981
104 82 875
159 290 381
78 231 986
263 199 48
189 136 998
259 237 885
258 94 1000
248 148 984
197 252 388
178 102 186
303 222 591
99 81 731
71 70 269
127 61 223
61 45 980
40 235 533
8 305 3
2 91 503
169 248 384
59 203 189
168 41 764
275 243 705
54 21 783
98 147 447
97 96 742
22 255 453
284 72 313
213 125 297
66 233 808
277 164 554
100 22 571
229 4 643
165 109 752
21 226 263
122 178 857
138 112 405
296 266 994
145 213 979
126 23 479
304 252 209
131 87 532
88 61 928
100 158 591
91 53 604
56 172 398
223 265 400
246 10 648
234 206 802
180 148 27
81 162 331
56 224 868
117 50 894
294 73 785
78 42 705
125 240 813
252 70 218
60 116 94
93 291 146
75 264 76
21 5 504
7 232 390
185 272 680
141 25 317
15 227 212
189 130 872
122 137 940
85 296 979
232 15 374
267 137 492
80 30 209
137 298 895
37 70 97
43 176 817
55 210 847
217 224 299
162 47 828
98 238 208
272 179 752
212 203 862
55 245 116
258 120 9
64 271 734
159 218 370
218 66 909
246 7 784
91 22 133
152 77 414
248 101 935
291 262 234
93 48 380
138 194 775
83 286 103
19 214 320
38 257 423
306 13 870
56 109 448
295 109 798
76 29 846
121 160 988
45 103 578
137 249 964
164 160 304
160 272 783
165 42 237
5 9 300
163 98 621
219 303 408
273 55 727
173 133 93
70 27 535
200 202 210
225 196 79
64 98 767
14 121 267
285 226 696
80 241 599
204 63 444
65 87 122
292 92 791
292 50 267
82 176 911
211 187 914
33 155 585
288 296 124
209 182 305
271 93 591
186 80 463
110 5 878
8 136 109
199 38 974
51 103 346
88 208 287
194 227 977
73 17 330
254 93 833
236 279 890
211 82 673
175 71 230
154 213 468
159 8 288
96 185 31
189 197 122
200 23 310
197 154 327
229 195 944
200 152 183
24 14 575
144 10 767
33 251 781
289 35 659
9 252 709
57 46 768
124 178 365
0 298 483
270 176 783
104 184 725
250 201 278
179 261 658
24 83 925
120 248 874
6 265 135
29 173 594
97 25 993
289 31 571
205 267 401
257 75 402
64 106 9
90 123 193
252 189 497
21 255 61
139 257 435
93 85 762
170 76 783
238 286 571
164 140 471
115 56 802
219 44 645
177 158 615
17 120 507
100 94 666
17 237 156
160 211 737
25 121 896
171 93 918
151 86 182
284 100 751
246 32 659
296 271 322
288 227 499
280 123 293
249 52 839
279 291 167
138 274 900
32 213 928
211 98 57
121 99 170
122 243 210
65 114 680
288 267 495
83 258 378
279 15 931
294 15 458
299 125 587
57 47 568
218 121 729
32 275 163
23 87 7
44 29 152
198 119 661
126 220 830
220 201 384
68 21 61
166 261 463
205 281 790
180 98 888
227 45 579
101 269 330
158 202 507
150 111 488
194 248 240
218 148 28
144 249 958
280 120 501
224 65 57
123 238 823
211 193 365
130 229 850
247 43 783
78 135 184
106 58 935
196 208 359
282 219 263
38 196 953
134 39 120
149 293 490
239 79 331
174 124 469
300 39 821
113 212 556
129 220 240
17 115 419
184 29 480
16 182 979
124 150 673
60 82 50
281 60 7
86 26 939
110 258 335
40 33 505
109 142 369
280 34 88
221 206 836
225 110 507
118 225 879
229 84 993
210 44 993
161 190 703
112 148 703
171 18 934
224 25 795
86 284 774
108 93 970
31 210 758
275 13 302
233 22 64
117 126 431
178 147 375
168 180 218
202 80 817
174 301 381
175 144 500
168 105 175
288 96 917
7 151 50
149 77 979
137 33 794
56 75 105
105 108 107
67 8 320
17 40 898
142 99 310
177 149 361
193 52 6
255 78 430
10 208 73
187 123 604
46 55 895
220 103 913
159 71 481
100 195 858
52 157 830
16 122 420
305 129 299
235 282 246
259 68 588
266 192 831
53 164 445
213 283 690
194 27 243
76 166 773
189 203 73
153 146 763
108 198 760
174 30 307
15 39 798
278 159 258
165 46 955
148 158 170
142 113 431
83 131 244
218 90 35
213 82 451
158 135 4
2 239 699
95 280 169
296 244 776
13 222 693
146 97 142
260 52 595
264 140 563
127 158 266
154 296 454
286 46 992
218 124 621
199 300 502
47 23 756
170 180 91
256 77 167
123 26 355
148 215 623
240 102 319
238 178 640
128 33 553
303 153 832
77 207 885
49 16 32
0 12 980
267 63 534
230 120 384
99 263 138
231 159 140
75 33 262
133 40 481
166 56 719
302 297 708
36 125 68
245 273 825
133 77 162
184 162 657
230 204 638
90 145 522
289 12 809
159 145 304
294 133 504
168 260 377
165 243 272
122 234 700
79 35 489
201 65 660
31 306 270
76 93 180
221 259 124
80 201 62
93 246 253
227 142 584
212 120 811
231 202 47
253 63 501
111 53 679
127 297 252
204 185 871
189 202 409
285 50 832
22 193 733
147 47 136
139 236 909
159 122 118
95 271 965
242 291 529
165 98 254
175 249 948
303 254 777
162 87 410
193 39 263
9 187 306
192 214 310
249 195 927
223 162 778
36 251 541
238 298 794
50 84 447
166 200 463
55 303 238
90 14 735
197 161 96
93 189 460
97 27 728
126 274 966
168 255 538
254 61 403
97 276 675
39 74 856
82 304 260
196 213 705
196 28 882
185 182 118
302 87 249
277 20 513
154 50 768
294 116 696
275 208 254
197 265 717
148 1 481
86 229 295
150 243 773
226 197 132
14 26 248
221 169 524
95 127 204
134 29 943
60 183 519
201 205 611
147 33 428
236 42 157
146 145 291
42 44 58
270 72 431
217 43 531
13 145 862
129 57 169
202 230 982
285 85 369
28 281 894
82 112 708
62 22 844
31 119 456
85 130 574
6 280 29
291 183 568
202 283 714
37 26 596
203 261 993
306 226 40
118 71 684
291 244 992
178 282 473
139 55 15
176 161 765
183 181 525
169 121 714
37 137 567
251 152 822
241 1 89
232 258 481
33 172 864
21 49 13
154 295 385
218 189 326
62 157 836
203 116 252
299 128 867
152 283 707
210 167 402
297 137 708
226 224 441
63 46 190
150 79 107
248 27 387
158 109 412
275 235 574
25 230 116
207 241 492
112 10 822
145 182 189
286 295 701
45 111 796
226 261 573
64 18 919
287 65 603
184 90 481
40 7 122
203 47 997
75 159 259
31 247 383
108 179 744
150 236 108
29 96 797
96 64 757
253 70 262
16 279 580
265 305 842
284 216 589
165 80 556
296 88 294
170 177 730
52 304 518
283 235 16
280 49 474
298 229 39
122 176 808
282 38 702
32 299 582
185 190 573
250 124 785
197 72 51
188 214 547
247 201 289
160 34 313
235 280 116
40 147 181
219 306 114
161 224 786
48 265 620
82 78 965
210 226 205
220 115 993
145 226 200
100 235 306
253 43 731
95 298 80
205 225 599
211 282 439
36 223 995
26 137 993
306 269 492
56 175 613
38 130 375
118 202 114
88 180 732
50 47 716
10 71 783
16 58 132
193 179 447
152 265 822
12 284 85
99 179 534
84 184 262
60 18 527
39 205 817
303 65 346
161 183 295
300 268 869
156 42 305
167 165 843
68 58 983
113 173 574
294 104 14
25 73 776
34 109 786
293 102 796
246 238 727
123 153 174
185 43 359
80 193 16
156 119 227
13 296 25
51 99 760
181 237 972
189 256 784
150 251 863
255 290 691
160 149 300
64 151 534
300 99 516
147 171 181
180 260 969
97 129 103
104 145 968
221 194 107
163 56 645
105 246 904
294 77 832
264 282 338
145 156 523
115 147 525
169 131 368
119 73 594
233 31 335
134 215 509
245 117 741
231 155 19
209 165 498
280 225 310
254 69 515
265 180 126
198 242 275
96 213 695
221 258 564
158 197 230
112 219 388
196 147 401
134 225 453
43 292 342
253 158 432
304 254 139
111 150 597
21 209 273
136 131 297
46 288 516
37 126 111
70 51 407
10 87 859
285 172 126
227 32 17
116 172 805
183 166 384
167 19 970
71 131 737
185 188 416
63 118 461
240 131 349
234 130 73
184 268 741
121 38 854
284 174 624
159 96 732
218 303 276
17 71 841
283 190 780
76 240 567
5 226 641
239 285 475
129 105 181
111 284 32
190 100 400
185 197 322
256 139 556
303 78 199
96 108 133
43 173 45
17 18 401
129 219 9
202 168 862
48 50 1
73 260 266
34 22 100
200 129 199
283 28 581
95 129 630
48 192 479
22 123 622
130 261 502
217 269 778
30 36 357
65 302 122
78 288 674
11 282 636
145 96 89
258 9 17
99 42 713
51 52 583
229 6 357
197 230 105
259 29 277
69 259 519
200 78 823
180 105 167
216 79 392
158 247 327
51 78 831
68 142 636
95 300 957
143 22 725
273 300 499
56 281 531
52 76 848
119 4 928
283 230 114
102 273 212
214 235 392
68 33 264
80 278 254
278 0 458
91 228 336
199 56 34
83 152 243
2 240 910
116 295 537
169 290 423
293 274 666
258 37 606
203 295 325
188 157 33
128 102 671
62 192 108
163 16 543
211 148 247
23 8 773
223 203 980
223 242 860
85 122 542
121 66 88
1 260 622
35 107 599
62 113 415
69 104 190
210 41 951
264 50 47
45 187 47
179 242 146
230 214 102
237 235 572
86 250 742
115 202 884
165 241 667
256 136 735
276 149 606
52 278 563
164 216 594
41 247 941
300 262 835
176 223 169
232 33 702
153 236 341
241 140 172
75 139 490
75 143 175
242 248 168
107 132 975
10 144 893
40 60 600
218 79 174
274 36 299
209 183 511
117 134 424
47 29 908
42 267 363
206 147 922
288 266 818
109 249 452
33 78 372
243 6 558
237 66 578
299 78 449
187 145 125
130 179 439
204 215 519
281 270 419
210 154 363
251 76 755
36 224 802
173 209 660
296 241 720
254 53 310
176 235 566
59 75 691
184 7 944
179 291 446
123 113 710
287 164 383
102 249 779
214 73 454
247 198 147
161 138 315
239 93 601
98 62 729
50 176 506
199 152 339
39 107 886
55 163 67
78 194 707
11 305 632
114 127 471
169 63 614
266 5 549
290 227 770
143 67 870
45 216 756
210 200 308
124 67 424
232 217 377
146 5 204
13 302 328
98 26 644
24 255 713
270 160 261
22 130 146
167 262 32
135 63 162
23 214 249
230 243 543
99 52 513
279 63 321
24 126 767
92 73 151
198 158 953
149 110 545
281 158 68
0 262 365
284 214 6
299 155 593
42 202 435
190 58 927
186 220 722
49 281 114
226 281 474
89 183 245
296 178 599
158 204 669
203 31 423
232 250 695
190 10 886
202 57 596
84 49 470
14 217 118
175 78 638
183 140 284
253 83 155
301 156 818
53 209 893
113 210 187
215 301 857
90 20 846
168 60 251
302 2 135
117 227 310
183 284 617
42 266 229
241 274 938
108 286 61
8 77 611
262 254 849
44 266 495
282 112 565
144 8 660
295 250 276
56 271 824
244 231 19
109 163 497
266 155 890
186 28 567
226 207 72
304 233 761
191 298 609
296 118 818
139 106 531
108 152 725
171 223 512
251 176 769
228 281 523
138 202 447
104 236 521
35 51 733
248 252 373
58 207 225
163 138 636
63 128 73
270 125 44
86 30 768
7 96 606
106 56 774
53 296 425
85 158 876
281 224 182
180 258 496
151 236 614
96 160 753
49 170 251
219 104 81
103 298 195
187 159 217
280 169 820
271 198 95
13 202 531
284 251 785
90 87 585
175 37 960
135 158 313
270 31 205
42 60 380
77 214 216
26 198 782
225 99 66
199 76 101
20 108 467
65 177 107
254 16 60
171 158 949
37 172 846
202 264 441
89 237 680
208 297 112
23 107 412
125 246 810
303 170 880
253 221 109
21 50 403
47 298 772
40 168 449
38 250 434
169 14 562
157 120 48
256 17 681
128 27 373
266 24 979
175 63 862
260 157 561
264 263 847
134 269 403
3 177 801
50 213 266
248 135 356
304 79 517
27 5 378
65 216 227
19 87 749
62 105 251
22 102 537
303 297 12
108 95 768
51 245 579
50 55 631
247 131 954
184 116 655
120 99 553
59 14 539
1 160 35
51 44 911
235 223 652
160 47 752
33 9 993
67 78 540
125 239 248
122 112 309
116 300 837
161 302 461
27 162 108
306 48 383
91 204 680
186 154 49
101 166 915
63 56 61
274 26 304
62 24 576
253 0 341
196 42 597
65 193 894
11 93 635
36 199 157
19 140 43
48 172 682
0 233 772
301 84 185
278 2 295
143 216 513
209 288 577
4 293 618
56 139 10
142 268 949
163 167 497
65 295 233
59 124 615
185 301 99
190 72 39
233 28 284
128 85 536
48 46 644
32 63 400
128 96 969
54 146 288
21 219 237
96 143 249
36 148 106
239 221 187
143 302 870
215 288 289
136 272 209
106 126 472
202 118 962
90 84 649
172 18 616
97 211 620
12 249 478
76 61 885
88 152 899
26 223 122
231 272 113
120 66 2
130 82 777
31 22 867
298 210 857
175 65 12
301 148 749
230 111 635
33 254 637
141 138 151
274 90 407
33 19 624
112 218 808
139 262 249
252 135 800
50 171 879
34 56 152
62 305 547
175 192 915
206 191 21
34 16 664
238 149 611
278 199 288
10 91 88
33 249 152
221 226 587
3 68 36
199 111 194
94 142 191
216 5 360
233 182 150
123 40 263
80 141 471
33 171 488
42 7 359
244 34 618
261 141 109
276 243 284
221 136 587
78 93 909
198 16 286
222 287 28
125 129 879
122 40 166
249 38 516
89 227 105
101 113 872
145 168 566
299 172 569
256 183 137
239 41 693
161 268 208
152 96 5
191 235 118
62 206 787
208 17 270
302 77 329
214 1 673
96 54 740
131 141 675
223 227 888
293 232 457
50 285 149
187 196 421
251 218 318
39 218 691
204 156 729
43 136 579
114 102 198
74 282 173
122 224 351
253 291 555
131 287 529
188 129 639
300 48 795
260 94 711
218 197 256
238 27 768
109 103 626
88 300 251
77 155 387
86 42 680
229 70 345
67 35 390
149 159 926
135 277 344
102 220 782
223 14 524
161 299 759
19 285 244
283 236 88
231 75 886
257 3 768
19 225 88
209 300 821
128 253 281
53 174 980
165 118 672
126 58 798
85 49 717
242 195 556
55 106 92
50 125 434
254 35 645
51 265 332
59 30 172
46 131 498
9 241 678
111 196 269
256 84 707
87 24 326
80 28 63
82 24 772
55 268 156
133 265 118
262 249 722
252 706
112 912
99 978
219 652
165 470
105 411
158 326
2 410
117 670
117 363
283 855
24 43
18 52
71 803
137 116
163 990
67 953
6 595
100 785
191 882
201 56
283 992
114 541
121 753
276 624
208 426
144 864
190 914
10 972
142 16
9 660
229 238
150 121
133 911
135 79
66 146
31 229
39 784
123 815
59 158
65 977
272 458
13 38
218 716
243 985
62 454
282 809
251 758
174 828
205 715
84 690
279 806
67 145
34 689
142 6
266 628
101 224
246 978
15 423
67 540
160 594
223 318
101 252
81 790
240 796
22 815
179 295
252 910
48 885
187 349
247 592
233 261
162 58
143 923
261 419
147 764
131 454
294 845
210 803
116 973
244 389
247 490
4 66
247 166
274 589
275 760
153 102
236 813
158 443
102 43
106 485
283 170
196 620
17 726
281 693
256 626
120 788
153 950
209 409
268 607
147 626
33 177
246 572
141 145
231 9
241 867
177 95
159 318
88 30
54 544
25 990
4 398
161 674
35 16
252 921
165 71
167 795
44 495
221 682
148 955
99 364
7 318
101 952
122 486
21 837
302 336
65 382
111 116
298 170
286 283
144 535
155 814
266 536
174 354
23 793
141 647
15 408
217 31
36 912
297 17
74 453
217 894
275 257
288 549
10 822
136 410
289 971
160 383
115 178
33 614
97 915
224 404
205 465
290 670
43 156
164 854
212 900
255 391
276 181
225 689
247 59
62 733
192 527
150 303
193 700
66 105
241 994
33 504
172 82
69 874
151 409
76 268
88 519
98 26
228 890
229 684
46 118
266 971
230 542
3 362
164 886
237 598
40 316
61 554
140 459
172 349
45 890
219 561
110 268
21 516
141 485
98 999
43 261
67 600
303 100
132 570
130 827
170 197
113 345
201 695
82 260
109 431
99 668
73 89
174 614
208 607
143 82
202 518
136 296
19 225
10 62
282 709
200 391
276 96
199 855
294 484
278 859
87 132
298 162
184 289
82 616
246 829
96 901
205 681
94 528
164 571
53 735
225 908
297 636
86 804
66 5
120 399
223 407
115 35
281 190
87 287
85 188
100 305
264 644
243 806
33 809
183 58
285 333
153 646
77 665
302 425
258 48
173 298
274 540
140 708
4 832
165 942
243 960
39 36
250 270
166 79
22 995
11 902
244 593
254 480
136 49
107 617
84 713
169 682
168 31
235 805
192 911
251 429
212 401
87 243
48 131
117 35
9 115
299 641
21 724
132 717
268 539
24 434
300 439
212 235
61 67
215 384
142 711
289 830
234 73
276 471
237 118
257 937
91 526
131 972
190 218
25 618
201 370
304 205
33 154
77 103
302 973
147 652
196 590
141 974
179 46
18 329
243 625
280 820
131 468
150 551
81 809
266 166
201 117
305 194
289 120
98 62
297 139
17 184
87 75
64 88
257 253
201 149
289 299
297 49
201 5
17 28
257 253
64 264
17 37
257 85
266 157
289 262
201 295
305 30
297 289
289 22
289 48
297 263
17 106
98 219
305 147
98 47
87 113
289 273
98 8
87 141
