34 422 1
6 18 126
17 29 880
25 2 595
12 11 492
32 17 100
26 9 721
29 18 462
12 5 9
20 27 468
33 23 225
26 18 492
26 0 402
26 7 962
28 3 469
25 24 845
31 4 630
29 13 88
24 17 701
21 27 413
7 14 481
1 32 458
20 9 420
4 1 734
2 31 482
18 15 624
11 28 247
21 26 369
18 33 353
27 7 144
30 9 543
17 13 735
23 28 534
24 1 547
28 26 9
11 24 214
23 19 934
27 3 69
6 1 264
19 32 433
22 24 965
21 12 99
19 22 966
18 9 274
17 28 263
29 15 440
12 26 338
22 10 823
11 15 642
8 9 666
23 5 678
16 7 338
7 20 982
10 21 613
2 19 334
19 27 540
1 9 742
15 23 928
17 32 99
31 5 433
26 22 806
10 23 787
15 31 732
29 26 633
21 19 775
12 16 504
13 30 416
0 1 618
32 26 260
8 29 389
12 0 587
33 18 682
5 24 52
23 24 814
4 24 472
3 29 163
31 20 561
16 10 0
15 2 400
30 17 409
18 1 701
23 18 124
11 18 627
12 29 712
19 15 902
5 22 829
28 31 559
28 25 499
21 25 869
7 33 153
4 0 274
14 29 912
29 30 529
13 0 908
9 8 937
33 5 571
20 32 221
4 14 40
8 25 990
14 15 312
8 11 250
16 31 590
27 21 666
16 1 71
2 14 993
22 28 381
9 30 902
4 13 992
28 19 274
1 11 578
13 26 788
3 17 37
7 27 724
17 23 692
4 31 968
6 13 208
16 19 286
4 10 789
2 8 356
19 9 130
8 28 782
27 1 87
24 4 362
28 8 445
27 15 262
14 28 55
12 24 966
20 24 205
27 32 929
28 29 444
28 5 560
1 28 28
20 31 732
5 21 797
22 23 219
13 12 21
24 25 460
15 29 867
16 5 374
16 3 624
2 21 160
5 8 688
10 29 173
4 12 273
33 19 322
12 9 49
27 17 233
21 18 330
30 7 574
6 16 639
16 32 916
26 29 272
11 20 13
28 17 156
6 7 136
15 28 168
0 20 680
19 18 21
2 30 495
27 28 636
2 28 808
10 24 996
24 11 951
15 30 172
5 23 894
18 10 69
30 32 116
15 5 808
29 0 255
15 7 133
27 31 796
21 31 738
2 17 867
12 7 344
31 22 690
32 19 956
1 29 879
9 25 584
10 32 94
16 11 270
32 21 895
23 32 102
28 11 405
33 13 736
21 17 823
1 4 252
29 25 693
13 17 463
13 11 555
5 18 983
16 12 668
27 5 444
21 0 567
33 25 364
3 9 768
32 7 153
9 31 395
24 27 742
31 2 731
3 25 684
29 31 953
14 24 120
11 33 414
28 18 64
19 17 46
13 3 391
20 13 868
33 9 804
28 0 723
22 0 298
26 16 140
27 19 92
8 0 937
4 30 277
7 17 330
33 8 50
20 26 449
9 20 389
19 10 614
12 14 162
18 11 406
17 18 654
24 18 423
16 18 883
7 19 997
9 15 494
26 33 134
10 0 459
20 28 538
8 32 289
25 7 736
6 22 642
24 8 628
18 3 437
4 19 668
0 29 999
11 30 982
0 22 491
13 14 55
32 6 257
24 3 21
30 15 36
6 14 242
25 0 557
11 21 522
30 11 176
7 18 304
24 21 956
19 12 913
29 27 326
16 15 549
13 15 287
2 5 348
17 2 554
26 19 335
25 15 438
27 14 510
2 6 523
7 24 485
24 13 210
27 23 345
25 5 106
20 2 63
22 26 196
32 18 362
6 27 442
9 3 527
28 22 980
1 21 386
1 2 430
27 24 57
19 31 398
20 6 298
24 9 942
22 15 366
14 30 453
29 6 119
30 0 406
32 20 923
30 3 866
31 33 701
5 20 945
31 13 28
0 7 760
5 14 408
11 6 91
7 2 927
18 23 117
13 5 458
18 30 584
33 15 923
15 1 850
32 4 73
4 33 681
33 29 199
14 10 114
32 27 111
33 0 466
28 24 214
15 17 438
10 26 149
0 16 56
25 26 262
32 25 587
1 18 853
1 8 737
13 33 569
16 27 496
18 24 321
21 15 31
20 30 436
0 21 998
16 21 141
11 8 281
31 28 832
19 5 500
28 20 650
22 9 139
17 16 652
8 31 83
13 28 851
6 17 990
12 13 392
26 20 437
5 29 262
2 27 349
4 17 933
24 26 651
21 30 882
15 3 996
13 9 17
29 7 670
12 33 695
19 2 668
9 14 478
0 12 812
24 23 893
3 27 831
10 5 850
28 30 670
9 24 441
4 16 847
1 3 806
13 31 794
0 32 829
20 17 845
9 11 127
25 1 791
3 32 908
30 13 1
23 7 634
23 27 915
20 1 798
21 9 554
23 30 228
32 5 744
24 15 902
16 2 538
17 0 75
22 25 193
13 18 959
17 25 889
13 20 90
3 28 318
20 12 837
13 4 512
16 22 569
23 14 806
33 32 37
16 13 60
23 12 385
9 6 284
29 20 17
14 7 17
28 1 323
2 23 443
17 1 160
15 27 406
20 5 254
27 29 729
1 24 387
6 28 133
22 13 145
28 21 841
23 26 801
10 2 354
33 17 50
26 13 63
7 5 776
25 27 690
12 32 321
25 21 850
20 7 446
27 25 953
6 20 232
16 4 419
30 2 573
24 22 143
16 23 461
24 10 795
12 30 26
17 14 500
14 31 670
32 30 946
26 14 176
25 11 31
16 28 669
4 9 670
31 21 849
13 32 643
5 17 880
5 12 394
25 16 476
1 7 174
31 27 215
10 12 359
21 5 423
29 3 776
2 24 495
21 4 323
22 11 877
1 12 471
2 25 872
30 917
29 961
22 391
10 781
21 838
8 766
18 780
26 15
22 321
33 224
9 943
4 781
9 385
0 431
18 638
0 458
21 538
19 737
14 741
12 361
27 90
30 505
31 437
6 53
1 319
0 496
25 73
7 584
27 731
30 688
33 831
1 631
4 776
16 989
4 18
