485 2053 9600
268 206 444
10 207 840
58 393 639
206 362 928
347 223 130
37 461 285
277 66 663
417 225 876
138 351 305
45 160 717
382 402 338
227 95 35
175 156 165
152 401 87
182 18 340
146 68 574
104 167 83
26 291 674
225 306 945
295 291 776
466 92 299
115 151 565
97 15 878
323 285 72
214 152 949
346 403 629
368 442 425
404 151 523
247 15 32
205 6 653
473 406 648
197 206 628
27 309 123
67 360 407
309 282 992
268 364 224
236 266 88
148 423 983
52 116 27
36 70 390
441 65 564
484 416 53
36 433 505
9 39 353
205 458 323
182 368 44
244 101 721
171 388 319
162 271 576
239 1 765
383 159 842
175 202 555
322 164 224
442 345 329
324 353 613
278 46 675
448 83 559
358 17 815
136 68 671
432 222 828
273 134 744
256 153 741
139 327 970
231 121 305
29 328 868
39 67 880
59 347 173
406 433 890
414 323 603
179 392 383
426 286 321
397 314 647
179 227 118
16 387 603
362 73 58
247 479 823
186 391 897
423 229 639
62 420 538
34 406 692
28 352 54
10 383 52
194 203 633
74 142 723
94 345 401
484 379 986
127 404 179
435 107 314
50 129 596
396 105 66
28 151 196
314 178 698
250 230 423
120 361 68
442 61 745
432 422 596
482 304 671
412 39 282
288 258 634
193 353 138
164 473 475
306 444 611
190 275 799
178 325 194
329 301 253
470 91 739
313 25 935
94 29 795
25 357 933
274 361 631
342 75 795
170 185 472
141 204 600
449 77 876
273 259 677
447 455 640
13 207 514
183 172 561
27 454 528
36 48 691
67 164 843
54 322 728
351 5 648
102 106 848
317 115 284
43 335 71
256 25 146
380 147 241
90 231 113
210 76 449
378 85 618
111 26 365
135 240 692
238 368 478
237 388 812
216 147 775
166 404 12
173 165 120
80 211 345
259 476 882
411 438 473
241 439 334
413 447 77
439 146 706
22 70 833
60 264 964
162 219 282
148 354 439
349 455 561
436 49 56
303 251 995
183 357 860
140 356 359
457 81 732
68 53 489
268 307 591
394 69 179
234 111 17
156 440 784
138 293 326
421 411 532
129 250 654
110 350 287
78 53 892
65 323 113
37 267 279
292 256 686
259 208 219
95 51 80
13 197 351
330 25 793
135 302 54
38 132 694
249 393 769
90 50 672
421 37 324
89 24 188
218 266 966
469 158 593
150 399 890
63 317 120
399 157 295
338 364 902
69 26 421
459 430 482
332 116 898
340 411 896
425 391 281
417 303 152
411 405 602
88 397 941
236 393 201
40 44 370
186 330 351
279 157 742
41 47 230
453 257 754
103 291 468
140 404 122
385 289 458
30 228 668
122 388 401
243 422 381
369 360 656
311 449 608
190 38 626
448 214 250
249 385 487
419 197 658
200 454 885
409 15 863
76 73 432
403 184 454
189 40 422
146 287 535
343 156 553
335 49 774
172 183 122
94 264 82
310 157 149
5 199 776
416 222 529
303 362 371
131 234 45
327 125 229
391 429 721
1 323 410
169 132 491
290 220 499
296 480 777
178 125 807
196 151 173
439 444 384
157 447 984
411 210 503
435 446 42
317 405 496
238 138 230
182 171 809
202 356 530
328 85 654
306 454 845
446 277 671
367 23 701
275 102 923
71 262 789
27 50 12
365 45 40
165 443 31
172 367 37
400 136 954
148 78 982
69 116 789
385 64 391
10 422 788
167 337 648
358 424 595
84 23 52
279 32 480
33 120 828
369 206 186
416 467 605
283 90 81
421 268 815
0 164 308
162 220 638
149 339 954
12 155 801
79 52 537
185 435 426
180 291 154
224 143 874
260 72 682
319 364 451
419 175 379
161 96 52
97 178 122
219 161 177
408 367 563
437 46 313
123 421 704
218 324 529
43 3 445
139 162 379
275 83 839
380 375 53
43 301 692
406 83 558
352 149 975
464 33 40
453 399 49
151 472 516
79 150 896
161 183 137
81 127 913
364 3 473
462 171 869
434 188 174
347 179 755
192 104 593
99 80 691
219 480 355
423 113 185
380 91 972
187 144 522
290 236 60
210 167 386
260 303 885
199 448 734
332 19 574
437 84 483
406 47 184
75 10 219
74 297 530
151 270 175
143 188 730
459 418 184
335 24 230
13 447 696
299 464 979
57 316 339
483 365 129
207 165 141
445 386 876
105 447 744
134 328 357
184 214 514
190 70 668
188 391 711
77 71 615
233 92 581
473 28 934
453 65 344
374 190 124
455 190 707
127 327 305
453 98 477
133 282 857
481 392 711
46 257 875
129 223 263
194 309 265
393 230 224
459 424 2
6 93 934
445 312 440
107 345 33
173 224 44
338 366 431
471 405 159
396 319 113
131 456 861
270 464 647
473 125 493
138 332 191
151 358 163
291 244 864
107 418 269
470 30 309
383 115 797
283 407 695
168 181 618
240 212 53
333 241 95
10 194 217
484 220 273
43 475 753
149 197 772
151 112 389
350 282 848
291 177 736
370 382 715
188 193 899
253 463 884
192 30 107
309 368 401
209 120 539
272 216 51
89 67 211
243 271 672
431 230 141
47 185 264
396 404 467
132 63 719
324 54 397
380 403 670
383 382 620
82 14 630
444 243 903
203 432 629
81 80 175
182 279 699
216 265 109
212 360 522
432 87 470
158 197 486
222 10 805
417 229 850
245 325 700
329 241 440
317 385 152
298 424 677
135 192 49
93 202 450
471 213 346
316 374 815
155 212 268
447 440 304
159 125 150
129 368 307
163 276 466
78 375 968
128 14 553
133 271 610
452 395 465
270 118 4
450 394 534
296 134 558
157 301 517
31 421 257
30 108 842
215 451 30
78 163 279
67 204 217
218 227 554
70 480 424
250 163 915
224 264 898
392 132 815
372 375 857
98 59 812
72 451 784
428 288 699
89 212 717
400 233 681
443 161 128
483 253 912
378 79 946
243 159 877
392 110 803
379 333 347
86 95 236
135 296 674
118 305 808
370 237 119
298 284 596
290 49 804
192 281 670
390 113 619
206 447 274
442 444 520
140 163 878
50 158 286
436 54 923
319 410 337
127 354 338
250 302 938
126 399 452
445 76 401
314 311 151
278 64 31
418 229 657
81 109 503
302 406 965
422 348 444
170 343 664
157 299 67
3 150 985
45 470 283
482 194 838
208 190 498
47 86 198
255 133 58
302 295 326
105 390 547
278 52 484
192 24 256
291 2 83
299 16 498
408 266 728
369 130 345
452 226 218
371 25 512
74 259 267
173 385 486
185 396 409
266 119 225
18 27 87
5 93 368
291 92 8
394 215 867
174 458 420
300 97 333
31 348 129
407 425 170
88 364 369
125 251 936
8 226 24
348 332 279
474 97 258
201 301 989
260 53 123
352 451 281
443 200 901
319 70 601
138 287 61
153 13 20
463 188 523
454 124 370
334 397 319
205 197 858
348 10 500
104 133 139
70 451 284
257 150 841
58 406 358
19 27 564
68 313 537
475 364 964
423 42 221
48 318 457
146 456 684
332 396 485
69 239 21
153 458 981
215 306 551
172 130 288
190 59 219
68 301 477
120 278 367
184 267 675
331 86 813
460 403 660
301 336 542
119 257 68
406 358 305
460 141 847
49 166 981
474 313 55
333 397 397
170 17 932
326 411 82
340 376 661
385 346 131
148 271 299
393 284 162
329 95 833
40 352 742
462 452 730
305 462 151
201 309 781
204 73 377
401 478 33
448 104 179
119 201 265
411 202 537
109 451 142
152 221 401
470 269 991
121 130 954
73 157 187
42 157 542
429 418 870
278 223 863
357 63 850
244 345 623
160 41 349
337 335 668
481 177 326
328 164 816
302 255 303
318 230 638
269 35 887
31 279 369
466 130 322
423 189 512
154 260 651
59 54 453
236 232 165
4 59 738
385 129 52
132 195 851
38 87 317
27 208 996
72 425 168
344 13 267
250 279 950
418 325 262
91 253 70
58 138 626
114 160 49
484 307 381
296 208 950
285 404 604
152 371 368
468 35 104
155 234 97
101 291 878
470 303 979
270 447 495
241 394 933
245 239 52
391 317 995
375 378 621
408 286 370
356 364 776
363 124 184
215 2 778
96 166 13
229 400 197
359 297 239
254 448 482
410 111 436
93 376 515
86 3 661
454 349 660
314 82 320
175 466 760
477 459 433
182 417 798
402 437 273
54 395 635
184 148 879
63 4 686
30 157 354
47 181 811
96 328 741
481 406 347
395 53 965
165 383 879
259 190 508
80 307 801
29 183 296
378 358 183
97 59 466
232 459 268
448 385 671
355 173 354
305 223 309
168 435 912
308 91 345
235 239 271
15 465 754
201 427 107
72 224 120
186 293 605
226 403 708
327 219 151
45 316 287
350 445 15
47 98 275
356 50 650
375 146 198
264 53 60
124 134 493
137 86 520
336 401 344
141 170 886
461 117 48
338 330 619
415 134 19
181 190 980
135 343 589
295 75 906
21 321 963
205 33 234
12 388 759
201 437 972
377 449 620
430 359 911
476 463 280
328 336 210
116 415 911
79 292 47
80 399 214
141 350 785
372 322 868
82 407 632
47 321 649
361 223 592
181 469 682
126 288 473
356 56 741
280 253 975
115 435 454
289 354 262
395 142 719
390 102 533
178 247 636
332 473 585
122 162 730
28 382 742
441 6 951
400 454 748
97 282 558
163 273 173
348 102 377
110 376 168
325 61 995
227 112 621
71 320 335
240 53 936
273 405 238
322 95 426
468 191 422
192 345 222
145 416 876
266 207 224
190 64 852
91 247 184
60 442 44
182 339 629
475 25 656
234 92 635
216 185 758
230 63 97
252 347 195
33 484 279
435 354 980
293 216 491
33 71 842
196 238 580
382 16 631
52 43 301
297 147 581
274 369 801
456 385 708
25 342 668
370 445 728
170 478 978
341 429 712
445 423 85
289 282 400
370 89 408
26 430 570
23 131 407
463 273 106
162 9 41
160 200 606
408 113 619
384 144 706
216 232 834
65 58 677
79 358 37
174 165 973
378 26 862
212 318 519
174 336 926
30 339 238
217 342 721
235 453 20
216 239 401
75 453 669
457 178 564
428 262 831
156 422 340
127 374 579
285 65 746
265 326 693
114 249 73
392 68 1
171 452 774
278 400 661
381 104 299
406 279 896
278 100 902
107 364 75
120 421 295
299 354 452
47 472 395
16 39 136
112 152 32
403 302 914
68 34 384
40 164 993
363 250 662
79 134 788
210 275 123
451 423 886
318 82 617
223 306 916
322 251 980
104 145 139
278 277 379
468 148 130
205 260 511
193 397 503
234 474 155
216 220 590
197 247 634
73 12 702
317 125 512
342 25 283
324 104 981
84 199 288
350 145 98
401 232 153
77 223 38
380 100 824
351 121 795
386 460 258
394 134 627
484 88 401
458 463 219
75 276 633
261 484 957
327 330 43
288 190 16
270 372 218
201 479 742
351 168 271
47 139 72
399 69 236
47 437 109
72 341 326
433 223 604
277 215 532
208 234 144
410 38 230
148 194 527
340 420 489
220 104 44
472 458 546
217 135 329
418 321 975
232 399 672
429 134 920
238 55 58
238 107 663
302 50 276
315 191 699
283 64 720
318 25 492
108 30 917
377 206 70
447 327 94
138 276 285
80 222 818
314 354 741
118 68 132
258 99 234
436 478 415
263 415 721
56 215 255
217 465 934
484 382 292
150 461 413
91 218 54
364 38 559
134 85 421
332 241 278
442 423 577
220 172 897
211 246 447
122 221 180
64 34 68
66 96 588
474 412 224
349 75 499
17 180 327
429 433 535
313 167 708
21 137 391
113 435 862
44 34 274
86 128 159
129 276 916
157 208 595
441 479 498
65 381 470
238 1 556
355 183 805
181 256 151
102 250 617
169 354 120
212 451 572
386 433 792
370 158 377
38 197 968
233 136 857
114 449 981
226 319 519
462 134 818
21 95 282
214 245 38
59 391 918
260 237 928
24 102 631
364 86 134
265 397 536
37 207 368
36 51 59
408 31 564
161 299 603
41 294 906
226 475 832
466 15 700
371 40 582
392 264 143
103 475 316
238 263 360
112 110 65
406 469 979
225 198 716
63 384 257
92 317 865
35 98 369
337 361 646
428 241 194
43 181 176
437 173 141
140 251 191
468 114 272
431 384 232
430 376 334
172 373 540
414 170 460
401 51 927
167 135 352
211 319 190
389 252 884
339 191 897
121 19 788
117 203 34
414 382 570
204 380 670
230 144 290
364 46 62
17 448 614
353 412 31
217 111 74
212 100 1
318 92 602
160 441 619
230 160 546
265 111 273
358 315 943
341 213 508
161 244 59
127 382 948
363 172 420
74 164 507
199 353 556
204 173 246
88 64 821
42 259 961
70 298 320
477 156 591
313 451 559
74 355 763
70 419 426
184 275 374
22 329 777
417 454 346
474 447 549
30 272 943
405 256 547
328 48 405
414 239 403
349 348 697
328 248 118
269 73 697
467 71 924
342 262 139
51 346 151
217 262 342
420 9 656
269 117 622
223 421 609
152 471 581
286 31 529
239 162 873
59 77 856
46 320 4
170 10 107
450 286 506
326 127 732
107 453 246
307 62 989
80 125 309
70 228 823
234 462 888
46 293 668
215 19 869
333 456 518
336 456 749
178 299 589
226 103 539
263 440 966
413 14 672
54 339 794
204 462 886
317 143 51
162 149 192
399 310 388
472 329 331
449 255 751
327 6 504
106 366 162
29 442 644
354 47 102
237 269 357
382 170 851
107 153 282
100 164 764
355 153 771
6 229 926
291 73 576
92 306 876
67 331 198
345 209 548
240 100 786
127 104 791
239 282 41
388 406 872
35 292 616
370 424 445
334 55 962
242 454 41
160 401 477
482 240 795
283 294 457
71 111 665
254 315 36
137 409 4
395 174 870
135 292 563
410 430 723
184 45 443
378 144 59
61 384 994
435 226 981
62 294 670
337 45 568
194 379 292
459 440 92
435 245 663
17 158 265
452 387 183
302 248 367
10 141 540
269 304 703
51 134 543
96 60 799
320 474 389
280 376 918
457 420 132
281 412 444
334 399 246
395 196 336
427 74 110
264 156 993
395 74 856
465 411 541
358 67 981
267 308 454
43 319 947
377 291 463
408 128 448
83 311 152
416 36 448
332 2 145
179 113 705
108 248 548
64 477 371
155 56 896
215 284 660
401 333 165
384 185 288
14 379 651
341 139 651
164 215 794
371 78 888
131 204 870
156 45 783
172 202 479
299 17 386
235 303 75
387 208 700
266 259 27
422 433 100
69 188 147
232 87 419
282 149 525
347 32 921
276 411 441
401 168 21
205 76 30
283 85 865
292 373 378
152 55 323
458 12 113
300 83 513
455 41 443
375 155 61
474 169 149
13 342 226
128 251 68
390 417 279
325 331 15
285 292 416
446 120 587
113 124 293
464 150 205
319 422 941
164 372 220
5 352 691
199 106 805
29 315 904
246 386 833
482 158 829
392 53 480
130 138 748
285 330 262
441 192 786
218 456 612
377 379 288
439 156 754
261 28 338
322 13 115
48 194 315
206 360 959
43 441 925
68 49 35
314 159 998
316 152 466
225 207 41
194 206 523
15 54 476
63 67 282
8 132 787
414 332 756
66 111 791
219 26 916
349 235 875
137 57 524
94 68 284
99 388 170
339 343 573
336 395 483
103 158 18
312 72 928
351 224 368
182 114 456
439 412 790
70 211 625
83 18 242
136 384 836
153 35 480
392 429 711
212 337 791
21 342 259
246 138 537
473 183 132
242 238 192
317 198 921
303 449 29
138 9 866
151 214 768
285 190 606
259 174 539
366 117 692
457 103 93
136 47 675
377 58 567
194 193 507
374 200 599
265 11 748
405 409 182
305 69 101
292 70 810
433 415 845
170 260 656
406 177 334
277 339 657
266 321 713
266 387 79
307 186 120
56 119 591
425 152 485
132 420 212
340 295 890
409 379 793
440 59 692
38 134 843
206 252 15
177 462 243
426 337 235
185 23 798
409 233 721
245 440 612
370 161 803
310 368 940
104 38 510
12 304 565
136 284 105
226 86 127
219 146 332
283 264 973
18 317 590
239 327 197
436 451 790
410 9 799
273 340 560
55 420 19
425 23 248
200 9 329
159 356 631
336 443 831
400 472 183
312 129 284
6 104 520
478 395 562
6 9 703
106 170 633
129 272 528
387 293 869
303 236 940
43 455 410
283 255 274
222 77 354
249 176 594
454 386 65
477 350 856
157 190 212
225 409 758
84 369 548
248 404 227
295 244 502
328 305 919
104 60 490
339 41 472
440 171 894
8 95 5
252 71 613
37 92 2
125 479 23
354 420 209
125 183 213
146 466 329
289 441 366
257 337 833
214 335 943
225 73 445
422 223 820
42 404 653
136 313 520
359 187 886
221 337 702
49 133 793
356 24 66
284 477 642
468 259 114
154 26 363
342 88 380
169 56 979
410 70 130
262 447 809
310 274 880
426 369 989
484 154 521
333 105 478
173 186 465
282 264 81
220 73 270
444 402 992
406 392 365
359 395 67
155 16 52
166 78 96
229 56 645
147 413 477
394 226 879
132 107 651
289 53 966
448 5 54
420 411 219
359 416 239
271 202 406
80 165 612
233 417 500
315 466 240
483 215 728
217 352 10
308 423 20
461 7 850
328 416 339
39 460 970
238 101 106
70 250 33
298 277 321
14 306 429
417 157 612
264 346 379
468 422 503
257 448 587
308 372 209
99 207 144
181 113 453
300 442 632
227 71 82
327 417 457
439 116 436
106 479 665
394 178 198
7 444 393
456 181 638
367 120 80
347 50 825
33 290 664
317 394 441
91 55 378
420 93 474
407 184 364
356 202 21
111 224 843
454 312 994
355 188 219
334 465 215
364 161 325
162 59 45
217 36 711
334 266 37
115 237 576
120 6 770
281 180 333
351 277 202
478 445 325
360 353 801
477 308 127
212 76 464
36 344 470
426 243 627
336 203 733
383 39 858
122 236 547
395 197 264
423 442 369
318 86 49
11 442 379
137 428 989
9 17 472
346 51 651
249 42 866
107 217 759
122 355 527
392 202 887
414 419 229
466 263 80
408 152 770
346 358 368
249 197 98
424 77 943
321 221 206
148 445 71
65 113 823
83 158 982
0 263 144
309 88 948
321 425 946
333 450 592
209 404 364
342 225 974
53 1 491
471 320 134
416 398 865
157 13 158
262 213 565
436 110 328
380 314 470
290 281 859
46 84 392
153 402 789
212 324 845
324 366 787
373 156 652
472 339 725
370 389 392
297 55 563
447 458 158
149 310 497
58 408 232
75 217 349
88 472 978
139 306 832
282 7 873
298 272 675
265 67 359
359 441 489
408 337 822
269 460 163
368 465 934
340 32 533
429 484 35
329 353 951
49 75 951
273 466 325
296 207 931
165 183 746
128 432 560
331 141 668
297 359 844
51 301 202
262 168 580
330 238 159
94 206 413
254 369 240
64 311 773
303 259 757
103 197 808
249 353 760
247 207 162
362 473 80
155 144 931
130 95 472
88 300 555
407 214 957
198 206 708
17 271 517
69 342 303
167 221 374
361 141 549
3 439 410
151 203 686
312 393 350
202 249 111
379 290 248
319 140 930
8 417 898
476 437 455
219 257 126
277 110 344
34 63 907
87 183 891
460 328 213
51 304 886
114 339 453
440 41 790
336 464 868
229 138 664
465 390 821
454 449 798
269 410 982
105 387 780
312 173 683
318 416 472
469 243 870
241 429 964
28 8 370
236 277 927
381 308 789
44 339 194
423 258 114
334 388 841
143 410 47
328 403 193
402 262 855
193 79 609
180 193 342
94 376 626
9 348 319
379 316 362
35 474 358
3 290 401
37 74 63
446 153 267
38 168 360
333 141 503
201 184 720
104 463 181
466 64 164
236 448 856
330 448 314
286 4 991
162 202 966
235 337 18
11 370 16
414 422 160
369 243 562
12 25 43
267 179 78
253 228 438
176 324 185
401 358 581
95 418 106
382 231 694
89 2 464
150 114 589
480 247 682
290 29 594
182 56 781
104 347 861
438 125 113
241 398 596
21 370 255
308 34 257
456 310 208
305 356 5
133 174 271
278 220 660
264 18 514
125 477 615
38 297 963
20 234 839
413 264 877
304 300 296
384 366 717
324 89 829
223 28 376
444 174 327
411 158 448
330 457 827
55 285 393
121 320 358
390 94 906
178 255 732
172 389 19
273 145 218
204 192 239
134 43 525
59 9 114
268 240 653
218 0 124
392 260 460
261 402 756
140 110 821
149 472 959
322 317 176
326 407 532
102 212 247
17 214 504
370 256 100
59 200 473
199 25 125
261 156 1000
447 112 231
315 310 107
56 118 534
145 401 22
146 168 640
253 55 770
482 83 688
369 111 797
132 429 569
471 297 843
387 444 61
49 459 818
2 427 795
261 129 538
358 341 785
370 438 846
157 175 136
150 346 430
157 469 612
321 162 565
291 464 439
460 343 320
32 142 232
425 112 37
260 42 892
313 222 840
72 318 335
197 407 554
15 334 135
183 438 74
101 117 796
194 437 594
155 99 265
427 396 146
50 245 492
447 433 874
314 458 878
383 67 186
254 38 962
446 143 793
307 102 289
443 403 119
380 74 740
460 114 108
465 287 241
105 49 966
256 281 573
372 325 706
58 0 292
428 390 408
206 146 245
372 291 786
197 30 193
420 168 989
100 397 196
89 481 847
139 104 711
130 120 444
22 376 398
130 258 469
402 215 471
418 201 229
168 355 514
432 61 808
230 81 619
386 382 679
444 56 785
415 244 88
23 159 461
194 18 440
127 211 988
104 49 846
271 361 795
413 299 727
216 286 861
401 254 161
6 346 45
221 77 606
374 436 201
264 230 233
429 229 388
11 38 80
191 103 189
134 371 823
71 193 614
438 65 417
463 129 2
338 92 985
238 239 45
142 416 60
433 149 992
200 395 483
458 454 743
235 358 304
95 234 698
216 290 37
368 385 48
310 171 18
234 390 937
444 458 971
101 368 911
296 34 108
358 459 735
448 368 783
206 335 129
151 462 782
144 402 540
16 465 723
195 407 843
288 307 287
415 248 483
116 198 456
47 233 971
378 313 387
382 99 801
163 80 923
379 451 982
105 386 522
123 24 8
14 24 408
416 52 325
303 368 305
137 442 813
132 300 684
329 325 82
312 243 577
466 353 166
277 344 736
293 164 63
451 194 675
247 106 234
350 318 671
386 97 12
465 159 156
73 410 517
386 154 197
33 286 598
13 296 772
246 300 264
232 406 766
302 48 606
30 87 200
272 403 627
85 323 792
204 365 517
433 391 133
389 143 33
268 261 772
124 481 776
423 216 785
387 46 635
400 196 749
336 218 19
106 304 888
0 149 375
132 253 443
44 216 753
97 302 959
372 126 753
85 138 546
2 415 677
352 291 529
108 364 356
164 275 882
81 377 286
334 265 493
207 96 766
139 12 490
149 353 354
394 187 365
441 143 934
45 398 369
387 437 771
342 95 70
199 3 671
77 330 496
318 232 152
1 349 758
237 401 868
348 303 815
445 443 766
29 9 407
250 126 608
306 80 22
77 56 646
423 299 395
229 414 915
451 42 838
374 472 735
287 199 851
8 6 676
116 39 493
174 449 37
318 279 583
196 478 708
131 106 312
458 170 361
261 91 443
50 232 9
6 281 2
388 396 870
397 428 820
245 181 869
345 147 740
182 382 608
430 306 130
311 370 682
30 164 156
76 242 621
360 437 187
233 381 74
269 158 322
170 346 279
124 207 374
35 169 667
112 358 814
37 2 447
314 213 228
140 50 527
317 35 942
441 402 168
293 114 448
146 464 609
84 184 168
285 150 556
374 171 116
30 127 26
439 377 608
427 301 870
137 422 858
171 196 20
273 478 201
422 375 963
251 445 57
484 189 10
207 308 615
187 285 84
286 163 265
132 105 414
296 118 903
272 204 945
194 135 415
98 30 656
458 30 972
315 364 693
136 304 206
89 232 919
173 79 618
72 434 310
391 61 76
392 39 92
377 333 661
210 41 545
396 306 809
483 416 41
3 429 573
374 167 55
379 291 586
221 260 258
132 460 140
111 278 72
233 479 975
469 2 686
366 476 471
250 473 811
77 396 547
140 354 874
118 295 219
280 42 971
115 334 384
434 43 159
440 377 309
479 475 15
42 153 406
112 114 510
420 272 214
26 325 535
195 456 804
430 297 886
385 339 330
482 167 951
148 304 547
68 157 724
79 370 719
287 25 147
109 111 461
254 174 308
112 389 741
294 165 368
182 137 109
416 388 259
476 292 863
52 347 236
194 12 35
453 41 12
93 132 615
205 62 330
356 318 482
371 421 89
479 416 88
264 320 608
38 401 990
464 262 907
261 205 349
350 23 2
466 201 40
265 254 828
86 449 107
85 140 624
119 383 600
412 309 72
29 388 959
51 280 882
356 334 646
87 121 510
148 216 706
260 246 660
350 328 45
151 430 536
448 37 980
317 291 514
477 93 260
479 180 232
484 103 695
395 411 717
419 184 294
303 313 774
33 114 72
233 207 302
214 385 240
139 20 647
151 89 416
97 254 456
146 483 265
231 181 401
212 155 632
182 188 109
33 329 598
454 355 986
16 221 413
163 457 606
460 62 518
38 96 320
6 7 948
53 263 371
202 308 525
468 478 325
438 49 782
320 120 437
407 200 55
94 480 325
248 134 211
445 357 255
138 346 704
279 19 326
107 226 102
256 458 520
325 350 812
12 90 401
49 224 903
293 56 685
464 52 888
257 29 173
170 426 146
442 32 848
291 120 941
159 51 177
394 370 443
392 432 153
384 22 859
435 178 586
41 462 449
209 245 373
469 137 952
479 428 837
68 216 359
159 459 47
282 423 770
305 201 918
35 5 481
478 206 848
34 449 699
328 112 181
230 69 795
420 407 656
332 369 927
43 381 977
223 6 200
195 449 886
216 431 13
183 36 792
431 348 184
344 2 220
246 259 301
483 470 65
165 150 21
79 372 371
430 225 327
12 0 176
164 224 906
305 308 553
396 69 11
25 195 571
157 148 326
191 439 695
30 433 506
422 369 938
116 16 408
357 227 199
76 321 533
92 210 33
172 291 773
137 217 82
458 258 874
358 165 161
413 451 931
444 201 999
359 352 298
102 276 551
321 483 603
330 57 453
460 241 258
14 163 334
313 362 223
192 26 865
211 229 82
311 167 769
53 269 293
273 106 225
452 21 781
271 475 635
26 139 466
92 479 276
385 299 761
323 29 854
125 320 503
222 430 962
474 139 930
219 461 122
273 9 183
203 228 398
386 281 170
139 178 791
35 221 776
289 266 580
149 136 243
171 322 767
365 4 159
385 51 894
58 143 853
84 88 812
294 214 354
320 107 41
134 465 154
305 405 658
207 26 673
476 152 67
140 432 625
304 207 725
245 175 867
175 310 615
185 408 952
150 59 356
208 114 15
71 149 167
122 295 177
157 324 301
336 357 700
76 241 891
171 151 62
292 182 93
195 143 311
389 94 866
51 144 323
473 415 423
189 233 243
361 337 869
124 23 522
239 458 207
388 7 341
397 332 191
200 446 850
154 295 611
340 398 787
218 351 236
262 267 459
400 108 284
484 352 785
105 301 339
311 41 984
8 165 464
447 418 300
188 335 665
295 453 558
364 382 268
289 425 518
199 137 800
323 51 965
436 262 720
83 297 362
420 467 1000
384 165 733
302 251 952
103 129 866
223 425 794
199 202 317
167 440 514
24 169 208
80 279 226
357 89 361
448 400 791
160 461 885
275 10 397
10 182 386
312 280 531
271 5 703
400 87 919
240 402 595
427 950
418 33
201 692
336 570
175 923
373 689
24 524
149 957
363 770
104 324
407 978
471 517
54 934
428 624
42 635
200 483
289 370
160 895
38 424
326 698
239 317
391 157
109 11
55 603
432 748
224 182
429 855
374 131
161 917
71 911
109 389
444 832
234 551
36 395
359 774
178 730
384 879
39 600
379 605
307 196
237 886
63 416
219 85
296 390
165 576
428 475
153 663
330 534
50 302
207 757
65 480
138 344
127 885
128 690
190 612
22 65
416 139
361 395
167 646
212 403
395 983
289 434
348 847
29 748
186 299
457 834
436 489
79 212
392 716
139 774
22 755
237 689
74 127
346 813
137 115
317 836
247 340
205 595
43 757
416 70
459 140
279 795
359 904
395 251
286 825
150 187
290 196
36 401
283 413
470 121
215 241
347 848
278 110
217 440
320 505
110 874
258 632
55 369
111 878
32 282
167 323
178 778
443 822
191 913
220 496
77 201
209 401
326 24
61 991
34 614
197 506
225 343
467 596
280 633
48 20
325 357
85 537
28 295
138 385
466 239
108 342
410 75
244 271
365 652
172 425
110 986
117 761
98 485
44 109
112 91
17 255
290 26
292 623
103 386
458 157
213 301
272 25
219 835
243 564
395 135
125 910
140 36
330 57
299 702
299 965
348 548
437 232
54 434
262 158
134 44
298 113
252 649
483 556
282 694
138 585
8 925
38 349
361 704
52 520
174 320
169 823
401 455
140 529
285 683
344 627
389 265
449 468
216 869
73 630
171 503
2 197
470 468
87 335
391 259
190 64
275 126
410 837
78 10
184 700
331 94
115 909
173 988
332 523
398 669
9 495
248 5
25 71
88 540
213 362
464 161
453 480
450 850
319 13
174 506
254 617
210 679
210 760
471 727
361 509
355 102
357 89
61 391
324 63
344 232
117 392
138 932
289 269
382 957
403 259
400 510
184 690
142 936
124 191
140 406
472 75
365 708
276 225
473 901
134 348
305 894
165 410
126 289
227 196
226 269
471 450
305 469
132 85
268 10
337 271
290 923
19 503
259 165
307 887
355 38
5 66
259 532
104 254
127 465
247 536
383 648
175 999
326 876
171 132
103 772
198 513
236 919
151 194
191 19
136 321
310 931
103 718
27 121
398 73
358 369
207 112
126 324
178 849
217 61
403 114
419 195
128 495
244 104
200 619
394 169
372 456
303 779
213 150
126 498
110 218
452 154
391 26
452 568
385 864
27 476
184 992
428 538
314 867
175 604
79 132
318 892
124 395
67 101
266 280
31 883
14 535
392 609
106 28
371 945
214 748
439 989
253 990
25 224
115 511
278 108
197 614
127 377
165 234
68 923
101 668
392 233
305 694
148 304
171 648
0 557
484 669
326 859
460 344
317 204
336 75
360 278
227 161
395 459
394 584
65 895
124 161
135 354
439 497
228 527
145 612
154 438
263 778
274 582
136 147
266 6
53 957
181 308
375 517
292 333
377 431
64 523
283 178
207 958
203 774
355 366
77 98
448 422
459 679
295 915
455 540
451 937
246 102
304 155
430 155
10 230
436 332
293 423
295 906
24 390
119 692
162 663
464 219
77 519
231 361
171 866
416 186
101 989
163 349
48 441
254 425
48 190
11 856
73 50
20 343
0 58
382 458
224 454
408 832
219 492
114 864
80 983
161 697
186 638
451 384
422 555
110 652
333 140
116 556
277 858
189 999
314 801
333 362
153 869
195 837
309 111
416 313
241 782
451 420
425 872
17 580
243 313
363 918
227 898
313 965
84 427
165 771
84 388
250 451
60 909
176 151
297 479
129 412
271 21
10 649
365 512
393 221
324 152
215 609
44 914
53 899
482 213
427 489
203 641
396 728
273 890
280 555
349 97
330 990
425 987
272 121
471 108
471 860
373 503
224 708
438 66
464 302
182 203
214 614
306 843
481 629
250 319
195 55
337 688
108 438
391 1000
275 928
439 997
404 638
341 513
339 965
242 499
136 499
446 315
328 420
290 83
282 507
182 175
175 654
290 112
450 939
160 622
32 433
305 37
147 380
136 79
191 904
421 576
418 411
216 394
484 15
468 782
349 311
131 928
323 694
88 598
122 826
194 304
103 502
17 852
380 723
389 274
29 237
22 261
256 478
306 134
73 760
404 778
197 181
128 909
330 37
95 904
252 756
296 465
344 510
41 948
226 864
129 165
479 205
392 265
476 189
451 329
48 139
64 239
261 203
355 340
280 354
64 329
64 418
355 254
476 430
129 60
48 306
451 386
261 411
48 290
48 327
280 37
479 417
479 205
64 477
48 118
64 152
280 277
280 159
280 142
392 108
64 257
476 205
64 212
48 331
64 26
280 439
129 75
479 317
355 406
451 375
476 358
355 84
64 45
129 362
355 402
129 165
479 24
48 170
392 425
451 466
48 21
479 340
64 158
476 477
280 297
280 53
48 397
64 190
48 77
479 412
64 197
451 176
64 95
355 403
479 86
129 151
64 476
64 23
261 267
476 271
280 264
451 97
476 171
476 251
451 375
479 14
261 135
129 231
355 354
64 151
280 163
280 101
280 87
476 415
476 139
392 60
64 147
129 155
451 186
476 220
64 433
129 164
261 115
280 369
48 246
451 302
392 125
48 180
129 461
355 196
451 466
476 142
355 267
392 355
479 151
261 6
451 433
392 408
392 184
129 136
261 309
479 389
48 90
48 288
479 103
280 248
261 455
355 88
129 453
476 378
64 30
355 475
392 423
261 471
280 323
392 86
476 248
451 153
64 273
355 385
261 423
261 31
479 57
479 338
129 340
476 305
355 267
479 442
479 25
64 428
48 258
392 13
64 257
64 129
392 206
261 13
392 0
355 51
476 294
129 113
451 378
479 74
261 206
355 240
476 276
261 335
129 51
392 48
479 61
355 330
280 241
392 428
392 157
261 181
476 431
479 145
48 122
64 289
476 427
479 108
355 104
476 469
479 433
476 330
64 277
479 370
392 201
48 466
479 397
355 313
64 260
129 166
392 152
451 323
355 159
479 42
261 118
355 372
392 291
48 254
451 168
392 400
479 85
280 334
451 346
392 246
48 52
479 295
479 223
280 193
451 145
451 245
48 139
64 297
451 305
129 345
261 3
64 96
355 331
476 56
355 66
392 237
64 120
476 203
261 27
48 236
64 217
64 357
261 59
451 333
48 119
261 401
48 342
476 79
476 221
261 275
392 347
261 291
129 95
64 13
280 26
261 228
48 329
129 198
129 76
261 129
261 251
355 27
64 452
479 134
479 298
355 396
64 121
129 262
392 130
355 447
64 89
476 423
479 374
476 171
479 474
280 247
64 206
479 348
64 181
48 131
261 422
64 210
355 58
392 195
476 131
451 218
476 427
479 108
129 166
479 45
280 107
64 144
392 156
48 469
261 378
479 141
392 166
451 69
261 158
476 240
48 241
48 463
355 360
64 130
261 328
64 383
476 293
355 162
479 111
64 60
479 421
48 440
48 414
64 455
280 370
479 103
129 43
129 46
476 303
280 68
476 90
355 112
64 244
479 342
476 397
476 126
261 25
48 101
48 115
355 209
64 130
392 92
451 180
479 178
392 108
129 162
280 8
392 151
48 90
48 60
261 23
355 441
64 168
48 238
476 423
280 265
355 0
48 251
451 62
479 168
261 218
476 418
261 381
451 138
476 188
280 405
48 185
129 442
476 425
280 46
479 80
392 17
476 321
48 189
479 178
261 356
355 426
451 77
479 337
64 312
280 323
476 303
355 284
355 253
280 16
451 30
129 357
129 257
261 452
48 471
48 432
476 258
129 325
355 440
479 56
280 32
479 228
355 43
261 115
280 269
392 177
451 106
479 222
64 198
64 97
476 21
355 131
280 7
261 300
261 116
392 206
355 190
479 16
392 12
64 354
48 353
129 431
479 98
261 97
261 411
48 97
392 372
479 171
355 80
261 324
129 177
392 396
476 228
261 356
355 155
355 171
129 324
280 21
261 201
280 366
64 213
48 452
48 116
479 390
64 276
392 277
48 237
261 478
479 423
280 483
355 385
355 79
392 46
355 333
64 51
64 304
64 201
476 11
280 117
64 65
48 175
129 52
280 24
280 83
280 199
261 443
280 393
64 235
476 416
476 140
392 414
261 433
48 41
261 51
280 213
129 263
261 385
476 378
261 441
355 167
451 218
451 209
280 239
355 312
476 97
280 364
355 190
355 8
355 202
451 37
476 276
476 396
129 315
476 457
129 19
280 394
451 402
261 356
261 380
479 167
355 174
392 118
129 53
48 440
261 395
64 251
476 459
280 431
280 130
280 366
392 425
451 105
48 5
129 256
48 289
261 454
280 165
392 396
261 262
129 23
48 273
280 104
129 382
392 345
476 248
261 359
392 123
48 191
129 316
479 60
392 183
479 37
479 466
129 200
479 192
280 244
280 413
129 174
261 481
355 303
355 99
355 121
261 358
451 439
392 177
479 102
479 179
261 226
355 376
48 108
392 183
129 21
280 272
64 281
261 192
479 310
476 390
355 368
476 309
64 430
451 383
476 70
280 249
129 270
476 410
48 417
129 112
451 435
392 165
129 3
129 467
451 17
479 372
355 7
48 262
479 76
392 384
392 252
479 77
392 431
392 315
64 49
261 453
261 262
476 19
261 29
64 186
64 153
451 250
355 330
129 401
280 309
48 383
392 434
451 435
64 117
476 448
48 326
451 86
48 346
261 443
451 466
479 233
64 117
479 270
355 191
129 40
280 61
64 394
280 451
476 250
476 423
48 437
129 339
392 5
129 65
48 356
64 443
280 62
451 9
479 474
64 334
479 212
451 135
451 206
48 113
48 441
451 301
261 300
392 176
261 249
64 153
64 483
280 328
355 363
48 287
64 203
64 445
64 19
129 17
261 235
261 28
476 405
479 354
280 68
280 44
64 371
355 62
479 422
479 142
261 219
392 60
451 297
129 7
479 299
479 382
129 60
261 315
48 476
355 396
129 274
64 297
280 467
261 179
451 134
479 138
476 223
479 409
261 274
479 310
476 451
280 104
476 148
355 185
355 394
129 344
476 312
129 279
392 81
129 86
280 236
280 236
451 108
476 447
129 104
64 225
451 135
64 281
451 421
129 16
392 464
129 124
129 408
261 164
451 388
48 112
476 367
280 8
261 212
392 354
280 124
476 465
476 429
261 284
280 114
48 393
392 401
261 301
64 276
129 339
129 463
280 70
451 79
355 269
479 256
392 272
261 381
64 152
129 98
261 66
48 442
355 453
355 331
451 429
48 130
451 209
392 194
48 30
476 300
64 475
129 279
280 235
129 383
48 374
280 430
64 399
355 38
355 290
48 189
261 30
48 461
479 92
476 166
451 246
261 230
280 355
479 153
451 33
392 312
451 30
261 234
392 63
64 443
392 399
64 336
479 375
451 466
48 163
355 466
129 212
48 85
479 304
261 326
129 476
64 71
476 269
476 279
48 125
392 281
392 153
64 180
64 272
48 397
355 13
129 196
451 463
129 133
261 249
129 175
479 247
261 7
451 363
392 94
64 242
280 73
451 441
451 161
64 146
129 362
129 177
48 378
129 384
479 322
48 369
451 62
48 183
48 139
355 23
261 108
355 313
64 399
64 303
479 362
392 348
476 221
476 149
48 110
476 34
392 415
479 211
280 209
392 245
280 454
129 20
129 207
392 20
261 128
479 269
392 128
129 11
392 194
48 409
479 296
476 69
476 5
451 471
129 51
261 383
392 226
476 107
48 94
392 175
451 354
479 350
280 258
48 139
451 197
64 89
129 418
261 217
48 338
479 213
355 350
476 72
476 192
355 279
48 417
64 107
129 371
129 34
392 19
64 395
451 91
129 77
476 420
280 446
476 309
129 252
451 323
451 438
479 142
476 379
64 194
479 51
451 310
64 420
451 203
355 37
476 294
479 274
355 391
48 388
392 79
476 184
261 343
64 226
392 389
451 477
392 453
48 339
355 366
479 16
355 134
64 299
355 437
392 78
476 237
451 316
64 56
280 473
355 328
48 319
476 25
261 276
479 14
129 112
129 313
280 310
261 198
355 422
261 264
451 452
476 423
392 367
355 394
451 324
280 87
355 45
451 453
129 473
392 115
280 424
129 282
48 297
479 154
64 46
476 16
392 139
280 182
280 401
129 283
479 157
261 122
280 162
129 139
129 444
280 296
129 356
261 314
280 444
280 40
355 50
479 257
476 372
355 469
355 218
355 384
392 401
280 333
479 227
355 120
64 461
64 148
392 88
261 134
392 301
64 170
355 64
280 480
479 248
392 430
392 465
451 129
355 281
129 391
48 269
261 26
280 292
451 390
476 439
392 290
64 105
129 421
129 339
451 384
64 173
261 445
476 420
64 373
476 33
48 474
280 0
280 449
392 436
451 418
64 204
451 471
261 78
129 453
64 19
392 371
479 171
476 434
355 105
129 22
48 375
261 188
392 379
280 450
48 213
280 125
451 343
129 63
129 241
129 322
48 268
64 449
355 406
479 193
355 161
261 180
392 324
451 122
479 93
392 80
280 134
48 424
355 434
479 350
280 220
261 177
476 344
476 26
129 63
479 329
392 247
261 183
48 228
451 38
392 58
129 404
48 33
261 250
476 207
479 193
479 5
451 415
479 282
451 379
280 227
129 373
280 7
355 4
48 1
64 73
129 327
48 163
261 220
129 56
355 285
392 307
261 67
476 151
64 458
48 239
392 125
476 307
129 454
129 359
48 104
261 418
48 40
392 317
261 200
280 191
129 226
451 60
64 217
355 206
392 253
64 249
129 305
476 395
451 282
451 113
355 277
129 319
392 479
64 279
129 115
451 387
280 484
392 55
48 371
280 113
392 239
451 235
261 281
48 472
355 319
48 195
392 279
48 49
451 468
48 320
129 462
451 239
392 245
129 261
451 480
280 157
261 382
392 224
48 367
355 315
451 46
280 385
355 153
451 230
64 62
129 97
392 322
64 411
48 423
451 423
129 330
48 321
479 20
64 436
479 212
355 83
476 459
261 101
451 100
280 426
476 319
451 339
64 265
48 18
280 337
392 314
261 194
451 21
64 248
280 464
479 46
451 13
64 304
451 120
479 15
392 180
392 74
64 349
479 58
280 469
129 33
64 282
479 323
392 157
476 81
355 405
476 118
355 65
64 220
479 271
261 45
261 393
392 224
392 466
476 288
48 482
355 50
129 393
48 453
355 335
355 36
129 387
48 409
280 424
48 140
392 38
48 380
355 472
479 11
479 143
280 429
48 273
129 408
64 286
355 346
64 425
64 136
261 95
48 437
280 340
476 318
48 32
280 22
451 286
355 462
64 472
48 247
48 436
476 475
129 28
48 420
261 430
129 327
261 293
261 125
261 13
392 0
280 275
48 424
129 62
261 97
280 220
261 223
476 171
48 344
129 290
479 457
129 213
64 181
392 92
392 282
48 291
451 233
64 220
476 335
64 198
476 217
479 95
451 60
479 73
451 94
476 482
129 31
280 415
479 199
129 93
129 128
355 14
280 3
261 123
129 239
129 222
48 249
392 218
129 39
355 386
129 454
476 193
64 240
451 448
392 334
479 60
392 67
129 341
479 115
48 8
392 258
48 91
476 409
48 240
64 441
392 368
48 97
476 454
64 459
280 429
129 176
451 363
479 163
392 20
355 263
261 344
129 275
64 388
479 290
48 253
261 99
355 260
392 229
261 324
451 195
64 310
476 331
261 220
476 287
129 296
476 435
476 407
261 441
280 137
280 107
476 473
48 121
476 206
392 418
64 340
355 400
129 265
479 409
355 163
392 340
476 180
355 19
476 292
64 407
280 50
451 46
64 1
129 104
392 147
476 115
129 456
48 51
479 363
129 320
48 423
476 217
48 20
48 482
392 186
392 458
129 28
48 306
64 300
261 373
479 385
451 69
355 134
355 281
280 54
64 433
355 255
355 465
476 115
392 287
280 383
479 309
280 265
392 339
48 459
48 81
392 49
129 138
280 295
479 423
355 242
479 170
261 1
355 370
479 467
355 111
355 261
476 303
48 241
129 60
451 3
355 93
451 272
129 210
129 389
451 3
64 370
48 17
479 195
129 433
280 211
48 469
64 136
451 261
451 343
355 466
129 360
355 327
476 345
48 317
261 23
479 54
392 103
451 475
355 301
392 337
451 135
355 394
280 49
479 361
479 57
451 146
355 419
451 222
280 332
451 412
479 183
479 472
451 328
476 55
261 300
451 362
129 473
129 304
479 72
48 295
479 461
48 49
479 278
392 409
479 273
280 425
261 441
280 303
479 258
64 90
48 157
261 303
48 142
355 71
280 116
48 247
476 122
479 6
64 154
261 345
355 234
451 363
129 330
261 20
64 146
64 212
476 73
392 122
476 421
129 165
451 440
476 208
280 337
479 419
355 255
64 85
479 113
392 463
64 126
451 323
479 252
476 275
280 466
451 39
48 316
261 53
48 454
129 80
280 198
392 447
451 84
392 137
479 303
479 136
355 481
476 406
355 51
355 128
280 227
64 245
451 358
451 0
48 387
129 318
479 471
261 54
355 449
355 58
261 80
451 157
479 118
48 356
392 134
392 55
392 86
355 256
48 153
64 261
48 163
451 274
476 192
479 273
48 363
479 163
64 361
355 155
451 98
355 131
479 263
355 145
280 264
355 258
479 474
48 387
476 85
451 229
129 269
392 71
355 82
479 81
280 332
48 34
129 408
451 72
48 371
451 456
392 300
64 349
479 72
355 334
261 231
261 240
355 174
479 93
476 212
64 151
479 193
392 475
129 134
355 46
64 181
48 407
48 251
392 28
476 244
476 151
451 464
280 323
129 107
261 417
451 165
48 305
64 388
261 57
129 325
280 479
280 306
476 175
48 414
48 458
64 301
261 459
479 185
64 347
392 18
261 82
355 302
392 117
479 478
261 397
261 320
392 266
261 27
392 62
64 357
476 220
392 49
129 145
129 177
64 240
280 46
476 434
48 184
451 91
392 206
476 415
64 284
451 88
355 441
64 239
392 23
392 421
280 201
48 277
261 1
392 5
129 447
261 108
129 200
261 226
355 304
280 365
476 71
48 333
280 55
280 467
355 92
355 176
355 377
280 336
280 402
476 3
355 299
479 271
129 354
479 121
261 223
261 114
476 94
392 214
392 5
355 414
479 387
355 212
129 289
129 388
451 277
129 131
129 78
392 118
479 237
355 426
476 38
64 438
476 331
280 221
451 445
451 99
479 182
355 207
451 31
451 482
451 116
280 330
129 70
48 181
392 244
355 35
476 361
64 257
129 14
479 299
392 127
451 403
355 83
392 138
64 357
261 414
129 294
48 36
392 413
479 313
355 404
479 230
355 189
451 259
355 118
64 441
129 275
479 198
451 431
451 218
355 426
64 140
261 235
261 399
48 247
48 41
451 109
64 193
392 420
64 128
64 239
48 131
261 37
355 51
48 300
476 327
392 99
355 215
451 152
476 338
48 31
392 375
261 20
355 422
476 249
261 451
261 89
261 227
392 191
392 29
280 223
479 309
64 395
48 312
280 318
129 150
451 220
355 164
355 449
355 167
392 14
392 126
48 7
280 68
479 120
476 402
129 328
355 29
451 88
392 404
479 374
392 110
476 309
280 297
261 431
48 149
476 250
355 349
261 43
64 83
479 355
355 280
129 422
392 243
476 148
476 228
48 177
129 303
129 88
355 282
280 356
476 75
280 73
355 335
129 166
476 286
64 180
48 285
476 165
479 321
476 291
479 323
451 149
64 481
129 83
48 106
48 207
392 354
48 240
476 380
479 360
392 81
261 101
129 246
451 78
451 228
280 83
392 29
261 126
451 14
129 258
392 287
392 283
48 41
48 249
392 227
280 104
48 168
479 164
355 379
355 408
129 209
129 181
451 109
129 301
355 82
355 99
129 264
355 90
261 190
280 409
261 253
64 266
64 259
64 131
355 475
48 58
476 195
129 300
451 310
392 406
479 319
64 8
451 337
261 53
355 126
476 408
476 167
355 143
64 162
479 55
280 108
280 361
392 298
355 384
48 411
355 345
355 163
261 109
392 301
355 258
129 115
129 194
280 132
451 381
129 348
355 35
261 110
129 400
129 428
476 328
392 20
64 185
479 104
261 78
129 437
129 440
129 109
355 113
129 170
48 447
280 471
479 374
48 95
48 383
48 301
280 232
64 479
129 355
355 300
451 63
476 93
261 280
280 465
451 69
355 205
451 203
261 370
48 396
48 220
48 218
479 71
64 84
355 4
355 409
479 437
261 328
48 405
280 22
451 346
129 364
48 259
355 250
355 231
479 268
355 433
479 412
280 424
476 280
261 30
64 35
476 221
261 189
261 5
392 381
48 35
64 448
355 262
392 142
476 155
64 212
355 172
392 407
129 173
451 16
280 335
476 291
355 72
64 106
392 126
476 203
129 290
280 236
261 247
129 49
355 342
451 30
392 448
451 305
48 478
392 276
479 428
261 358
479 415
479 217
479 409
479 221
280 15
280 217
280 117
451 154
280 231
479 440
451 445
392 224
451 462
479 352
129 267
48 433
48 343
392 132
64 316
476 465
392 88
261 42
48 402
280 286
129 266
129 74
355 182
261 226
280 42
129 407
476 73
129 118
129 236
280 240
392 217
64 23
451 463
280 61
64 478
451 405
476 225
355 461
479 141
48 439
280 198
392 446
129 309
64 370
451 15
280 451
476 231
355 42
355 178
476 23
129 30
355 80
64 129
355 467
392 27
451 96
261 262
129 90
392 297
129 343
261 371
392 449
451 397
392 183
261 392
355 152
48 297
355 256
64 57
451 99
392 463
48 448
261 374
355 81
280 55
479 4
355 156
476 13
48 383
261 151
392 202
476 6
451 205
261 299
476 231
479 368
129 174
129 236
280 223
392 462
476 222
355 456
261 136
355 176
64 61
476 249
451 12
48 349
129 391
64 478
261 285
476 218
476 447
280 200
280 75
129 40
261 95
479 188
261 399
479 75
48 38
479 131
280 238
451 394
479 116
64 424
280 455
261 408
355 189
261 381
48 237
129 252
48 169
261 13
355 416
48 260
280 116
392 405
479 59
392 106
479 38
476 236
479 142
476 440
451 71
64 143
392 299
64 357
48 293
355 439
64 141
392 281
479 458
280 478
48 188
129 201
261 148
476 230
48 23
392 127
48 474
48 207
392 146
129 197
64 32
64 337
48 343
451 426
280 455
476 258
451 322
392 97
64 289
451 232
392 305
129 282
48 437
479 143
129 104
280 482
451 454
48 451
392 303
64 392
476 323
476 284
476 123
355 63
64 251
451 44
451 115
392 407
479 436
48 385
451 282
479 187
451 229
392 246
476 418
479 209
280 438
261 483
48 482
451 422
479 282
479 15
392 273
129 175
476 81
479 159
64 19
476 430
261 383
355 313
280 166
280 267
392 414
261 48
355 142
476 204
48 123
392 360
261 222
479 197
48 290
355 298
479 93
355 188
451 161
280 464
355 464
451 397
64 316
48 355
64 140
280 99
392 273
451 416
451 367
479 212
355 269
129 368
129 265
129 350
280 5
479 97
392 327
64 337
64 180
129 209
392 63
476 417
479 299
479 62
261 103
129 72
476 147
355 398
129 452
48 32
451 66
280 228
261 458
64 348
451 291
261 371
64 31
129 218
261 294
392 344
476 171
261 137
355 148
355 396
129 217
451 288
129 343
355 364
280 335
476 374
64 374
479 199
280 106
280 368
476 205
129 15
280 45
479 371
64 83
355 219
355 437
392 271
451 449
129 437
479 340
129 73
476 204
355 295
355 308
476 211
261 371
261 49
129 136
451 384
261 414
261 106
479 121
355 71
261 332
451 202
48 309
129 477
476 483
392 48
479 151
129 448
280 136
479 345
48 1
451 11
451 47
129 459
479 149
476 107
392 456
451 393
451 412
280 150
280 475
129 176
261 286
280 398
129 64
392 103
261 63
261 376
479 467
451 123
476 331
479 429
355 357
476 386
451 476
476 254
479 471
64 331
280 400
280 125
476 162
355 301
451 323
261 380
48 84
48 420
476 304
64 210
392 359
479 415
48 276
280 252
64 73
48 325
280 238
48 128
479 131
48 358
280 11
48 315
476 143
476 289
355 103
261 196
64 158
451 396
355 46
476 214
48 438
280 121
280 298
355 164
48 454
451 9
451 238
392 405
48 387
129 258
129 333
48 305
355 20
479 436
64 482
392 425
355 222
280 258
479 137
392 6
280 61
48 50
129 443
129 443
129 237
479 345
48 310
355 188
479 354
479 330
48 301
476 223
476 467
64 41
476 254
392 190
355 390
48 349
129 400
48 26
280 441
451 231
129 459
355 201
261 347
451 56
392 220
48 238
280 149
355 150
129 328
476 389
476 371
392 468
129 445
355 268
476 291
129 49
64 96
476 429
392 349
64 398
392 351
280 231
479 455
392 222
355 459
392 470
261 102
129 439
261 70
64 5
280 182
48 322
261 398
392 90
355 49
280 145
476 390
476 455
479 160
261 65
129 229
48 263
64 260
476 185
261 285
280 477
280 460
261 138
451 100
129 75
64 263
479 108
280 268
451 395
261 110
392 44
451 207
129 14
479 368
64 387
355 124
451 252
355 97
476 300
451 299
261 66
476 411
479 225
451 272
280 42
476 219
280 183
476 386
355 418
129 357
392 415
48 363
392 96
64 84
48 117
451 387
392 251
129 167
392 429
355 268
48 178
261 79
451 49
280 236
479 472
48 364
48 294
479 40
392 161
280 435
64 397
476 305
280 106
48 183
261 134
392 415
261 190
129 140
129 273
479 118
64 21
129 179
476 430
479 224
64 465
476 453
451 231
280 338
129 287
64 180
476 207
392 70
64 110
129 287
451 127
355 118
48 43
479 241
280 130
261 343
261 79
261 363
261 380
48 475
64 256
476 285
129 138
280 457
64 84
64 471
451 227
64 195
392 206
479 130
261 68
261 201
280 77
451 372
392 73
64 43
479 275
64 267
129 395
451 357
355 9
476 324
280 217
48 353
392 464
261 9
355 345
129 302
129 225
64 25
392 52
280 12
479 104
355 162
48 32
476 67
392 27
479 351
479 326
355 322
64 475
392 441
476 188
476 178
476 204
479 181
48 39
129 251
48 313
476 47
392 19
64 221
261 169
48 420
355 262
451 224
280 236
355 91
64 318
261 195
64 272
129 90
280 335
451 251
392 33
479 219
261 96
355 481
392 101
355 265
479 415
392 332
392 396
48 311
392 214
479 202
129 139
64 9
479 164
451 1
451 222
64 126
64 280
261 276
451 17
280 310
64 461
280 1
392 177
392 398
280 182
451 51
476 192
280 267
479 427
451 192
64 28
392 119
64 364
280 82
479 273
48 256
280 459
451 187
451 294
451 411
451 190
64 229
48 266
261 296
129 67
48 242
451 322
261 377
129 456
261 427
392 77
479 327
479 52
64 55
280 177
392 13
392 73
392 378
64 119
479 36
355 369
476 100
392 182
261 2
479 309
451 19
129 373
129 203
355 6
476 325
48 86
479 472
392 216
261 53
64 306
355 212
479 231
451 88
280 323
64 368
476 273
64 471
261 11
355 465
451 319
355 482
129 481
355 13
280 376
355 17
280 95
451 411
451 159
476 326
476 383
129 369
451 262
48 143
129 68
280 107
129 359
476 263
392 432
476 105
48 151
479 17
64 307
355 412
355 67
479 434
261 237
280 381
355 286
451 470
64 463
64 463
355 11
355 211
392 95
392 165
392 2
261 113
48 77
261 146
64 285
280 269
129 259
261 347
280 138
479 260
64 97
479 261
261 321
280 179
355 404
64 449
479 290
392 308
479 231
476 22
261 38
64 248
479 360
129 205
64 248
129 63
261 229
476 229
48 411
280 255
355 91
280 114
392 226
476 219
479 455
64 364
129 175
64 181
261 177
64 369
48 154
261 329
476 145
479 465
355 436
64 267
355 8
48 458
392 459
64 351
355 402
392 164
64 433
451 312
476 400
261 331
451 378
392 257
476 450
451 313
48 285
261 20
476 46
476 288
355 128
48 334
64 346
129 336
479 236
392 145
261 91
261 312
355 33
280 437
261 41
261 165
479 287
64 380
476 339
355 213
451 273
451 447
451 120
355 224
392 218
479 154
355 213
280 28
476 254
479 93
261 155
476 262
392 421
392 466
392 467
476 264
261 476
392 141
48 456
355 273
64 65
64 294
280 283
476 91
355 373
280 301
476 197
451 394
476 453
476 251
280 477
48 413
64 287
476 209
48 278
261 139
48 46
479 451
64 312
392 26
392 85
479 337
129 459
355 72
129 226
129 185
476 90
451 382
48 29
392 369
479 348
48 73
261 143
451 346
355 225
280 302
48 293
451 66
48 77
64 383
392 138
451 10
392 302
48 211
280 344
479 4
355 416
355 404
451 402
129 277
261 66
64 457
261 173
476 168
64 348
261 265
64 33
392 92
392 132
280 187
280 397
476 193
392 276
48 135
476 314
476 376
355 199
392 232
129 163
261 134
479 316
451 101
476 326
129 51
479 87
355 266
392 6
64 327
476 66
355 101
451 369
476 186
129 178
280 150
476 39
129 200
261 334
64 60
451 191
48 266
48 402
476 172
355 138
476 54
48 69
392 282
451 303
476 414
64 246
451 390
476 407
48 307
64 146
129 89
280 286
392 232
476 344
129 460
476 126
48 108
479 352
355 395
48 348
280 227
355 423
355 235
451 28
479 382
355 130
280 263
476 276
476 84
355 266
261 79
451 83
64 407
261 276
280 451
479 280
392 49
48 2
355 475
280 458
280 212
261 125
355 452
280 301
476 263
392 305
355 389
476 117
392 347
48 329
129 330
129 64
451 250
451 302
476 9
479 339
355 327
280 45
476 112
392 135
64 221
355 437
392 364
451 132
280 305
48 105
476 292
280 411
451 353
261 149
476 478
64 13
64 413
392 444
261 86
280 225
476 361
129 271
280 421
451 173
479 282
451 225
48 112
280 94
476 311
476 310
64 354
355 380
280 484
129 417
48 462
392 24
476 446
355 230
451 6
451 254
48 388
280 72
64 195
476 101
48 264
476 381
476 70
355 63
129 238
129 33
64 322
476 229
129 163
129 449
392 407
479 108
451 245
280 199
261 153
64 296
261 341
355 162
48 407
64 330
48 154
261 472
48 208
64 61
280 442
479 404
355 75
451 57
451 443
64 166
392 113
476 399
48 261
261 466
451 343
48 308
476 145
280 26
355 164
48 25
64 211
261 405
48 433
355 431
280 239
280 282
129 160
280 206
261 434
280 78
479 118
392 401
355 39
451 283
280 425
479 3
64 451
280 359
476 211
280 408
451 41
261 175
451 204
479 405
48 83
479 381
261 354
48 84
451 237
280 14
280 120
64 152
280 107
392 204
261 298
476 453
48 411
476 325
476 470
64 235
479 463
479 286
64 327
280 236
355 105
280 273
392 91
476 2
355 344
392 468
451 379
129 471
479 89
261 232
392 196
476 204
261 267
355 448
261 382
48 246
392 352
392 211
392 133
48 372
479 220
392 411
392 171
451 169
392 405
129 187
129 296
64 434
355 230
479 301
64 168
392 27
64 158
280 84
64 361
355 22
129 58
261 85
280 238
392 180
64 448
261 237
392 337
129 411
280 42
48 250
479 467
261 376
48 373
479 363
261 213
280 473
451 200
451 164
280 199
355 145
48 140
476 383
280 133
129 218
476 218
261 139
64 353
280 343
451 43
129 200
48 212
355 14
392 128
280 448
261 468
451 376
129 234
479 445
129 101
48 300
64 109
476 358
479 90
261 409
64 383
451 228
479 79
355 248
64 436
64 217
280 66
64 450
64 483
476 28
129 418
48 335
476 360
451 94
64 132
476 164
261 43
64 377
261 365
48 253
48 52
64 180
280 484
479 438
355 107
392 428
451 34
392 121
129 196
451 436
476 132
48 328
479 300
48 426
479 475
476 47
476 73
280 220
479 144
479 123
451 105
479 344
476 275
261 105
392 291
280 429
392 25
48 77
355 287
129 133
280 327
261 202
64 144
48 207
280 444
451 310
129 391
64 144
64 295
48 32
64 33
48 245
476 282
261 69
129 78
48 246
129 190
48 33
479 14
129 427
355 84
280 482
392 32
479 227
261 7
261 199
129 196
451 252
451 79
479 333
280 398
355 148
129 221
280 311
64 389
129 59
451 422
476 10
476 78
129 264
48 450
355 338
355 458
280 260
129 153
476 173
355 211
392 436
129 283
280 281
64 7
64 92
392 389
476 89
392 89
479 217
64 173
129 154
129 187
355 196
129 48
280 345
476 143
392 9
355 415
261 53
129 437
355 319
129 115
64 254
64 195
476 161
129 270
280 125
451 217
451 158
48 452
479 23
355 425
64 142
392 124
476 118
261 375
261 428
479 340
479 332
355 329
280 116
261 444
355 237
355 68
280 138
392 355
476 410
261 35
129 330
129 106
64 111
479 190
48 374
479 322
64 231
64 102
48 417
64 357
479 189
280 454
451 354
392 56
64 53
48 104
261 415
355 77
451 126
261 379
479 320
479 101
261 61
261 242
451 205
451 459
451 425
129 471
476 240
451 327
355 193
261 218
392 260
280 358
64 152
451 109
280 324
479 144
392 382
280 68
129 271
129 36
476 86
64 190
479 480
392 465
476 213
476 33
392 168
476 130
48 458
479 172
280 447
64 478
261 417
479 109
392 15
129 347
355 26
261 394
280 377
451 215
129 387
451 85
479 175
48 249
476 458
451 235
476 299
355 111
476 189
129 375
280 364
129 461
48 259
129 453
48 392
129 296
48 189
392 140
392 97
261 147
392 353
392 51
129 234
64 381
129 356
48 452
280 165
476 200
479 442
355 376
392 226
48 295
129 65
129 435
392 266
280 350
451 186
261 0
479 100
392 445
392 331
280 470
129 115
129 294
280 198
261 26
451 368
479 254
476 461
48 268
451 143
129 256
48 315
48 278
129 329
64 66
48 418
129 100
451 405
392 405
48 341
261 247
451 344
64 170
280 243
392 52
64 292
451 124
64 334
476 316
129 256
261 281
451 365
479 243
64 326
476 95
479 395
479 96
451 113
64 177
64 0
479 173
392 31
64 398
479 19
451 232
64 168
476 437
261 235
48 46
48 215
476 166
261 120
129 470
355 193
476 473
392 284
355 467
392 14
261 62
479 416
451 81
48 2
392 131
64 152
451 464
355 260
479 453
129 277
48 130
392 77
392 38
280 168
129 276
479 158
476 153
48 191
64 306
479 178
479 257
392 191
129 353
48 101
64 188
392 73
48 203
355 244
129 47
64 206
261 254
355 131
48 419
479 403
355 361
451 283
280 2
479 8
280 355
355 367
392 108
48 459
392 245
261 73
476 145
129 71
129 115
476 456
355 265
479 164
261 363
261 293
129 329
280 51
451 49
129 104
129 132
280 15
261 93
261 76
64 409
355 191
355 148
280 465
355 85
479 391
129 57
476 271
451 27
64 243
280 141
451 179
479 8
355 290
355 33
261 73
280 140
355 400
476 429
64 284
479 405
280 243
392 295
261 11
479 36
355 294
261 169
64 89
48 147
48 170
64 114
64 332
479 99
48 76
280 369
479 16
261 396
479 78
261 383
479 106
129 374
261 397
129 204
129 197
129 416
280 226
479 270
280 336
476 338
64 375
451 45
476 62
392 116
129 89
280 223
48 288
129 192
392 483
355 113
64 171
476 113
355 436
48 176
392 57
280 94
129 87
261 99
476 49
355 104
355 152
261 362
355 358
280 415
261 62
261 18
479 378
479 425
48 335
451 200
476 320
48 251
129 183
261 78
64 198
392 297
48 254
129 226
64 12
392 257
355 88
355 326
479 67
479 300
261 18
355 329
392 30
48 140
48 479
451 152
479 442
355 192
355 413
261 434
280 37
355 434
64 303
64 83
280 163
261 237
261 195
280 321
129 368
129 258
479 384
355 126
451 130
355 138
280 106
48 234
64 188
48 453
48 140
479 410
64 216
48 169
280 263
280 3
280 184
355 24
479 451
48 50
129 6
476 418
48 289
451 254
261 18
261 183
392 270
280 284
48 16
261 335
392 192
280 156
476 196
451 206
129 278
476 133
451 167
392 435
451 463
280 470
479 452
476 198
280 459
392 430
355 73
451 39
451 383
355 445
451 406
476 260
280 126
479 145
479 401
48 447
355 415
129 80
129 100
280 423
451 417
64 185
261 440
280 184
129 191
479 222
261 120
451 100
479 324
48 33
261 162
392 418
48 334
261 219
261 246
476 261
261 458
64 114
48 177
355 320
129 237
280 82
48 448
261 329
129 1
451 426
129 199
280 466
476 49
476 374
48 6
355 407
392 291
479 173
129 326
64 476
476 41
64 166
48 286
64 429
355 70
451 482
479 315
451 449
476 351
129 425
280 306
355 43
64 240
48 35
261 160
129 357
479 242
355 353
261 299
355 244
355 116
48 190
392 202
355 268
48 226
48 119
261 110
280 169
451 420
476 337
48 439
261 320
280 339
48 208
479 446
392 134
280 279
392 327
129 52
280 126
48 156
48 111
261 97
129 433
355 102
392 220
479 381
48 364
280 278
451 209
355 236
476 208
261 221
476 203
451 459
48 358
280 28
355 371
48 402
280 384
129 28
392 99
355 261
476 259
129 103
129 453
355 114
261 92
355 474
479 179
64 416
280 154
129 369
280 336
451 419
355 430
451 399
479 289
476 19
129 327
48 83
355 335
280 390
280 416
476 84
479 131
392 156
280 385
280 274
451 29
48 288
392 330
280 326
479 145
392 111
64 19
479 407
280 350
451 390
48 246
129 16
129 91
392 61
280 232
476 167
451 153
129 313
48 458
48 110
451 117
64 47
129 95
392 257
64 365
129 247
64 55
280 93
451 271
280 158
129 360
392 281
261 205
261 27
129 145
64 40
64 285
64 360
451 317
479 146
355 406
392 416
355 33
48 191
280 200
476 260
479 443
451 200
129 319
476 377
479 318
48 4
48 469
48 147
64 379
451 70
48 380
64 187
261 431
451 123
392 97
479 347
479 201
64 181
451 442
355 172
64 483
280 272
476 69
392 86
392 21
261 344
280 284
261 296
64 442
64 198
451 441
261 444
129 225
479 104
64 217
476 316
64 141
355 279
64 454
451 68
129 323
451 241
479 306
392 11
48 93
392 284
476 28
261 202
64 398
64 422
451 95
451 432
48 456
64 479
451 325
48 435
476 399
280 196
451 113
64 379
64 305
261 316
280 52
280 296
280 472
479 123
451 327
261 306
355 172
451 128
479 401
261 339
476 162
48 295
280 45
280 440
451 259
64 37
479 29
476 234
392 347
451 206
451 416
451 385
476 458
392 122
261 67
476 92
48 171
64 439
129 230
129 77
280 401
280 87
476 296
479 222
280 256
48 43
280 360
280 180
451 305
280 448
280 7
451 246
392 117
476 99
261 368
48 123
355 99
64 244
476 383
280 266
451 373
451 283
476 221
48 244
48 321
451 93
280 305
64 36
129 452
479 72
355 88
451 436
129 170
451 374
64 259
129 265
479 340
129 240
392 221
280 13
476 391
479 9
479 211
280 276
451 341
451 483
355 74
392 49
355 84
129 336
280 290
129 459
280 8
48 6
129 18
476 54
48 184
280 329
392 354
392 96
280 41
129 269
476 113
355 31
48 309
392 78
48 420
64 109
392 363
451 482
451 217
280 443
392 398
280 126
64 427
280 249
355 358
479 47
355 468
129 362
355 342
129 406
261 451
451 378
64 473
280 310
392 16
451 19
392 444
355 148
64 416
64 372
476 462
48 49
355 35
355 57
280 86
355 75
64 386
64 198
280 251
355 225
261 59
479 365
355 143
392 360
48 217
261 219
451 27
129 88
261 99
476 28
48 354
280 32
392 436
280 105
261 352
476 264
476 458
129 463
280 41
355 119
64 165
355 470
64 310
48 97
280 364
392 358
129 483
392 375
48 348
64 259
355 414
476 403
261 316
261 309
392 103
48 460
280 10
48 53
451 443
129 389
48 261
451 141
355 2
479 388
392 84
280 336
64 86
476 15
476 181
48 172
355 368
64 297
451 349
479 48
392 382
451 36
129 69
64 84
392 108
129 212
479 80
476 169
48 416
479 284
48 434
280 40
280 385
476 378
451 107
48 56
48 142
64 266
479 359
479 166
129 476
479 96
64 435
451 100
280 172
261 15
280 243
476 369
129 159
129 157
64 256
64 259
451 400
355 445
479 41
129 267
355 375
280 155
129 276
280 298
280 189
355 403
355 170
392 383
64 229
392 480
48 439
48 465
48 113
355 26
48 297
280 379
451 456
479 272
48 56
129 332
129 55
355 328
451 73
479 349
280 426
48 384
280 161
476 171
476 173
280 467
355 36
355 193
48 431
48 201
48 180
392 435
129 422
479 75
64 283
476 427
355 335
355 240
129 6
48 116
280 133
261 222
479 427
476 73
261 428
129 294
355 459
48 459
261 168
280 65
261 199
476 458
392 428
392 353
261 51
129 432
129 225
479 273
392 463
479 25
48 52
48 221
261 276
451 91
392 52
129 322
476 197
392 247
261 44
392 130
280 261
129 349
479 329
355 278
48 171
451 63
355 423
392 464
476 248
280 45
64 398
261 50
261 215
48 18
280 263
479 254
64 185
355 39
476 10
355 169
355 410
451 164
48 163
355 53
451 46
355 11
64 76
476 477
48 41
261 156
355 82
479 276
355 18
129 373
64 171
479 450
261 477
476 157
451 145
48 280
129 421
64 378
451 166
476 452
280 176
261 276
48 4
479 133
476 336
479 199
451 62
261 50
451 216
479 83
451 241
48 456
129 183
129 365
479 458
280 184
392 463
261 364
355 461
392 123
129 311
48 449
476 331
355 45
392 22
451 57
48 451
479 334
129 172
451 226
64 474
479 222
48 354
64 422
355 191
64 91
355 128
129 148
476 431
280 231
392 162
129 238
451 141
64 343
280 202
261 413
451 166
64 297
261 296
48 135
355 462
479 400
280 4
280 206
280 372
129 178
479 165
355 197
476 401
261 236
451 348
261 403
129 402
64 483
129 91
48 186
261 70
392 332
476 205
355 256
64 352
129 100
479 120
451 40
48 371
48 470
392 350
48 283
479 126
476 475
355 478
280 461
355 325
476 46
261 226
129 25
64 326
355 119
64 41
476 272
479 154
479 471
261 113
48 203
48 58
479 378
64 323
64 117
261 316
48 114
280 217
280 302
64 25
451 236
280 133
64 370
261 464
64 185
280 312
355 253
64 80
451 159
48 344
479 294
261 372
451 110
479 251
129 317
451 161
451 478
451 343
280 324
64 455
261 151
129 85
451 282
479 363
479 113
261 118
48 254
48 295
48 323
64 38
280 109
261 137
392 377
451 394
261 0
451 124
129 251
451 63
451 262
261 262
392 20
476 354
280 413
476 143
64 376
392 417
48 113
129 444
476 311
64 56
392 72
48 68
64 343
451 264
479 89
392 22
64 154
129 397
64 62
261 262
355 123
261 34
48 49
129 170
451 373
479 237
64 86
129 87
261 295
451 360
261 15
355 87
261 135
48 141
451 107
476 457
355 194
48 411
355 462
355 78
280 111
479 25
479 360
392 368
280 336
48 330
64 360
261 92
476 23
451 482
261 7
476 176
479 388
261 150
280 241
64 75
64 343
355 85
48 236
280 336
261 210
64 319
479 103
48 242
64 54
64 389
392 309
129 397
392 47
392 253
479 61
48 21
451 60
129 163
280 256
451 427
479 363
479 294
280 418
355 5
280 298
261 404
48 425
479 351
129 32
261 24
280 387
392 134
48 242
280 163
392 321
355 356
476 264
355 454
261 375
479 304
476 464
129 334
479 370
64 143
129 438
129 109
392 250
48 24
129 393
392 260
280 228
451 217
64 8
280 364
48 296
476 117
479 409
476 166
392 271
129 2
355 234
451 90
129 127
261 54
451 184
280 372
355 167
355 247
261 453
479 263
476 22
48 350
261 470
48 423
48 471
479 127
476 309
261 287
479 258
392 124
48 415
355 315
48 152
476 428
261 176
392 104
392 475
261 338
479 45
476 218
479 109
64 233
392 280
392 322
392 174
392 231
64 202
129 369
355 203
355 229
280 368
261 135
261 179
355 112
129 441
280 72
129 196
355 241
129 207
355 27
451 38
64 259
476 131
451 171
129 437
355 391
64 441
261 59
280 340
479 169
280 34
64 357
451 468
451 320
48 82
476 305
479 164
280 66
476 69
479 409
261 86
48 192
280 192
48 37
129 152
392 99
479 382
479 158
355 320
129 204
280 59
129 445
451 394
48 369
476 110
355 32
392 164
476 484
355 136
479 451
355 193
392 469
479 305
392 329
48 78
479 90
451 438
476 203
479 335
129 157
476 265
64 430
392 253
48 361
451 58
261 19
129 441
355 203
451 438
64 139
280 452
280 177
48 421
479 100
261 299
476 248
280 187
280 322
280 451
451 71
48 306
64 298
129 481
392 35
476 457
451 37
261 18
64 430
280 80
451 128
129 399
392 473
476 326
479 444
355 339
479 24
392 103
392 314
355 356
479 295
451 464
280 174
48 457
261 84
280 329
48 155
280 88
261 410
479 139
451 206
355 209
392 207
392 361
48 467
476 251
261 407
392 5
355 127
64 222
476 82
476 38
355 297
48 217
451 57
48 390
64 71
64 400
479 226
48 82
64 420
48 10
261 54
355 280
261 4
479 466
476 162
261 30
129 155
129 410
476 458
48 481
451 290
48 90
355 4
129 331
48 266
476 218
129 449
451 134
261 191
476 400
355 394
355 431
476 353
129 343
479 164
479 23
48 208
476 32
129 22
451 312
392 23
64 66
64 252
479 337
479 277
261 62
451 138
479 166
476 399
280 203
392 448
476 398
261 80
261 354
261 413
476 147
129 345
48 63
64 220
355 12
280 211
479 375
280 6
392 409
129 81
261 110
476 389
479 3
261 68
48 114
479 219
280 441
48 325
261 148
451 402
280 2
451 428
280 102
48 230
64 106
64 313
355 354
280 344
64 70
280 445
479 87
129 242
476 223
64 106
261 34
476 199
392 68
48 58
280 101
476 431
129 231
392 465
129 447
280 30
392 180
261 470
355 148
261 298
392 421
48 271
355 21
476 267
129 457
280 209
129 413
451 87
355 222
129 177
479 127
355 259
355 270
476 424
64 372
280 178
64 178
479 426
261 221
479 45
476 368
261 408
261 318
48 113
261 61
261 212
129 203
280 134
261 240
280 112
392 322
355 361
64 393
479 97
476 442
261 469
129 174
392 263
129 187
261 121
48 31
280 39
280 238
280 156
355 214
392 150
479 204
355 205
355 132
479 303
476 71
129 477
280 313
476 111
355 109
48 248
48 119
129 362
261 25
129 25
64 329
476 480
261 214
280 227
479 200
479 12
48 300
479 106
451 247
48 147
48 453
64 351
392 204
479 384
355 257
479 49
392 92
479 408
261 78
64 111
476 47
280 273
355 0
129 452
48 47
280 441
48 470
261 257
261 406
261 377
280 124
355 207
476 211
355 103
129 263
476 271
476 58
479 43
355 399
64 181
479 342
451 222
261 102
355 401
392 408
261 459
355 240
261 81
355 368
355 398
261 128
451 304
476 204
355 481
392 427
355 15
261 153
451 92
64 430
129 324
476 49
280 135
48 328
48 95
451 128
392 394
48 333
355 9
355 96
476 284
48 224
451 430
392 322
129 392
479 381
129 376
48 233
355 385
476 58
129 172
355 15
261 375
48 479
261 44
48 207
261 275
48 112
64 60
479 145
48 469
476 213
392 183
479 139
280 104
479 162
476 285
129 259
64 181
355 48
280 157
129 200
48 62
355 303
129 2
129 443
129 291
476 463
64 372
451 39
129 35
280 465
64 105
479 43
64 310
451 227
451 52
280 318
476 141
129 254
355 385
280 188
64 93
392 422
129 249
64 72
392 411
280 41
451 132
129 188
451 259
48 198
479 323
355 356
479 233
280 222
64 209
451 193
476 111
280 146
476 150
479 378
392 174
64 149
451 474
280 116
479 430
392 40
476 20
451 225
48 408
48 65
355 46
476 286
479 119
129 328
64 252
392 427
280 292
261 320
261 378
261 38
451 363
451 130
392 46
280 483
129 205
48 213
451 12
355 82
280 461
355 227
392 149
476 457
479 22
64 68
64 35
64 171
479 219
476 149
479 199
48 53
355 233
261 177
261 274
64 229
129 214
48 431
476 192
451 272
261 330
64 308
479 326
392 359
64 42
48 405
129 118
129 336
64 292
392 55
48 277
280 328
451 263
355 38
280 372
355 274
451 82
280 181
479 112
392 264
48 73
129 177
392 27
355 167
129 417
48 266
129 59
451 206
280 351
261 430
48 402
129 134
476 127
261 230
392 63
261 7
64 112
479 3
261 16
355 417
355 360
476 161
355 219
451 384
479 34
476 39
479 73
479 391
64 50
355 289
479 345
476 167
280 467
392 310
64 81
392 419
479 265
451 111
451 435
476 478
129 6
392 137
392 213
355 58
451 400
392 453
64 222
476 484
479 234
48 151
392 221
64 94
355 313
355 176
129 396
355 450
48 112
64 303
392 52
479 357
476 248
476 162
476 108
261 374
261 457
392 89
479 399
280 261
64 113
261 432
392 430
479 259
392 87
451 353
451 457
392 368
355 449
392 468
48 457
261 55
261 139
476 248
261 313
451 176
355 345
48 361
476 254
392 226
451 224
48 84
64 167
451 45
280 330
479 275
64 198
355 42
261 385
476 386
280 402
451 465
476 294
64 205
479 139
64 95
129 16
476 102
129 107
129 372
48 69
392 162
261 153
479 188
280 346
392 178
476 157
64 204
261 91
129 462
280 373
64 473
129 203
129 471
355 47
64 10
48 193
129 152
129 259
392 172
479 338
355 481
129 278
479 111
48 418
355 99
261 356
479 338
48 19
261 64
129 185
280 242
64 285
129 146
479 21
48 70
129 32
280 397
451 229
48 257
64 462
476 320
280 449
451 27
479 64
64 318
355 64
392 254
280 354
64 331
48 311
129 288
355 335
280 235
64 335
479 315
392 388
355 315
48 255
355 106
355 475
476 288
392 407
64 266
48 85
476 106
392 68
64 123
280 2
479 73
48 369
64 424
451 321
280 340
451 139
64 48
261 467
64 339
129 388
479 106
280 205
280 316
476 435
476 352
261 329
451 105
392 353
479 349
64 178
64 310
129 92
392 52
129 304
476 113
355 97
64 362
48 212
451 181
129 460
129 380
355 350
280 303
280 388
280 237
64 102
476 168
280 470
280 415
261 95
355 169
355 193
261 242
129 221
451 14
261 428
48 412
129 417
476 196
479 277
355 298
451 177
355 227
280 69
479 340
129 224
48 189
451 179
476 150
48 347
476 63
476 126
64 45
48 332
64 147
451 128
479 85
64 92
129 21
129 216
451 35
64 123
280 304
261 112
48 81
392 141
479 484
64 80
355 48
476 427
261 186
355 433
392 474
392 183
129 52
476 27
280 469
479 357
48 353
129 305
355 27
129 317
476 8
476 121
280 241
129 49
355 70
280 163
48 268
355 329
476 417
48 81
48 260
451 340
479 92
451 18
280 461
476 79
280 298
451 351
280 255
476 79
48 9
392 355
261 6
129 303
280 204
451 92
355 348
479 5
451 99
479 399
280 362
451 222
392 147
476 330
129 0
392 156
392 134
451 49
451 323
280 64
280 34
261 191
451 224
476 4
476 231
48 386
476 179
451 54
64 152
261 246
48 460
48 423
48 429
451 206
479 478
64 297
355 57
451 459
64 56
355 171
280 345
261 138
261 203
476 84
129 362
355 410
392 115
261 208
129 22
129 266
129 413
261 63
280 230
451 200
392 47
451 378
64 461
479 121
48 360
261 199
280 349
479 329
451 391
355 57
261 392
64 261
261 344
476 12
355 391
261 146
392 206
261 149
479 277
129 388
451 445
355 376
451 67
64 366
261 259
129 213
451 222
64 431
48 469
392 96
129 185
48 428
392 166
280 355
64 7
451 299
64 192
280 417
129 184
261 362
451 139
451 134
280 55
129 372
261 397
476 337
392 95
355 133
355 34
476 417
280 314
261 480
129 258
48 5
64 68
48 437
48 82
479 356
48 51
355 36
64 35
261 397
355 425
64 86
476 323
280 458
479 3
451 327
479 224
476 365
392 297
451 251
355 182
129 67
48 484
48 322
129 21
64 408
48 347
280 353
129 37
392 31
64 60
48 456
392 71
355 193
392 100
48 484
355 251
48 414
451 469
48 132
129 478
479 75
476 120
451 302
64 316
476 327
479 309
479 291
451 245
392 294
355 93
129 6
392 154
355 214
280 119
261 115
48 277
64 111
451 149
261 254
64 442
355 422
261 130
261 239
479 442
280 230
392 238
392 144
261 451
64 229
392 214
355 236
392 417
129 248
261 219
48 55
451 473
451 94
280 59
261 181
280 386
479 316
451 207
261 63
129 65
64 398
479 405
476 17
129 484
479 113
48 113
355 410
392 280
451 282
355 470
451 256
280 204
392 297
392 436
280 336
48 145
64 381
392 265
261 85
129 149
129 206
280 58
129 107
451 238
451 224
64 216
476 263
261 274
64 431
392 292
129 349
261 407
129 30
392 20
451 325
48 332
355 207
392 102
392 323
261 48
479 178
280 103
261 301
64 298
476 439
479 478
392 330
479 203
392 438
64 149
476 158
451 78
64 211
261 4
479 56
451 145
451 296
48 238
451 320
451 254
261 154
261 367
392 87
392 107
48 337
48 167
129 395
261 476
280 437
476 314
451 67
64 100
129 173
392 114
64 277
64 177
129 12
64 312
392 131
129 421
392 255
476 262
479 405
280 307
280 454
280 171
261 466
280 377
392 171
280 285
355 45
64 264
451 154
261 240
64 276
479 433
451 213
451 173
64 343
64 132
129 463
261 185
355 396
392 146
261 429
479 223
355 326
476 384
479 89
48 229
355 27
355 28
129 398
392 242
355 434
48 401
392 63
479 270
479 136
451 194
451 355
129 333
48 56
48 340
129 314
476 457
451 422
355 299
476 298
451 471
64 26
451 74
451 147
479 28
451 223
451 328
355 171
451 316
129 246
479 253
476 315
451 154
280 392
129 26
355 403
129 433
261 120
451 139
64 226
64 303
129 12
451 481
476 376
476 44
280 208
355 144
451 238
261 391
355 150
261 97
392 453
479 182
48 348
451 269
280 86
392 483
479 199
64 132
392 55
261 201
129 323
451 98
280 130
355 441
64 117
355 436
392 261
355 310
129 414
280 82
451 75
48 322
64 257
392 70
451 4
48 298
280 355
479 42
476 35
476 91
451 383
392 344
129 51
451 117
392 165
64 196
261 107
355 313
64 373
261 317
280 402
476 78
355 416
476 252
451 278
392 238
355 270
451 400
479 41
479 369
479 279
476 263
479 389
261 481
392 50
479 35
48 231
129 96
280 418
280 454
280 180
451 378
392 214
476 266
280 332
48 140
129 441
451 77
48 74
355 400
48 82
392 20
479 175
129 434
392 381
355 88
479 84
129 32
451 41
64 338
479 419
479 297
64 160
64 168
48 135
129 395
476 71
261 472
476 409
64 394
64 75
355 317
355 332
261 276
479 149
479 221
261 133
476 271
355 390
476 353
392 23
392 28
355 25
451 361
129 312
48 344
479 9
451 88
48 131
261 96
48 183
355 105
355 258
261 327
64 188
479 89
355 424
451 32
48 398
48 194
280 414
280 309
451 5
48 213
355 407
476 233
479 43
355 220
129 411
64 124
64 3
392 202
129 467
261 242
479 202
479 333
451 382
129 183
392 243
479 418
392 289
476 482
479 92
451 27
280 203
479 434
479 144
261 483
479 185
129 370
479 322
451 148
48 453
392 120
261 12
129 356
355 382
451 158
355 157
355 143
392 284
261 469
355 444
64 218
355 308
476 483
129 81
355 111
479 16
64 379
451 421
48 285
129 43
451 120
261 177
261 301
48 371
280 165
392 91
355 268
129 152
64 226
476 450
476 66
48 455
479 364
280 192
261 331
451 354
48 236
476 334
451 284
476 178
476 293
129 257
355 209
48 211
479 313
261 99
48 245
261 147
451 376
129 464
355 43
129 227
392 350
261 71
355 308
280 43
48 360
280 71
451 211
392 155
479 193
129 31
476 409
280 154
64 421
479 180
261 52
355 482
261 481
479 475
48 85
64 397
476 16
64 248
476 120
355 405
48 356
129 325
48 409
476 259
280 460
392 267
64 441
48 189
392 105
355 95
48 160
129 244
129 209
280 439
451 343
451 94
355 467
355 188
129 155
392 80
451 453
451 483
476 67
261 424
129 422
479 128
355 170
392 221
261 469
64 149
48 463
48 343
280 303
48 159
355 408
129 221
392 58
64 222
64 178
48 173
479 265
451 114
355 132
129 161
261 197
451 193
392 123
64 317
280 357
129 122
476 237
476 228
48 142
261 40
261 236
479 363
261 0
129 297
64 278
261 129
64 45
451 452
451 169
280 388
451 448
392 364
64 466
392 177
479 279
261 387
48 72
64 244
280 461
451 388
392 368
476 265
476 330
129 305
476 15
280 90
451 330
476 321
451 301
451 9
476 49
48 122
476 42
479 157
476 384
355 458
476 34
479 386
280 233
280 327
355 289
129 171
476 450
479 385
479 228
476 386
261 473
476 248
129 54
280 374
129 296
479 35
280 190
261 364
451 427
451 391
451 92
48 342
476 325
261 461
261 223
280 345
129 365
64 359
261 295
48 83
261 317
280 169
129 368
479 306
451 223
392 197
479 467
48 212
129 467
261 354
392 299
261 86
129 478
451 139
48 69
129 20
261 472
476 468
451 116
451 250
64 408
451 232
129 245
129 230
476 315
64 284
280 95
451 154
479 40
280 139
479 14
476 480
129 94
48 273
64 191
476 418
129 10
355 413
261 103
392 105
476 183
451 257
355 396
479 62
479 161
479 383
48 288
261 144
451 97
129 15
261 338
280 117
48 281
64 440
476 317
451 444
476 371
48 251
64 182
479 94
479 102
355 292
261 101
280 125
479 242
479 165
392 297
476 415
48 182
280 28
392 85
64 483
64 159
64 233
451 255
392 112
64 144
355 414
280 315
280 197
392 310
476 74
476 60
64 326
64 175
355 318
261 454
280 426
451 430
280 361
64 355
261 60
129 471
129 449
129 325
64 219
129 231
280 131
48 342
451 257
355 90
451 229
261 31
479 239
64 402
355 96
392 256
355 329
451 61
392 388
261 411
261 348
64 122
392 85
479 452
479 225
129 373
129 442
48 63
392 229
280 232
451 7
476 481
479 440
64 19
280 16
479 231
476 278
48 172
64 384
392 72
280 193
64 475
479 13
261 359
129 423
392 257
48 199
355 197
479 42
476 166
451 72
392 446
476 187
280 67
392 290
64 41
479 452
392 420
479 363
261 360
48 232
48 279
48 463
479 50
451 177
476 213
479 102
261 338
129 181
280 454
451 161
479 145
64 89
48 416
479 104
479 191
479 321
261 210
392 431
280 60
355 214
129 232
129 44
280 181
476 304
476 431
479 253
280 415
392 106
48 127
476 87
64 203
280 243
451 264
392 28
479 355
48 175
64 385
355 434
48 117
64 319
129 401
48 74
280 321
476 69
476 310
48 6
451 471
476 271
261 277
280 223
392 120
48 190
261 293
48 104
392 70
451 135
479 215
479 118
392 377
261 235
48 42
129 150
392 28
129 443
129 317
129 282
476 247
476 328
48 460
479 272
392 175
355 296
451 473
280 472
479 183
476 192
48 287
392 189
64 291
129 60
355 201
479 165
48 124
476 38
129 441
479 112
355 202
129 387
479 171
261 180
451 372
451 125
355 52
64 461
451 379
476 315
392 414
261 274
261 365
392 62
479 368
280 318
64 184
392 192
451 238
48 249
451 230
451 341
451 54
261 433
355 290
280 153
479 264
479 95
451 352
476 118
355 452
64 412
64 263
479 453
392 40
451 232
392 148
261 287
280 41
355 192
355 75
261 329
280 4
479 43
451 222
476 115
355 387
479 295
355 361
64 86
48 299
476 347
261 157
476 399
129 0
129 115
129 230
261 319
479 197
64 361
479 143
64 225
280 209
479 116
476 61
355 78
355 96
451 141
280 132
355 176
64 8
280 38
48 437
261 266
476 137
451 63
392 152
129 314
355 111
451 462
261 216
280 181
392 89
48 298
355 211
261 69
479 471
261 211
451 102
355 63
355 408
476 22
479 178
64 138
476 271
476 453
64 43
280 214
48 274
451 137
64 416
64 412
479 431
392 306
129 190
451 167
451 260
261 440
355 202
261 339
355 291
129 325
392 69
476 181
451 251
392 212
261 306
392 161
129 412
48 119
392 419
261 417
355 292
280 472
451 414
129 102
476 218
451 177
392 276
479 52
451 419
64 232
129 43
261 42
280 307
476 96
129 344
129 289
392 298
129 302
479 219
280 3
129 147
355 484
64 288
479 218
355 184
392 477
355 241
476 36
476 285
280 455
64 327
392 422
355 239
261 473
476 364
476 383
479 170
64 246
261 408
392 320
261 239
280 29
261 30
451 280
479 339
479 155
64 327
479 342
64 339
479 201
280 143
261 25
280 210
48 299
451 382
392 30
261 117
451 404
64 72
355 447
392 378
64 26
280 463
280 453
392 135
476 258
261 310
261 345
280 389
451 125
392 199
476 114
48 229
280 177
64 308
451 419
280 388
129 471
355 276
392 5
355 68
355 298
129 387
476 352
476 421
451 117
261 446
451 78
64 304
64 63
48 238
355 198
451 235
476 45
280 210
392 445
280 342
355 6
48 180
64 240
392 181
392 183
355 124
476 346
392 232
392 54
261 86
280 38
392 202
355 124
64 286
261 365
129 200
451 253
48 143
129 115
479 7
355 439
355 253
280 204
392 115
451 234
479 351
48 94
129 213
280 103
451 319
392 384
392 29
355 83
64 448
64 359
48 211
129 159
280 50
261 225
64 407
64 119
48 318
451 236
451 242
476 137
280 63
280 445
64 6
261 305
479 354
280 327
476 429
355 172
451 483
261 124
280 151
48 356
261 270
479 141
261 168
64 225
280 181
280 414
451 140
392 21
392 7
392 461
64 191
261 143
479 11
280 199
451 454
280 285
129 292
476 478
129 103
48 206
355 8
476 188
479 421
392 114
476 274
451 386
261 110
261 2
479 18
261 455
48 187
392 1
476 57
479 214
479 162
280 103
48 3
48 206
479 248
129 25
280 145
451 257
479 335
479 77
355 168
129 347
129 171
476 94
261 80
479 110
64 218
64 93
451 377
48 475
479 465
451 112
64 263
355 66
261 145
451 277
479 196
261 306
479 179
280 34
64 47
261 310
261 380
451 156
392 395
479 122
48 77
451 400
64 283
280 42
479 16
476 7
129 359
451 256
261 377
479 79
64 30
48 404
261 311
355 8
392 4
355 115
355 455
280 405
64 261
476 321
261 440
479 343
48 478
479 259
280 45
280 276
355 380
48 290
64 212
64 353
476 304
479 418
280 389
129 174
48 210
64 411
48 252
261 26
451 65
451 33
129 42
355 201
48 255
479 85
280 246
64 130
476 457
64 23
261 89
451 168
48 462
476 266
261 423
355 62
451 452
355 40
476 86
355 402
392 173
392 310
48 320
392 321
261 135
64 419
129 27
479 233
280 200
451 253
129 3
355 392
476 161
261 435
355 116
129 117
129 293
479 455
355 340
451 231
476 320
64 2
392 15
280 453
476 284
261 333
451 131
280 438
48 279
280 99
476 439
280 337
129 439
48 297
355 99
476 53
261 470
451 147
280 288
48 339
280 243
280 94
451 65
129 249
476 230
479 282
261 212
129 350
476 304
476 346
476 201
392 231
261 295
355 33
261 251
479 396
64 156
48 185
476 342
48 45
355 157
129 417
64 316
479 29
476 15
48 168
129 53
476 173
451 155
476 312
476 277
48 441
261 14
64 234
392 302
392 47
261 226
392 209
355 77
476 12
451 374
451 354
280 69
451 382
479 180
261 179
64 165
48 377
479 54
476 191
261 376
476 194
261 396
261 36
129 278
392 260
355 6
48 381
476 6
261 136
355 340
64 119
479 138
392 386
280 351
48 308
280 468
129 374
392 353
392 250
355 426
64 450
280 345
48 189
48 309
280 147
355 155
451 288
261 300
280 13
280 384
476 72
479 444
129 257
64 316
64 13
129 290
261 73
479 23
355 5
392 173
451 273
129 372
280 298
476 392
479 127
476 93
64 181
280 114
451 324
451 149
479 440
451 411
48 440
261 343
476 177
129 463
261 240
479 40
451 408
129 413
479 174
476 277
261 136
48 50
280 413
280 82
355 214
479 369
261 66
355 183
129 265
479 199
48 151
355 24
280 479
280 157
451 43
64 450
392 55
280 43
451 40
48 367
261 332
476 210
476 327
479 133
476 383
280 301
392 128
355 296
64 296
129 0
451 418
479 137
48 70
479 302
64 76
479 327
64 391
64 399
48 101
355 101
476 422
476 452
451 284
48 280
355 282
48 133
392 188
261 115
476 159
64 90
476 424
355 425
392 456
64 421
479 19
355 244
129 375
64 177
280 319
355 91
476 162
48 388
479 483
355 216
261 88
451 70
355 410
64 394
64 292
476 357
355 265
261 16
451 335
261 265
451 316
451 89
64 216
476 69
129 196
355 195
479 183
479 76
280 99
261 65
451 312
355 31
280 114
392 198
479 424
129 238
261 29
479 119
476 454
355 237
280 386
479 47
476 442
355 369
261 140
451 358
476 273
280 290
392 168
392 274
129 207
129 374
48 249
355 295
280 122
451 84
479 295
64 465
261 483
476 179
280 438
355 7
479 62
392 76
48 139
479 279
261 12
451 126
451 452
48 177
64 40
451 184
48 409
451 12
261 433
261 95
129 463
355 128
355 142
64 286
392 90
261 109
280 134
479 55
48 126
476 111
129 230
280 438
129 30
476 362
392 339
476 388
392 1
64 327
355 442
392 15
280 18
280 350
261 299
479 448
129 52
261 125
392 282
451 282
64 283
476 203
261 336
479 395
280 368
64 472
261 426
476 415
48 396
280 376
392 255
48 367
48 386
129 368
64 320
280 327
479 356
451 435
476 426
479 412
48 371
355 467
280 29
451 84
129 457
355 231
261 148
476 141
451 300
476 440
48 56
479 107
129 329
129 235
261 223
129 310
479 444
355 18
64 308
476 344
476 423
479 228
451 335
476 449
64 453
476 222
48 310
451 241
261 212
129 431
48 173
48 460
261 94
355 231
64 229
392 155
261 298
479 112
48 430
261 337
261 307
48 18
280 240
280 383
48 370
261 31
64 469
479 345
355 39
280 88
476 178
355 95
476 56
64 248
479 317
261 97
129 333
261 5
355 307
476 426
392 478
355 10
48 348
479 182
280 391
48 290
48 304
451 51
280 368
476 40
355 295
129 69
280 241
451 393
280 39
451 11
476 249
479 22
451 50
48 309
129 56
48 342
392 23
280 118
64 250
261 400
129 384
280 153
355 173
280 96
48 2
476 336
479 380
48 102
355 174
355 178
476 46
355 24
261 306
129 227
476 283
355 407
48 212
261 155
48 169
261 335
392 301
392 39
48 342
129 470
261 390
392 126
355 191
476 215
451 290
280 478
355 42
479 13
64 446
64 62
355 177
261 41
261 479
129 439
129 29
129 344
479 182
280 137
280 159
451 201
261 277
129 274
476 97
392 81
451 133
355 470
451 436
476 198
392 302
129 296
479 306
451 98
476 399
48 227
280 263
476 219
129 101
392 393
476 125
479 49
129 318
129 217
392 166
129 166
451 177
261 223
355 141
261 135
48 482
48 36
479 335
261 415
129 66
476 242
392 276
261 66
479 168
451 299
476 131
355 367
476 390
129 400
451 126
64 358
280 304
280 88
261 309
280 386
129 465
129 138
129 108
129 136
129 86
476 166
479 12
261 292
479 158
479 439
355 418
451 440
392 104
48 27
479 417
476 190
129 149
479 171
479 89
476 148
261 42
355 134
261 119
261 72
129 429
451 77
280 149
355 390
476 376
261 205
129 458
451 442
261 125
129 94
355 7
261 99
479 378
479 185
261 176
48 322
261 303
64 34
48 153
261 336
64 98
261 191
479 242
355 129
261 152
129 449
479 208
451 377
451 140
261 403
392 11
476 46
280 99
479 68
48 311
280 229
479 339
355 332
48 150
129 470
280 42
476 5
261 172
355 26
129 145
129 111
392 303
392 355
280 61
64 445
48 257
355 158
261 351
392 161
48 266
48 7
48 287
261 332
129 119
479 457
479 110
261 109
64 71
451 107
479 470
64 48
479 18
129 350
451 43
392 444
476 372
479 174
392 272
280 10
392 2
355 372
261 32
64 155
355 469
392 232
355 318
479 96
129 352
392 155
479 440
129 318
64 341
261 220
261 343
355 152
392 272
48 85
48 353
451 452
355 109
355 37
129 153
129 397
479 208
48 401
48 318
48 475
261 134
280 339
476 429
476 262
476 313
451 462
392 438
451 370
64 377
261 372
355 137
451 277
476 71
451 16
355 354
280 212
479 167
392 160
476 154
451 99
64 21
479 220
451 424
476 184
129 164
392 456
355 250
355 94
451 397
280 428
261 327
392 288
48 221
280 65
479 375
129 387
355 88
280 483
479 349
129 338
476 203
392 233
479 193
355 19
451 281
64 418
48 293
392 161
280 137
451 42
476 255
355 380
261 270
129 332
280 162
280 416
64 282
476 118
129 17
392 126
392 166
476 330
451 165
392 244
261 311
129 53
392 79
479 172
48 169
476 67
129 200
392 185
64 326
64 348
261 450
479 27
48 399
392 278
355 29
476 90
64 416
479 260
355 253
392 228
451 34
280 369
479 175
355 80
48 418
129 94
476 126
392 102
451 277
479 315
280 237
476 452
476 388
280 105
64 314
355 209
451 332
355 445
64 253
64 129
280 6
64 174
476 206
48 294
64 433
392 189
64 160
48 359
261 8
261 60
355 28
129 118
48 318
280 442
261 452
476 135
451 239
355 104
129 283
476 109
476 317
479 409
355 106
261 371
261 224
392 327
129 285
48 304
451 131
392 135
48 474
48 15
355 205
479 85
476 201
64 12
129 380
479 60
261 271
355 328
129 438
451 427
451 437
392 31
355 194
476 312
48 448
64 13
261 367
261 170
64 237
64 354
355 72
451 226
355 334
48 21
48 9
476 204
129 349
476 429
451 217
64 324
355 198
129 388
476 196
48 71
280 219
64 219
48 115
129 277
355 21
64 320
451 452
451 379
355 66
261 166
451 233
479 453
48 177
451 250
280 448
355 332
451 12
392 31
476 288
261 448
451 462
479 448
48 459
479 41
451 306
261 151
48 69
476 180
64 98
129 464
48 407
261 94
64 109
280 453
451 238
129 345
261 430
476 412
261 427
479 206
129 303
280 29
476 121
129 157
64 354
476 236
476 455
261 224
355 65
48 462
476 430
479 18
355 274
129 203
392 139
280 267
451 298
476 353
261 36
129 377
479 226
129 433
392 19
355 113
261 123
64 302
479 205
64 249
48 217
392 445
261 326
48 232
280 296
355 452
129 31
479 383
129 46
355 446
479 62
261 369
261 299
48 307
48 206
261 41
392 365
479 201
451 407
355 194
355 108
280 199
129 179
392 456
129 400
451 280
476 323
392 213
48 361
392 314
48 320
261 481
476 358
476 194
64 339
355 29
280 299
261 90
476 465
280 322
48 92
129 225
392 244
479 60
280 269
479 307
280 339
476 459
48 342
48 70
48 341
48 404
64 386
392 242
451 290
479 376
392 169
476 184
479 449
392 22
280 428
64 180
451 455
479 369
129 66
355 172
476 478
451 358
479 58
355 63
64 451
392 187
392 344
479 440
479 328
48 304
479 79
261 220
261 39
355 360
64 308
355 194
451 244
280 372
48 66
476 224
355 180
451 51
451 224
451 35
479 102
355 136
392 29
479 323
476 140
479 321
392 282
355 267
64 86
48 68
479 459
355 242
392 469
355 462
280 429
476 221
476 218
48 61
261 79
280 278
479 395
479 433
479 195
476 51
129 437
392 144
476 443
129 382
479 116
392 294
129 312
48 108
479 472
64 67
392 205
392 194
64 428
392 112
64 351
48 21
451 18
451 107
476 46
129 119
476 308
392 478
64 369
355 250
451 405
476 87
129 92
355 262
261 229
476 452
355 286
64 292
64 245
479 329
451 300
129 201
280 163
355 405
355 87
479 336
392 39
355 427
355 376
476 111
280 134
392 110
479 3
129 403
261 480
392 373
64 180
355 383
280 369
280 239
476 314
64 467
479 341
355 138
479 2
280 174
280 452
280 14
355 321
280 393
48 314
261 333
451 389
280 45
451 290
261 308
451 130
355 453
476 10
261 4
48 374
355 215
451 68
476 295
479 232
479 269
355 138
129 254
392 391
451 359
479 102
355 254
476 32
64 85
48 446
64 310
261 92
355 149
355 208
261 102
64 245
48 376
280 246
476 26
479 254
280 81
129 35
451 268
392 440
451 295
451 307
64 389
129 357
355 26
48 268
261 365
476 474
64 108
355 415
129 335
392 289
355 434
476 226
48 241
64 281
129 428
476 364
355 342
451 60
261 292
355 454
129 453
129 232
129 466
280 30
479 388
129 53
355 381
48 211
280 230
48 226
355 346
355 240
355 304
392 165
479 87
476 147
392 433
451 266
451 147
355 482
64 32
476 179
64 237
64 415
479 426
64 201
355 303
48 470
280 68
48 433
64 167
64 164
129 1
392 344
64 337
280 412
261 458
479 188
451 299
451 61
64 400
48 79
451 180
451 258
280 454
129 358
129 297
280 440
129 51
479 26
64 17
48 81
476 391
48 274
280 468
48 15
451 151
129 190
451 41
48 309
476 126
261 255
479 403
392 164
280 390
479 404
48 184
451 376
261 72
129 182
129 364
451 456
392 403
48 259
48 2
392 222
261 166
129 4
392 83
129 340
261 474
64 51
479 293
280 152
48 330
479 148
261 62
64 25
64 295
479 438
476 419
48 250
261 141
48 467
479 111
261 401
129 210
280 394
280 231
392 189
479 170
261 6
280 268
451 317
479 141
261 248
355 190
451 252
392 192
476 167
479 43
261 304
129 14
261 243
476 217
476 277
280 477
392 390
64 423
476 287
129 23
129 25
451 214
392 171
479 404
129 408
392 450
48 345
355 254
64 98
392 349
355 466
48 45
451 458
476 352
476 131
64 305
280 13
64 228
479 299
476 270
280 236
355 22
476 204
355 96
476 209
129 443
355 135
64 150
476 129
355 338
476 298
129 382
479 172
479 406
129 108
48 335
355 57
479 201
479 353
280 362
451 185
261 208
479 462
48 63
64 148
261 139
355 121
48 3
392 105
129 234
261 335
451 135
451 16
280 408
451 120
355 415
261 191
392 119
261 112
261 3
64 216
451 414
392 41
451 429
48 183
261 378
392 410
476 104
479 476
261 189
476 254
392 240
129 195
451 13
129 64
479 86
451 456
479 187
64 263
64 142
64 335
48 168
451 333
476 7
129 176
392 53
451 230
280 341
392 189
392 147
355 358
280 428
261 328
129 325
479 213
451 297
261 287
355 74
261 73
261 182
392 295
355 449
280 193
48 335
392 313
129 205
129 160
280 132
64 315
261 442
479 320
64 407
355 174
261 166
451 407
451 376
48 425
64 58
479 112
64 364
129 262
64 136
261 162
451 129
479 25
392 396
476 120
479 63
129 379
280 363
392 228
280 192
451 324
451 453
451 208
479 325
280 344
64 217
392 331
280 44
451 466
392 276
261 178
451 352
355 303
129 458
355 215
355 434
476 249
451 144
129 236
48 448
355 31
64 121
129 398
355 274
280 276
280 0
48 204
64 47
261 445
129 63
392 206
392 282
476 365
280 468
476 483
280 193
261 378
479 466
451 80
129 466
129 403
48 92
48 191
48 61
48 237
64 217
479 192
129 10
129 427
476 299
476 421
451 61
479 374
355 177
48 176
261 4
476 283
129 119
476 29
261 223
280 55
392 312
479 323
476 211
476 407
129 355
451 208
280 41
129 154
479 112
48 204
479 241
64 40
355 191
451 3
261 133
476 190
261 49
64 336
261 402
392 436
476 482
355 397
64 83
129 145
280 176
261 478
48 133
392 12
479 50
280 300
64 164
392 6
261 437
392 354
64 10
476 354
392 261
129 122
392 145
48 432
280 403
392 92
129 113
355 107
48 60
261 175
479 109
129 385
392 93
280 173
355 223
280 127
479 37
476 470
129 473
64 288
355 34
392 19
48 326
476 285
64 372
479 307
261 375
451 453
261 8
355 467
451 113
129 199
476 296
280 112
261 47
64 376
261 322
261 224
64 339
355 397
451 190
48 340
479 126
64 469
451 203
355 87
280 323
355 43
48 226
261 393
451 99
479 305
355 33
280 206
48 475
261 238
129 274
261 308
280 414
129 234
355 309
129 356
392 240
261 120
392 459
64 388
392 323
129 109
64 388
129 289
48 159
64 355
129 131
479 156
355 136
476 189
451 8
451 412
392 433
129 399
64 110
261 10
64 24
280 245
451 300
261 455
476 208
129 298
479 67
48 279
392 389
64 321
48 151
476 266
451 275
392 318
451 471
476 31
392 192
451 342
64 451
355 174
129 447
48 423
129 75
451 141
129 276
479 337
64 435
451 8
261 469
64 33
476 251
355 320
129 31
451 391
48 341
451 78
129 467
476 172
261 353
479 27
479 111
129 261
355 442
451 18
48 67
392 284
64 428
261 258
280 364
476 204
451 328
261 9
261 270
355 200
129 57
64 183
261 220
476 116
479 432
48 121
451 238
479 145
479 251
476 283
48 379
280 11
451 411
48 210
129 296
261 311
392 260
280 167
476 478
48 307
392 159
48 179
451 28
479 75
64 251
48 242
64 47
479 417
64 95
129 8
392 263
392 210
48 93
451 405
261 258
280 86
451 334
479 471
476 332
48 116
129 287
64 159
392 416
48 183
355 273
261 312
476 317
261 46
129 428
129 64
451 471
129 389
129 363
355 161
280 341
392 475
355 122
48 300
261 317
48 169
479 205
451 142
129 134
479 363
392 468
451 296
476 336
64 216
48 354
476 28
48 369
48 325
479 241
479 211
451 337
261 111
129 454
129 204
261 419
64 381
476 269
129 360
261 455
48 147
451 137
280 363
479 133
48 277
129 448
392 318
355 398
476 227
355 136
479 82
129 289
129 90
355 364
451 420
355 325
280 69
479 34
48 396
479 438
261 296
479 35
392 396
280 263
451 373
392 92
451 448
64 99
355 380
392 365
129 226
129 49
479 398
129 180
479 286
479 470
479 348
129 227
261 453
280 286
64 348
355 397
476 443
476 305
64 260
451 35
355 238
261 256
355 153
280 470
261 459
476 55
64 116
48 213
476 328
261 449
261 66
392 330
48 450
392 31
476 16
392 6
280 158
280 332
261 416
48 261
355 100
280 281
48 482
261 407
48 50
479 394
451 226
355 38
48 132
479 134
479 169
451 226
476 274
64 170
280 305
48 108
280 139
479 15
64 12
48 224
479 206
355 6
451 425
355 45
280 315
479 346
64 149
129 172
261 327
129 65
261 167
451 388
64 413
280 345
48 394
261 352
392 24
355 139
476 62
129 330
451 36
261 344
392 47
64 190
355 340
64 323
64 394
355 28
129 400
280 363
392 242
479 160
451 349
451 141
476 150
451 119
261 284
451 134
261 109
479 121
392 112
451 202
476 451
451 109
479 351
261 244
129 344
451 176
355 352
48 228
48 36
451 225
476 259
64 484
392 308
355 376
129 145
479 194
355 41
479 196
48 328
479 435
479 296
476 197
451 483
355 341
392 61
129 407
355 315
451 481
129 398
479 321
355 307
392 458
64 181
476 37
355 216
280 93
476 442
280 340
355 298
479 218
261 60
476 401
451 383
476 201
392 438
64 12
451 394
355 301
64 391
64 145
64 282
280 252
451 205
48 103
476 408
476 400
280 411
129 199
392 159
476 58
476 299
129 316
64 230
451 249
476 306
451 67
476 387
392 255
479 433
261 39
64 319
355 144
451 416
48 234
355 47
64 395
451 122
64 392
392 483
48 445
129 176
355 120
129 47
451 382
355 108
48 223
64 120
476 331
64 185
261 454
48 477
392 272
129 97
355 65
476 263
392 364
392 73
261 207
479 452
48 330
451 431
280 126
64 368
280 253
64 157
64 269
392 201
476 282
261 166
48 382
129 64
129 459
476 81
261 282
476 256
129 430
261 444
261 467
392 353
476 423
355 212
280 422
476 93
476 155
261 10
476 232
64 60
48 65
476 228
479 137
64 134
451 13
280 469
261 350
451 241
280 252
261 136
280 300
261 377
129 186
392 433
476 106
261 367
129 21
48 438
48 283
392 105
48 60
451 231
64 162
261 478
64 227
451 452
280 125
261 290
355 256
129 411
355 100
476 107
280 384
261 21
479 410
280 159
392 312
48 398
64 110
476 178
280 167
479 137
355 289
48 465
479 181
261 328
392 82
479 138
64 97
48 354
476 50
355 424
64 173
280 135
355 292
64 233
129 441
451 304
451 361
451 303
392 198
479 212
64 181
451 447
48 113
476 131
479 299
280 231
392 224
476 174
64 386
392 386
476 325
476 139
280 177
392 401
261 353
392 400
451 265
479 13
261 474
48 152
476 287
64 374
392 268
392 202
261 110
48 43
280 181
261 153
64 110
451 43
48 131
261 202
48 419
451 315
280 480
280 361
129 447
392 244
476 222
479 212
451 423
476 114
280 131
64 353
451 64
129 323
476 210
129 8
64 39
261 331
64 203
451 75
392 169
355 248
476 318
476 418
392 62
476 24
392 215
261 275
261 465
280 205
280 229
476 76
261 136
392 17
261 51
280 91
261 245
48 190
355 146
392 179
451 471
392 270
64 396
392 62
476 60
476 261
479 366
261 61
479 327
280 116
280 38
451 332
261 339
451 292
355 304
129 146
48 394
476 289
261 314
64 335
479 234
476 80
48 23
129 52
48 420
48 386
64 289
129 24
64 313
48 91
64 395
479 173
261 121
64 376
451 423
261 282
479 33
48 66
476 52
129 388
64 182
48 118
261 180
392 45
64 114
48 315
48 383
476 164
479 139
64 432
280 353
64 157
48 314
355 23
261 75
261 111
476 128
129 143
280 66
479 187
392 453
451 32
64 349
451 21
476 216
479 15
479 20
355 268
64 349
392 266
64 90
451 448
48 325
476 418
48 293
129 189
392 371
48 288
476 191
479 64
479 116
392 268
280 46
355 176
64 257
392 287
64 399
476 148
355 132
392 222
451 336
261 162
476 203
129 254
129 156
355 67
392 262
261 234
64 476
261 125
261 109
392 173
476 482
476 425
64 178
261 195
261 142
261 111
479 238
48 299
64 425
451 321
392 132
129 131
129 331
451 121
479 157
261 245
64 422
451 401
261 235
392 435
48 435
479 189
129 409
129 77
48 353
476 352
64 435
261 388
64 203
261 221
479 379
129 470
129 285
48 221
261 174
451 310
129 241
129 363
48 13
392 387
64 280
280 261
280 192
392 62
451 83
479 157
355 51
476 47
280 422
48 96
261 252
476 367
48 63
280 327
48 320
392 169
261 360
261 326
476 428
261 121
451 289
48 212
476 140
476 6
48 59
280 149
476 262
355 107
64 377
64 407
280 349
129 323
392 331
48 287
48 60
355 208
392 371
392 237
280 193
392 474
479 452
48 28
476 248
355 268
392 223
261 357
355 411
392 261
479 263
48 366
355 164
476 468
355 146
479 160
355 391
48 72
280 161
355 247
261 185
355 385
476 450
261 193
479 101
280 473
48 126
48 467
64 413
129 430
48 104
129 251
280 191
451 233
451 78
355 151
64 343
280 164
280 297
451 417
451 172
476 229
451 217
479 375
355 137
355 464
64 74
476 477
64 152
476 179
280 360
479 260
280 33
129 396
280 427
48 46
476 339
64 291
280 366
476 313
476 120
64 2
355 483
64 59
355 269
476 414
129 40
479 162
261 326
476 403
280 267
355 61
129 377
451 298
261 445
476 49
261 457
64 65
451 86
392 203
355 453
129 87
392 69
261 454
451 302
64 7
261 267
392 311
355 186
280 223
280 104
479 274
280 381
261 347
355 429
476 448
280 249
479 66
280 457
261 417
392 469
479 437
261 54
476 32
48 79
280 336
476 374
451 226
476 423
479 126
64 327
479 55
48 360
451 217
64 312
479 67
280 96
64 255
355 376
451 130
392 257
476 343
355 464
64 484
280 367
476 484
476 106
392 140
451 366
476 113
261 13
64 320
64 236
476 414
261 108
280 306
280 31
64 77
64 391
261 72
355 319
479 287
392 458
355 60
392 82
479 452
476 246
451 452
261 468
48 41
451 243
129 311
451 473
48 411
479 107
280 114
261 206
476 145
48 95
48 261
48 151
64 134
48 264
261 433
48 179
64 331
476 95
129 413
476 481
392 31
392 423
48 370
129 360
261 446
479 181
355 482
64 103
280 351
64 448
261 49
64 349
355 452
64 332
261 470
48 64
476 87
280 245
392 206
479 124
261 24
48 419
64 94
48 377
48 296
280 197
479 333
355 457
280 443
355 335
476 292
476 107
261 235
476 449
129 251
355 245
355 17
261 347
355 268
451 114
64 253
48 305
64 151
280 375
280 161
261 472
261 11
129 122
261 106
476 349
261 189
392 192
392 156
476 442
64 218
476 133
392 205
261 18
479 366
129 110
451 94
48 45
355 50
355 49
451 315
48 325
451 253
64 149
129 233
476 365
355 410
479 176
476 47
476 20
355 109
451 398
392 341
280 259
479 175
48 96
476 48
129 81
476 389
261 414
261 416
392 454
451 260
48 454
451 94
64 289
479 156
479 152
392 75
355 213
476 120
280 403
64 378
48 172
129 226
355 439
64 104
280 285
476 148
48 222
48 28
355 35
355 231
451 43
48 301
261 32
392 250
280 459
476 153
392 290
479 247
451 179
451 9
280 393
48 413
479 82
280 287
451 124
355 267
129 405
261 462
451 74
451 191
129 117
48 426
476 99
280 331
261 182
476 201
129 412
48 159
129 346
355 202
355 282
451 476
451 368
355 293
261 392
64 187
479 0
48 323
64 0
48 141
479 330
451 411
261 277
451 304
280 467
129 118
355 228
355 204
392 478
129 223
48 151
355 285
479 465
476 411
64 188
392 26
392 278
280 78
64 292
355 335
261 310
479 28
392 114
451 339
261 118
280 8
64 272
476 45
392 56
129 174
129 473
451 118
392 102
280 42
261 347
392 96
129 6
392 139
451 74
261 170
280 4
392 310
261 297
476 6
355 105
476 125
451 95
451 28
479 135
355 247
451 377
64 138
476 420
280 56
476 472
129 443
48 401
355 439
129 35
48 30
479 358
479 348
476 167
280 393
129 138
280 291
129 209
64 476
451 296
476 385
479 86
355 343
129 460
64 147
392 455
280 216
48 58
129 335
261 89
479 449
479 145
129 461
129 22
392 451
64 261
48 180
479 221
451 199
355 212
451 241
48 446
451 416
261 31
479 361
129 25
355 460
451 266
392 6
355 21
476 1
476 182
451 444
476 89
280 279
48 335
261 156
129 470
451 480
64 242
129 80
392 470
129 39
451 84
261 482
392 378
355 393
280 124
479 300
64 450
129 124
355 303
48 185
129 106
64 94
451 34
451 147
476 17
129 383
280 223
48 183
64 480
48 21
451 146
48 187
451 94
129 454
129 368
261 287
451 439
479 73
355 75
392 22
355 306
48 423
261 10
355 224
392 9
64 347
479 282
48 62
355 224
280 330
479 411
479 145
451 42
355 472
451 357
48 374
479 286
48 412
280 388
476 233
479 8
355 78
48 386
392 263
476 297
392 457
476 107
479 387
451 410
479 49
392 464
451 88
476 349
479 224
451 222
451 135
392 139
280 448
129 313
261 63
451 265
64 171
451 93
64 195
261 196
48 309
392 91
280 241
48 24
261 266
48 177
48 202
64 452
392 251
129 475
280 183
355 205
129 368
355 429
355 28
392 214
129 312
129 352
476 244
392 352
476 358
355 330
261 175
261 391
280 73
129 477
479 262
129 6
280 271
64 435
451 262
392 64
392 256
355 249
392 5
392 348
48 1
280 356
451 235
479 152
48 1
261 94
476 45
451 425
451 136
261 348
392 393
479 132
129 250
451 91
129 116
479 10
280 198
392 86
479 178
392 484
476 36
355 138
64 89
48 207
129 106
451 192
261 205
451 235
451 260
129 240
64 418
479 280
64 196
451 218
355 427
479 146
48 351
476 80
48 247
64 264
280 139
280 251
64 48
280 287
64 99
64 33
479 476
280 17
355 155
129 159
451 409
280 310
476 78
129 450
129 328
261 439
451 168
261 464
451 274
355 368
355 102
392 190
392 80
476 281
280 80
129 345
392 312
476 207
129 260
392 84
479 228
261 160
479 124
280 229
280 337
280 176
451 31
392 111
64 385
48 388
355 418
280 136
355 386
355 212
261 168
479 234
261 116
48 373
48 96
48 377
392 244
64 9
129 224
355 246
451 273
392 224
64 97
355 263
129 43
392 41
129 190
479 425
476 340
355 152
476 250
48 225
64 221
129 328
476 252
392 174
392 452
479 64
479 88
476 130
355 470
261 272
392 419
392 371
129 54
479 419
355 49
451 222
392 363
355 367
479 453
451 218
280 215
261 157
280 55
64 62
48 153
64 17
476 400
64 289
451 75
280 440
261 27
280 414
479 425
355 390
451 329
48 135
64 216
64 435
479 141
392 186
392 310
479 167
261 402
355 102
280 284
479 339
479 232
261 98
355 185
64 101
48 24
479 35
48 25
261 28
261 285
479 256
451 88
48 158
261 72
64 432
476 201
280 28
280 292
48 38
451 7
479 124
476 57
129 342
479 116
129 184
129 405
261 40
392 223
476 169
48 319
129 46
48 113
476 10
280 204
64 105
280 33
261 133
451 402
476 174
280 258
479 17
479 371
48 285
392 162
129 397
479 17
280 184
48 303
355 45
48 317
48 150
280 264
64 2
479 73
261 393
355 337
129 353
48 99
392 129
129 142
476 262
392 421
476 102
451 361
479 453
476 364
64 228
476 412
392 42
261 355
479 162
48 451
280 185
64 309
64 329
280 64
476 305
129 60
129 196
476 359
280 33
129 86
48 185
261 366
129 322
64 46
129 344
451 233
476 454
129 349
476 440
392 252
476 39
261 448
392 157
48 266
129 209
64 326
280 40
392 225
280 208
476 418
64 463
