76 292 1
34 35 908
16 3 271
14 65 61
14 31 958
24 41 667
18 50 710
46 44 770
24 29 441
61 19 411
72 58 304
2 41 774
15 18 96
68 65 483
62 11 765
53 2 580
53 74 603
50 0 763
53 68 698
51 3 431
45 10 959
58 43 778
65 73 0
50 31 593
66 2 735
67 50 784
24 31 754
34 5 144
47 37 541
67 17 320
6 61 790
47 11 356
1 72 115
60 33 66
2 34 840
34 23 131
47 51 243
25 61 753
14 27 549
63 24 900
39 27 256
62 52 149
52 57 941
35 66 318
40 2 609
62 67 401
19 7 272
67 11 322
61 21 347
0 60 20
46 21 941
75 63 19
52 49 181
13 9 274
8 66 562
62 60 176
54 74 227
52 21 39
24 12 939
54 1 810
72 33 488
21 12 107
19 8 24
22 20 331
40 9 71
5 65 693
25 13 552
4 6 272
61 3 614
0 53 731
12 72 25
70 65 661
70 59 817
72 21 692
40 50 728
17 42 14
27 71 10
28 60 357
12 61 311
6 58 495
55 47 712
53 28 733
66 15 71
49 22 215
62 25 33
56 68 294
48 57 898
25 11 619
27 25 936
71 31 472
22 66 301
54 34 10
17 65 953
60 50 739
64 61 791
49 27 22
13 0 729
15 65 230
16 0 330
26 35 467
49 41 575
15 75 752
67 22 700
74 27 354
15 29 463
16 58 104
33 63 624
36 33 125
26 39 149
70 6 843
58 49 771
37 70 338
49 58 780
22 43 142
36 15 809
73 5 838
44 53 88
43 32 384
36 70 493
60 52 100
17 40 501
29 48 12
11 25 416
44 47 874
58 75 707
37 39 679
70 43 611
74 30 840
13 24 50
30 6 763
38 44 68
13 15 117
29 18 305
1 23 415
33 3 373
21 42 582
6 72 713
51 16 129
39 48 179
50 38 726
55 69 101
2 65 836
64 40 953
52 38 256
36 17 655
14 26 638
8 74 707
31 46 775
55 75 799
68 26 360
63 59 282
32 8 614
71 65 465
14 54 524
32 45 269
35 5 806
31 13 540
57 37 741
45 75 319
14 17 34
25 15 230
1 45 527
41 61 192
2 59 592
74 19 345
26 28 709
15 38 823
35 45 423
40 73 536
63 13 644
37 66 168
54 15 175
13 74 980
71 20 433
10 46 668
15 9 818
74 44 635
29 19 335
28 69 306
6 30 170
61 60 871
43 1 410
45 7 913
74 2 545
62 71 36
14 21 94
53 51 376
53 25 324
2 14 218
1 22 700
34 1 306
54 58 514
73 33 668
30 56 180
67 69 576
45 2 367
3 38 922
44 3 575
50 45 608
73 35 30
1 11 922
72 65 722
11 13 22
5 2 328
25 75 345
72 9 219
24 33 297
32 31 399
0 12 191
45 39 798
38 4 687
56 16 798
41 62 954
23 41 476
73 68 22
12 25 568
46 35 981
44 7 266
68 61 729
8 28 786
73 69 611
50 13 942
16 54 361
42 39 42
0 15 889
45 12 370
66 56 181
74 66 508
3 63 405
62 17 870
1 39 746
27 15 857
53 54 949
17 10 716
9 32 952
44 51 695
47 7 979
55 70 989
8 58 516
8 16 743
51 63 449
8 64 554
56 61 837
8 20 890
23 75 995
66 21 900
38 74 117
23 37 169
73 53 216
52 68 751
9 3 302
3 7 726
36 2 844
63 17 504
40 16 196
36 53 678
19 2 487
50 7 786
20 22 11
57 21 268
47 59 924
43 59 452
65 62 184
54 63 423
39 38 959
16 27 780
24 20 662
71 69 635
32 23 709
12 16 572
38 5 457
22 71 496
9 60 346
62 31 202
26 0 464
19 68 919
33 70 924
3 54 82
53 55 332
2 45 302
62 66 118
15 61 256
7 38 105
46 75 352
75 32 544
17 45 790
35 74 409
54 61 659
25 37 692
23 69 93
15 26 424
5 7 626
47 16 216
47 335
21 699
33 514
71 230
59 544
74 862
60 441
34 693
43 48
45 633
65 6
30 764
31 916
68 101
63 615
52 971
38 518
16 124
74 702
58 980
60 495
20 907
8 951
12 449
57 502
0 629
63 488
18 639
74 654
62 963
26 893
60 915
66 51
56 872
60 468
1 795
44 286
12 969
47 943
13 89
60 305
47 86
56 138
32 637
13 907
71 423
40 660
8 658
73 331
42 17
66 166
30 441
28 341
51 726
68 864
2 83
38 430
8 700
30 45
54 639
59 522
45 35
16 929
14 289
61 143
2 323
64 115
1 434
73 714
31 479
71 587
10 438
53 271
46 158
67 155
25 949
64 10
