461 2610 7712
401 244 530
195 337 769
270 163 614
377 386 112
310 368 742
426 401 546
277 450 747
21 435 116
58 272 748
397 293 38
280 25 194
329 80 315
268 55 576
76 63 713
34 411 742
321 388 519
150 180 642
124 395 55
272 335 853
256 353 444
450 15 365
143 119 49
32 207 27
305 270 467
429 264 533
199 51 424
220 213 822
440 308 681
431 323 714
150 321 440
308 382 218
426 367 198
392 366 16
193 218 909
331 148 991
374 65 516
337 365 279
133 89 939
93 443 461
252 324 936
206 256 654
221 262 792
303 420 856
88 122 206
227 417 259
108 125 995
343 320 704
390 10 619
123 160 795
429 255 759
214 434 407
323 377 538
405 37 12
369 326 168
105 406 317
414 295 906
382 408 776
356 342 224
162 262 301
275 372 18
225 76 1
38 157 725
79 302 175
64 230 736
209 237 893
299 362 309
353 17 677
338 403 509
11 188 785
399 173 767
408 448 28
282 20 616
267 186 937
120 289 595
445 115 107
412 28 654
95 39 773
61 19 825
214 53 951
164 56 890
382 397 818
381 397 471
125 57 818
383 233 450
12 400 49
58 455 569
451 25 392
354 261 888
154 401 892
419 9 774
91 232 878
218 58 853
244 208 406
360 152 911
208 257 235
173 159 572
72 78 332
215 305 264
261 458 317
6 410 521
289 212 481
276 422 111
433 68 822
83 111 210
103 370 783
396 331 241
143 165 161
420 276 270
65 298 209
202 432 170
162 159 957
158 126 709
188 115 774
303 278 116
230 405 384
150 144 333
202 190 707
253 314 515
154 8 422
259 102 469
299 181 308
371 86 469
369 37 289
101 171 792
433 170 534
358 34 61
150 443 408
54 452 651
12 266 632
339 17 849
291 260 98
385 17 278
139 197 722
59 304 15
350 342 295
378 197 979
6 258 342
201 220 655
414 392 844
378 173 519
151 254 919
27 431 871
366 437 935
294 132 824
394 71 364
338 174 131
49 0 493
288 36 521
78 320 98
388 74 180
175 438 914
80 452 599
309 3 20
18 189 25
9 402 692
379 222 38
280 305 634
154 406 307
383 263 729
153 360 150
311 190 737
412 280 135
60 192 274
283 430 984
309 380 113
98 91 55
455 393 963
62 118 60
307 199 894
415 45 49
296 24 183
168 452 47
364 389 921
108 235 657
141 151 400
75 126 83
86 248 416
452 288 138
102 430 98
20 270 197
33 99 675
430 313 851
316 105 460
39 294 363
290 360 304
49 428 592
178 11 640
202 38 782
105 99 827
395 258 84
89 174 453
291 54 795
300 353 200
101 343 859
189 172 886
388 254 718
247 133 33
458 155 283
9 293 334
190 102 967
383 14 199
405 387 57
418 254 400
163 35 211
35 315 978
112 232 598
442 450 697
279 423 750
328 351 444
176 100 720
144 384 903
434 154 707
195 326 136
90 302 310
113 167 290
160 348 45
426 198 386
369 289 726
146 127 209
22 245 981
11 279 435
144 406 762
79 67 731
308 189 277
151 206 584
51 403 552
90 239 455
321 202 433
206 427 266
355 178 500
78 32 838
425 262 409
97 106 545
22 420 222
392 282 892
258 132 114
392 228 708
342 378 26
138 34 641
427 417 17
308 95 68
363 10 246
127 238 367
90 311 213
69 74 798
66 143 495
223 110 466
12 271 155
113 304 252
267 158 944
77 48 5
280 319 899
152 295 1000
240 97 39
215 298 925
164 222 45
218 44 24
39 251 324
199 439 351
116 429 369
282 62 580
241 75 337
381 131 711
303 222 286
440 291 371
451 11 308
404 164 916
143 110 356
231 316 892
425 289 135
100 39 8
370 254 467
95 255 308
103 427 232
8 39 814
73 35 828
195 251 151
230 265 290
191 361 150
406 89 259
182 83 842
196 207 998
7 437 436
370 132 377
419 129 649
321 43 495
92 75 422
286 390 956
139 123 335
279 7 135
199 110 130
142 180 418
129 209 976
137 153 371
256 281 143
343 220 498
266 119 376
316 145 187
20 149 727
147 174 925
117 22 111
237 90 808
323 25 59
63 388 167
289 267 832
113 111 207
111 293 223
391 144 430
41 424 786
326 79 390
150 172 337
282 201 309
40 403 195
317 127 481
50 321 125
445 399 794
207 237 371
196 335 431
60 169 854
20 71 294
351 222 12
108 84 509
345 178 592
459 84 530
155 319 200
360 164 113
278 163 518
17 87 7
187 80 809
95 321 625
146 102 115
84 313 129
170 139 273
357 455 470
380 166 229
37 148 206
351 260 766
271 107 894
44 369 460
4 380 867
407 248 503
130 89 613
79 96 295
413 105 73
435 354 843
398 95 145
0 456 302
437 392 352
193 263 684
388 273 67
272 105 633
198 315 694
359 217 219
334 116 384
356 20 968
256 153 810
184 444 366
55 458 559
63 79 32
379 148 151
332 16 811
358 75 568
178 198 582
90 343 704
153 351 92
360 146 447
317 202 776
87 81 727
3 286 661
396 431 831
120 311 335
145 428 909
356 333 86
230 322 444
25 52 75
415 268 840
87 88 802
339 26 27
96 198 406
321 397 764
223 111 39
397 189 918
266 350 483
431 107 740
56 17 17
441 159 145
303 422 910
214 130 627
446 415 907
316 425 125
7 404 924
278 126 963
94 383 241
359 100 622
19 109 465
347 217 931
71 454 900
429 158 862
328 54 912
160 163 165
41 23 926
453 189 751
13 68 201
29 54 768
422 155 250
321 22 946
135 429 1000
367 27 708
199 119 966
145 217 947
62 237 222
34 362 864
41 278 718
440 23 238
369 392 556
352 205 111
70 151 266
208 120 833
280 372 66
446 82 929
13 222 167
171 243 32
89 92 632
146 379 449
2 169 398
301 109 51
222 267 197
153 438 153
451 334 26
220 9 410
269 141 964
156 296 573
394 442 521
202 0 647
428 237 770
287 135 864
137 316 387
454 362 732
146 234 157
227 168 119
177 29 732
45 282 974
51 241 138
351 234 530
402 202 923
327 231 105
183 238 196
9 270 277
354 402 318
70 40 894
433 321 494
145 165 39
86 161 518
317 373 223
299 380 716
293 79 668
247 453 48
460 56 601
130 160 930
17 145 929
65 101 772
156 130 964
180 300 482
205 188 624
234 367 555
121 315 867
450 107 636
74 253 23
442 276 818
307 423 954
298 300 341
7 453 667
323 171 403
302 262 267
310 94 924
301 224 9
452 193 800
171 143 319
405 283 770
127 337 581
451 225 192
177 327 853
453 193 75
90 123 434
419 221 452
48 227 433
270 362 706
150 56 235
311 251 512
183 370 677
324 283 252
439 172 707
168 159 927
239 240 281
428 135 450
5 322 626
177 365 84
6 299 344
284 313 161
369 416 328
16 437 519
448 71 982
46 44 982
370 379 848
71 228 35
67 291 947
132 256 27
330 152 553
455 365 537
218 39 899
376 250 849
103 406 666
132 249 329
18 388 672
407 166 897
372 342 499
393 248 260
412 399 524
388 101 41
180 85 849
422 7 171
344 15 424
139 131 512
197 47 790
139 221 131
364 374 972
13 117 422
394 423 629
235 355 450
237 59 527
203 9 781
419 206 447
129 257 483
307 192 595
322 356 875
148 29 954
340 110 456
336 391 281
41 263 318
147 228 180
46 398 242
106 282 552
281 362 310
69 32 557
260 30 146
25 103 966
190 284 932
365 375 82
40 47 76
29 145 435
393 74 286
459 159 543
126 0 832
300 98 611
202 359 534
67 153 391
343 458 830
399 5 969
362 146 373
277 390 220
450 13 405
159 203 864
313 377 87
215 1 74
2 133 916
131 357 966
342 310 241
451 32 222
369 39 473
170 389 179
266 206 6
46 203 481
352 32 381
43 397 557
73 135 807
187 374 174
182 445 936
217 301 456
299 12 92
344 377 691
323 344 729
335 431 332
317 93 295
228 35 184
208 307 235
441 126 611
97 442 716
226 69 467
384 390 354
55 336 706
194 151 651
303 89 642
330 283 521
129 64 498
313 190 357
11 458 85
220 83 826
380 181 306
277 125 17
435 126 466
225 242 872
164 13 826
168 384 999
8 430 324
184 400 6
228 387 752
274 199 25
165 366 68
429 181 719
49 325 541
327 165 310
212 18 321
400 367 197
26 221 265
142 117 83
286 423 939
117 289 544
136 422 834
57 418 953
126 82 660
125 286 320
3 367 158
263 317 338
258 172 974
441 13 700
176 333 346
442 396 447
121 20 236
204 409 435
151 410 851
166 435 517
151 394 265
363 303 755
79 436 505
136 296 713
141 194 981
405 274 634
381 446 102
161 88 756
52 374 74
328 314 37
350 138 480
174 97 133
325 154 562
419 70 798
346 452 438
360 331 854
225 414 114
74 325 640
91 12 84
350 308 690
377 24 354
305 226 36
0 316 402
426 188 535
300 352 784
342 355 80
160 120 56
171 269 437
5 76 943
387 394 212
436 125 738
215 363 93
101 64 810
395 438 772
363 308 512
322 185 104
207 431 368
227 156 452
110 365 859
26 226 100
77 410 795
58 152 689
406 117 740
369 429 826
405 419 150
459 228 603
24 99 124
96 226 307
17 204 386
423 253 72
245 169 912
408 3 903
329 107 993
374 313 38
186 286 448
266 25 5
218 2 837
10 32 529
153 407 52
236 457 436
381 64 708
289 188 151
104 156 590
97 217 810
377 322 893
331 206 207
405 98 253
191 205 479
183 314 965
411 447 820
425 146 28
317 100 501
382 194 331
11 274 881
18 109 438
280 165 81
80 146 406
405 250 386
346 165 479
305 292 502
328 410 553
139 441 797
414 403 208
409 414 107
167 331 463
15 105 231
335 289 624
441 246 214
48 458 98
175 430 38
166 26 808
225 215 397
88 261 160
450 310 953
256 2 410
88 439 351
120 365 627
24 242 303
437 106 635
44 222 632
413 432 835
442 10 340
143 312 749
49 152 253
243 318 764
260 95 65
317 255 476
153 187 753
445 242 723
167 302 661
13 407 313
367 335 303
307 459 905
331 169 393
453 371 343
365 113 701
316 130 800
169 264 494
213 420 221
129 384 309
376 452 714
408 259 600
37 385 153
336 160 520
210 170 462
353 47 98
287 206 568
118 29 593
306 99 108
155 322 813
117 389 889
397 438 942
263 225 399
120 382 401
57 445 560
10 31 907
376 99 935
162 145 824
221 276 490
411 75 170
219 52 704
47 257 974
399 384 511
131 264 324
369 171 244
173 168 564
164 278 789
349 341 30
58 381 146
366 457 543
290 276 707
310 157 609
244 379 614
150 91 518
153 279 9
378 200 775
456 158 45
71 4 657
419 124 695
30 63 220
349 433 744
18 142 718
27 118 203
238 433 79
219 290 772
265 297 994
228 205 542
357 111 110
412 440 587
212 248 750
330 224 44
357 207 624
90 449 216
356 103 302
355 349 682
198 309 729
42 31 977
216 440 980
162 294 756
177 42 420
97 349 960
292 407 575
215 423 346
394 110 501
273 171 879
246 371 661
376 287 361
414 18 602
434 110 573
298 287 863
323 210 644
47 388 761
71 136 293
136 119 167
415 69 262
171 222 78
420 153 21
459 44 956
342 308 321
345 224 676
375 35 598
103 401 597
288 8 919
345 385 432
324 128 726
134 209 61
383 358 761
24 84 689
224 76 250
23 245 907
278 101 185
399 71 644
112 454 378
57 146 16
161 110 74
160 157 385
170 77 213
202 36 616
226 213 774
405 139 763
78 396 152
145 144 549
333 98 922
418 319 736
386 334 920
350 90 872
447 107 978
192 333 685
99 28 470
59 450 699
270 138 610
259 291 449
351 109 29
302 15 119
48 82 160
267 197 512
252 309 56
194 80 251
385 305 575
456 280 485
256 18 117
183 274 279
114 243 917
76 373 8
343 312 930
134 139 176
297 340 305
432 167 307
156 422 324
101 229 22
311 394 266
175 37 921
110 121 983
443 319 863
256 394 325
111 425 318
184 26 686
312 287 969
375 353 863
432 418 773
81 73 518
303 96 735
394 121 821
10 20 425
453 304 391
137 107 895
210 287 762
23 293 914
138 225 393
359 258 517
152 70 588
152 144 73
38 34 348
359 20 164
14 337 55
291 125 584
96 3 544
48 123 707
104 53 834
123 151 605
249 60 782
72 324 272
103 346 264
67 191 39
52 144 956
447 287 113
33 252 955
227 357 520
413 391 381
82 224 78
30 25 249
211 414 846
40 25 911
25 459 638
288 300 877
395 64 383
208 134 132
34 154 351
199 379 886
356 133 803
349 237 892
143 34 409
27 161 289
125 100 250
260 171 755
72 387 242
51 167 137
339 371 260
386 318 518
148 426 997
83 354 578
281 391 823
71 41 141
89 136 866
208 356 410
1 205 490
300 384 184
345 259 766
360 263 652
182 109 573
416 371 957
118 40 957
217 272 315
177 143 877
308 436 135
269 394 994
22 63 105
287 168 641
166 189 815
88 111 22
370 30 161
59 243 780
3 34 334
455 13 119
221 304 631
238 312 684
80 326 387
386 251 528
354 390 872
97 93 166
86 140 62
45 457 146
440 227 35
427 291 764
278 13 368
352 444 42
154 108 722
392 51 359
2 391 137
453 241 334
46 145 166
233 329 618
54 153 269
321 282 319
397 419 510
221 209 808
337 61 609
385 234 154
70 2 407
201 36 481
26 322 143
344 362 59
415 80 936
135 22 860
311 402 557
304 31 33
136 322 887
452 79 228
255 359 638
308 424 9
383 397 279
187 205 628
59 249 172
451 176 757
224 422 937
371 64 446
254 302 301
178 393 380
341 354 164
389 178 369
376 404 7
432 127 217
235 174 875
20 296 54
35 213 70
165 402 112
422 36 106
4 9 842
348 277 331
316 455 416
213 35 960
146 122 495
58 222 871
169 376 416
454 146 379
212 160 944
67 422 496
142 144 103
327 450 196
46 29 382
187 118 827
46 173 105
159 328 868
448 287 70
156 167 310
454 228 47
258 129 170
400 144 52
235 411 834
194 277 870
8 74 858
352 308 734
256 234 505
300 341 718
364 162 823
375 129 233
189 274 593
138 213 938
334 200 165
262 211 181
71 181 946
373 70 50
144 184 747
343 183 473
51 199 648
215 87 311
216 241 836
23 37 714
382 306 506
187 306 702
341 154 921
322 24 977
130 368 869
13 191 662
180 38 212
189 219 386
183 75 557
67 214 835
443 283 425
115 232 74
265 296 297
352 94 502
62 63 912
291 157 877
223 87 303
108 302 654
316 452 411
402 165 881
184 111 954
147 388 514
298 387 290
241 211 544
331 240 281
442 378 469
248 422 611
274 383 737
374 247 545
34 313 843
249 42 823
265 260 921
77 354 65
67 403 517
100 221 781
182 57 114
459 178 984
339 228 958
170 435 693
76 207 224
204 284 129
7 16 160
327 113 444
210 153 612
28 167 158
156 313 96
47 253 58
405 414 359
313 216 360
131 90 215
123 361 818
414 258 458
30 240 939
319 252 917
92 302 356
442 13 591
432 79 109
106 424 666
204 32 922
215 341 407
263 120 778
41 250 872
135 178 320
58 178 892
127 402 466
248 12 337
67 371 242
112 158 378
254 73 407
434 418 220
384 35 818
343 314 736
200 440 339
452 446 232
423 57 419
379 177 890
35 278 346
383 346 535
399 346 516
367 285 843
98 458 944
377 232 972
430 40 801
382 26 901
367 265 610
6 79 53
29 186 641
384 92 10
436 449 334
357 220 563
239 366 305
323 135 349
135 392 258
334 373 101
109 174 306
47 391 344
304 163 124
365 412 957
163 187 568
16 402 6
58 225 881
47 35 327
69 429 781
283 38 965
141 252 69
268 430 237
331 330 416
89 199 490
381 158 967
140 410 734
130 347 115
118 51 136
380 172 170
39 419 306
91 45 36
206 213 446
143 127 776
82 117 86
83 121 614
446 117 886
447 88 121
90 155 773
20 308 360
135 336 301
199 329 765
249 254 250
275 428 298
33 217 828
270 430 414
418 41 311
86 185 976
309 147 266
402 194 668
324 97 626
283 99 823
27 299 135
93 142 810
26 396 972
163 382 418
118 297 737
192 76 478
162 460 826
406 277 71
378 425 232
257 323 689
27 228 806
444 375 193
322 286 926
271 100 382
290 451 782
105 172 994
44 67 910
113 204 980
217 287 683
224 448 350
41 298 834
69 398 818
234 136 196
19 6 265
185 293 714
81 161 560
373 47 665
184 231 258
83 219 636
202 447 447
191 312 12
93 247 748
121 186 151
363 354 95
416 414 758
351 361 154
261 424 996
310 22 21
123 107 987
307 102 753
157 160 507
198 112 633
436 460 436
432 122 576
432 375 780
446 164 380
300 333 47
438 58 660
44 420 108
146 167 99
175 85 640
345 408 373
322 339 794
423 271 733
182 228 692
451 187 433
308 385 887
51 232 642
429 147 167
222 137 191
310 205 145
197 67 388
247 73 676
152 414 173
411 457 560
143 253 163
40 263 432
70 55 979
365 34 503
255 175 724
279 194 466
407 322 981
192 164 53
409 298 416
242 155 600
232 255 358
413 281 27
112 352 464
388 378 5
122 226 121
236 337 725
429 105 710
243 237 39
437 138 458
187 68 461
133 195 161
13 206 545
37 381 206
168 257 229
162 18 572
273 197 519
155 372 198
18 425 126
333 348 327
206 1 504
453 57 344
404 249 279
107 86 254
338 330 298
330 299 27
458 35 889
351 117 612
26 297 270
152 89 269
231 140 354
178 284 475
41 277 214
360 203 229
40 139 971
444 211 834
200 413 104
32 430 130
381 66 315
146 309 656
367 246 443
47 301 458
392 7 571
108 453 416
94 159 470
326 35 140
63 45 138
53 74 49
164 67 276
278 373 430
221 377 932
234 29 285
135 4 368
374 99 652
22 214 285
27 384 874
277 160 181
124 28 420
410 342 163
102 99 136
356 459 314
32 152 920
451 392 866
42 43 467
16 61 613
273 315 847
343 400 460
189 334 459
367 429 405
186 61 806
182 284 667
337 28 147
150 173 79
367 126 285
395 327 997
348 173 427
205 268 506
222 185 428
152 187 548
264 192 708
382 375 349
77 379 618
111 242 462
150 238 971
150 58 580
81 13 165
391 441 753
373 72 917
428 173 619
445 369 985
136 261 563
32 315 725
242 240 998
424 246 748
398 90 715
174 3 296
148 258 487
312 328 343
338 80 640
307 167 601
375 32 562
344 411 439
434 330 945
141 7 98
391 193 86
365 312 4
314 425 485
189 14 905
421 157 208
199 404 316
50 31 886
394 280 240
238 58 115
46 40 367
439 339 491
431 84 832
210 440 392
429 52 288
281 303 781
374 310 928
453 426 929
79 437 156
178 158 262
337 450 62
131 229 653
191 187 718
217 33 141
92 413 909
386 271 287
266 349 462
94 315 274
181 156 458
290 356 189
398 445 113
329 51 981
416 32 90
317 110 377
96 195 185
277 307 318
234 10 408
392 174 853
194 373 113
440 236 242
367 158 233
212 39 752
345 20 778
340 249 675
203 422 857
374 311 697
145 311 658
75 386 658
276 168 901
273 203 335
323 404 69
101 426 319
72 157 770
453 30 109
279 85 591
18 129 804
414 255 393
415 249 886
98 307 215
36 200 917
388 25 694
180 189 824
245 136 50
172 139 312
288 153 545
235 91 136
82 121 622
217 19 902
76 448 465
362 359 423
334 60 816
122 403 197
180 443 660
144 456 674
448 65 719
127 254 207
88 449 480
105 10 752
147 369 315
435 138 712
161 208 1
276 33 134
196 50 764
320 316 801
303 138 537
397 376 452
164 97 934
12 94 2
13 40 198
238 61 431
270 172 261
188 437 237
210 330 403
302 197 417
440 279 486
239 318 86
24 412 554
24 457 105
233 394 379
71 362 915
227 181 870
353 424 23
79 446 768
111 148 192
289 136 238
306 304 470
346 137 549
222 118 975
261 156 439
401 268 416
239 152 331
427 101 987
81 396 692
147 396 277
396 122 597
40 443 249
84 72 957
269 285 325
335 210 431
402 400 836
157 412 224
360 441 148
178 442 467
320 396 290
305 240 59
188 85 203
193 456 294
235 137 958
330 202 721
25 136 872
156 119 304
107 332 305
45 384 140
151 58 671
87 117 783
200 379 480
354 311 616
207 83 543
375 130 384
366 206 768
458 169 717
16 151 265
338 34 937
208 202 308
65 325 100
377 441 137
14 145 840
91 41 936
346 443 434
391 431 160
252 452 143
399 84 401
97 26 377
43 197 711
340 8 739
122 382 605
361 70 161
106 138 741
307 402 852
41 375 822
16 112 580
222 362 829
439 173 971
221 212 559
84 345 749
340 40 494
362 311 850
23 230 23
176 220 88
158 92 474
201 326 217
58 11 347
291 249 723
324 269 722
283 58 579
377 284 799
347 394 114
409 378 546
163 220 134
245 324 194
441 245 97
128 146 6
379 3 353
76 332 914
390 131 72
121 98 851
46 453 279
351 114 367
403 2 553
407 253 47
256 307 930
106 381 23
457 291 548
321 121 360
1 154 202
5 305 600
347 205 659
151 379 895
8 374 252
233 256 974
95 312 835
343 28 478
101 137 748
204 193 540
128 38 148
44 151 147
145 294 813
202 133 943
184 446 286
380 335 778
103 153 789
107 270 297
426 83 350
360 417 727
169 232 280
119 191 405
25 260 889
263 211 23
27 11 186
89 49 238
337 149 703
375 223 319
376 151 85
159 209 555
25 38 13
202 426 901
413 76 281
32 37 715
28 255 123
319 451 369
363 269 530
178 2 202
324 329 429
425 85 230
307 364 869
376 2 707
280 267 768
392 349 590
264 325 980
414 369 700
419 416 861
54 259 230
145 62 118
382 209 243
85 233 275
4 36 153
29 209 605
118 387 695
258 55 644
238 103 745
57 30 695
145 230 911
60 135 248
303 140 724
432 422 829
2 181 78
299 246 54
3 300 753
351 326 362
453 301 496
0 128 257
173 294 70
166 364 343
166 30 643
101 451 98
3 445 78
214 205 771
431 397 434
87 289 515
117 107 884
152 26 489
85 195 62
194 272 265
234 95 108
413 336 637
256 241 245
164 391 443
147 336 684
451 37 577
31 78 307
94 133 418
65 236 856
284 417 213
24 118 687
11 221 442
395 95 578
424 341 963
347 235 230
62 207 412
208 106 858
440 114 895
227 451 267
405 438 252
407 371 408
269 78 208
126 72 9
405 445 863
91 196 706
24 284 572
412 333 145
425 58 437
255 387 183
324 161 549
334 313 121
437 290 305
95 103 598
287 459 570
105 364 76
18 86 841
65 268 771
50 106 98
32 306 602
158 163 41
314 192 124
381 277 772
317 178 299
353 213 670
409 327 307
415 380 710
301 121 242
174 380 505
292 243 812
55 370 395
374 234 888
11 421 642
246 200 893
363 337 682
415 173 176
403 301 240
385 80 5
138 107 851
211 362 57
101 29 939
350 33 269
350 168 615
79 117 894
255 56 607
89 319 626
370 63 404
226 294 14
139 8 285
17 94 968
166 251 635
188 324 428
210 112 169
341 18 266
395 427 650
30 446 872
147 412 492
300 25 845
60 452 441
456 446 570
115 255 693
317 27 880
2 11 465
450 145 384
371 229 753
63 314 276
105 367 149
416 271 430
139 87 441
113 426 111
304 177 473
82 187 527
354 58 933
20 348 766
171 267 126
354 436 292
183 104 421
456 170 109
249 196 688
129 107 896
18 414 779
369 423 660
138 134 164
52 19 126
108 62 956
373 198 690
118 303 114
284 106 712
43 50 731
398 207 193
430 153 493
169 414 935
186 118 855
247 347 88
455 392 632
177 346 721
253 359 853
144 4 640
255 222 419
288 131 66
247 147 659
273 206 1000
359 324 142
347 306 939
169 410 758
379 349 368
124 413 284
349 442 541
313 220 23
195 193 964
264 402 38
267 25 937
115 332 831
17 198 839
448 101 916
221 439 734
51 81 609
121 198 761
284 63 374
240 292 66
36 105 485
306 393 406
162 356 519
121 338 233
453 308 553
307 75 448
299 414 641
309 427 958
177 27 201
379 113 271
432 224 2
248 93 636
87 361 594
379 180 327
360 422 450
458 394 491
137 175 649
136 209 954
375 337 143
144 186 575
391 318 496
128 364 396
65 378 330
329 165 750
101 4 393
342 78 279
400 112 170
204 368 804
73 458 436
262 427 527
157 410 217
156 117 848
65 0 169
224 393 645
72 325 848
84 300 765
112 255 70
256 426 625
200 116 467
370 185 913
116 85 804
201 100 598
406 204 778
358 378 165
278 256 908
221 241 771
249 227 960
272 355 124
149 284 290
341 30 63
342 260 48
228 222 501
397 175 415
431 356 811
411 455 448
274 66 783
183 291 67
105 348 229
332 36 670
193 131 416
284 120 389
1 293 930
34 240 357
155 201 660
93 236 255
52 380 578
265 142 678
4 396 866
178 420 645
390 257 264
110 297 756
356 319 56
412 76 597
32 125 459
399 278 469
428 391 956
411 51 337
430 459 366
49 329 441
132 75 326
120 106 249
168 95 883
301 260 567
21 267 409
11 443 525
460 37 788
54 320 469
361 274 912
139 110 945
87 96 874
50 322 593
186 418 271
295 411 51
423 289 405
201 218 139
129 329 594
318 356 574
459 344 498
444 356 602
134 419 752
440 10 449
155 183 408
38 379 402
154 248 427
71 238 445
317 351 359
419 77 429
38 295 94
433 58 766
24 81 26
266 36 37
196 457 623
192 25 140
361 442 859
332 43 541
303 433 597
289 71 682
89 426 301
47 56 128
430 310 125
131 199 19
209 436 422
6 27 793
209 274 702
369 134 280
311 140 538
420 307 675
325 323 59
266 12 940
340 269 825
417 45 671
313 236 412
379 13 773
166 8 907
264 189 221
128 187 157
83 72 507
416 242 513
292 174 392
417 80 870
314 28 187
203 7 379
141 15 744
113 70 9
284 212 307
330 53 508
420 89 32
227 118 392
158 154 456
213 115 933
313 131 553
259 185 960
317 309 873
293 50 339
403 101 346
72 39 176
188 221 687
186 294 206
278 192 968
242 120 397
147 296 997
64 193 234
255 433 669
47 139 458
87 115 751
376 273 863
39 444 599
53 92 829
54 64 722
3 86 266
58 293 410
406 2 843
32 391 445
122 82 882
50 177 645
398 263 388
358 181 388
349 16 49
386 315 182
409 351 861
313 235 488
158 201 528
447 89 396
38 206 170
353 53 965
406 431 323
21 200 258
41 26 211
200 444 544
1 417 516
267 28 727
189 261 836
375 160 960
361 214 847
46 66 240
228 389 893
169 272 868
431 266 619
74 80 22
86 194 191
222 328 818
292 286 352
229 441 424
84 314 497
341 395 81
209 374 765
94 182 545
448 162 32
354 427 59
70 65 548
52 204 163
381 34 258
206 26 76
389 118 24
243 198 448
79 452 208
398 452 829
24 52 552
113 252 266
82 392 576
59 244 549
316 188 423
127 241 570
426 123 843
125 325 831
306 397 569
144 267 337
312 39 218
71 272 325
80 77 436
307 442 907
100 124 285
103 60 270
151 0 945
61 279 814
333 34 835
446 188 916
104 160 26
157 138 878
211 290 678
150 402 601
124 79 609
446 16 630
290 127 481
287 98 217
320 90 648
48 330 666
17 180 797
212 139 654
313 229 799
6 302 448
222 348 903
82 81 631
315 425 371
388 440 109
17 339 251
346 44 70
146 10 828
282 376 357
323 67 116
9 84 237
316 228 664
314 95 507
12 148 455
0 165 55
303 400 633
424 450 934
268 209 747
421 371 200
350 422 436
208 79 686
137 81 588
357 417 182
177 303 148
330 321 469
127 220 685
407 127 981
185 409 733
252 413 298
387 239 392
420 278 757
275 201 995
335 281 287
17 52 319
426 91 796
290 1 734
264 124 408
329 210 34
45 283 129
177 324 541
26 335 162
236 406 114
164 75 130
80 115 9
388 310 130
412 9 205
313 11 747
4 322 180
86 387 340
262 408 725
266 155 240
25 236 245
210 435 251
131 293 607
353 231 121
240 33 341
270 137 52
281 330 279
228 207 914
120 451 145
355 128 770
281 184 721
144 219 617
91 321 894
451 397 294
97 7 896
126 74 752
163 229 822
98 460 325
230 314 75
106 102 769
141 418 575
312 459 500
412 414 45
108 405 398
430 257 945
411 86 293
331 279 847
227 301 221
27 283 748
443 82 256
318 200 775
58 266 888
48 407 726
460 376 691
201 373 96
256 40 329
76 44 932
295 151 140
362 263 764
252 317 740
254 77 766
195 298 708
100 352 550
17 376 911
82 152 816
124 352 15
303 177 290
172 426 809
275 285 735
30 168 494
193 78 986
165 50 78
350 196 398
374 117 499
275 407 595
400 58 246
20 122 765
301 69 869
66 29 143
284 17 651
355 5 765
12 340 405
382 17 313
386 83 718
60 379 334
18 176 940
288 224 851
86 177 683
339 378 105
333 244 56
24 72 888
414 338 737
271 439 390
40 135 766
193 76 958
311 377 33
21 149 51
322 7 77
5 237 242
389 217 609
199 322 995
248 354 739
175 364 430
429 413 823
306 165 793
369 435 579
170 254 904
417 111 274
182 412 934
444 173 165
219 215 649
164 4 760
320 358 958
130 110 594
260 128 695
97 108 487
449 269 721
101 321 876
91 48 702
167 144 81
132 449 623
312 355 557
273 30 364
268 75 173
237 409 306
305 296 272
403 324 883
121 78 811
369 229 549
382 18 71
378 95 798
186 51 506
144 226 82
186 31 940
404 111 465
5 86 41
429 144 439
303 163 365
182 378 809
294 411 879
96 223 593
120 269 211
5 90 456
8 234 644
84 123 801
184 104 91
139 164 501
204 388 156
83 314 996
223 312 643
327 377 647
325 146 3
160 93 577
327 248 434
178 229 515
451 220 339
458 197 260
323 99 160
234 139 798
339 331 693
362 278 522
405 3 348
419 306 943
95 74 752
99 382 559
111 56 966
185 451 484
207 250 633
53 227 335
97 345 623
184 150 771
421 285 31
149 127 477
337 135 691
366 453 559
257 288 30
60 292 149
341 156 577
262 201 927
95 22 274
153 392 358
4 178 583
361 392 247
8 229 891
122 74 60
443 99 722
102 432 723
102 185 361
169 51 735
380 234 518
213 60 929
310 396 479
154 204 178
319 432 874
136 187 610
152 170 400
452 423 683
365 261 145
254 357 81
389 281 481
297 391 21
376 262 881
20 357 704
62 389 484
70 214 947
236 145 404
35 19 806
204 144 723
268 416 159
287 281 507
144 164 961
53 117 682
396 18 780
219 361 992
266 48 465
438 24 671
261 428 619
238 341 430
150 282 674
385 67 279
413 203 258
371 165 548
214 440 973
389 420 193
105 96 691
224 126 752
460 4 743
31 107 777
232 323 476
424 199 352
122 279 829
134 307 818
314 183 957
325 115 427
309 195 119
70 313 317
229 216 195
81 427 284
275 237 508
354 12 492
286 161 862
417 237 576
106 315 791
402 349 923
218 30 910
282 313 761
213 88 433
196 229 676
179 304 624
27 126 727
263 20 290
289 2 777
406 194 264
345 205 703
145 48 751
436 172 247
420 372 496
31 356 606
418 372 245
372 245 19
116 2 303
108 459 165
398 99 556
433 252 898
274 260 340
239 305 963
193 71 94
80 38 366
88 348 811
422 89 730
149 16 939
230 157 356
163 1 788
346 116 744
143 166 452
153 184 228
423 252 73
90 186 444
271 426 126
161 295 743
162 43 805
3 66 510
300 336 184
295 300 958
457 282 6
241 95 28
73 339 735
87 207 394
108 269 986
263 3 928
319 281 992
46 305 783
436 88 855
150 211 108
332 427 992
24 365 637
315 98 247
115 331 65
304 167 734
415 142 5
76 84 788
106 179 517
221 340 294
286 243 409
235 406 424
263 457 598
290 398 425
16 90 970
333 385 979
11 84 451
195 365 183
409 438 972
200 451 751
242 257 818
337 364 741
133 340 164
398 438 939
45 415 783
187 25 141
373 423 787
368 120 891
448 178 685
311 179 143
457 12 746
321 1 52
385 455 230
224 83 881
151 328 99
179 230 159
441 376 492
435 386 906
413 110 298
401 337 329
66 181 580
342 421 635
247 58 248
114 264 917
52 133 975
40 365 404
28 145 828
283 409 747
60 142 303
357 202 993
308 259 204
429 232 304
21 28 246
71 10 801
324 405 123
382 182 232
95 407 688
248 414 670
414 20 650
260 315 985
256 255 909
35 67 15
61 253 902
151 305 187
216 115 278
422 338 801
334 319 228
135 200 577
346 402 573
37 391 330
10 233 990
15 291 376
118 306 247
198 402 283
322 146 686
48 6 177
239 19 959
41 75 333
311 124 115
203 88 25
337 388 94
245 352 887
280 139 409
325 276 972
131 175 48
432 381 82
246 322 271
393 110 188
343 412 398
77 271 504
18 350 858
102 335 756
377 421 5
367 352 985
150 163 589
341 291 617
305 413 322
203 74 359
76 10 765
36 315 840
94 43 648
22 439 415
374 277 187
32 272 330
266 460 149
213 374 744
343 408 260
27 227 17
248 249 628
127 111 688
231 272 125
267 9 643
421 395 89
255 166 5
272 31 505
41 353 679
221 358 98
300 150 822
305 77 516
285 190 935
40 348 192
239 190 126
284 435 889
93 337 541
6 424 42
68 116 757
119 393 665
74 349 726
221 38 616
163 309 381
217 79 345
286 156 572
40 200 467
201 17 216
114 350 98
432 294 849
283 379 291
159 207 52
56 161 720
139 232 506
322 253 223
121 319 369
355 197 565
360 412 902
151 364 307
288 239 128
386 311 102
262 442 920
98 401 255
445 416 2
233 380 892
299 161 177
21 417 140
389 151 985
329 113 179
263 222 417
66 326 663
238 451 806
110 39 536
225 51 772
139 71 717
78 263 320
280 285 719
79 24 1000
12 296 538
139 42 466
27 145 758
233 93 567
98 410 868
125 406 699
85 112 460
308 63 441
98 138 378
209 133 521
250 446 602
209 357 445
294 72 994
177 418 911
298 176 712
151 342 675
59 2 431
167 291 801
44 107 718
215 234 191
175 328 484
253 177 422
34 99 9
302 27 513
426 453 835
409 189 941
411 246 280
365 82 916
179 223 45
132 114 929
403 27 589
87 85 681
389 115 840
293 70 930
292 433 30
194 392 822
63 59 706
265 6 495
362 356 596
117 371 100
88 4 404
139 416 913
300 27 523
153 415 416
67 223 621
303 404 941
366 330 995
375 401 382
326 265 766
364 295 234
131 204 186
273 448 827
71 204 417
233 31 150
428 148 305
8 198 773
453 43 846
234 135 812
20 431 981
267 152 142
377 301 692
252 426 952
366 88 524
303 207 202
139 278 627
275 108 883
324 400 254
444 147 961
100 117 571
16 153 793
434 237 969
80 128 294
251 36 996
153 94 637
409 249 59
442 429 614
398 202 696
412 19 251
257 106 785
338 414 715
13 137 253
401 389 458
318 12 273
199 369 562
331 340 631
448 421 36
264 34 494
194 412 145
235 33 620
65 10
90 164
200 736
43 192
371 949
211 339
360 717
231 622
96 569
61 849
210 710
350 929
165 941
300 512
205 839
202 406
31 943
212 68
452 79
21 789
61 913
169 505
354 903
55 682
310 730
72 105
225 818
140 55
429 962
299 314
411 174
401 840
415 568
57 347
164 471
353 664
12 900
230 306
406 27
317 826
283 17
256 805
291 874
13 12
60 864
389 490
216 874
102 906
51 781
460 712
150 504
357 750
333 546
131 472
11 615
423 466
204 621
92 633
363 720
186 115
149 908
80 1
359 83
34 294
273 477
402 242
384 715
175 81
14 635
109 399
299 287
108 624
164 101
379 978
43 899
131 424
229 463
344 817
271 465
72 104
74 523
367 441
148 468
365 598
378 708
393 413
266 68
122 755
181 788
44 713
137 712
183 67
321 268
459 836
255 369
278 227
147 23
401 124
262 382
455 312
110 755
229 930
47 611
298 527
375 811
94 700
425 969
51 279
183 999
130 474
89 770
47 334
447 299
406 520
387 183
58 114
445 816
130 945
59 112
281 180
111 880
52 305
405 108
127 573
37 853
180 564
131 46
364 836
126 259
436 370
56 808
407 826
443 422
234 175
308 985
156 109
148 740
69 366
301 781
153 14
208 845
121 242
171 704
453 697
417 802
312 121
439 649
383 581
246 322
40 341
172 975
81 226
17 13
111 925
79 122
365 411
426 245
220 778
138 792
207 623
456 403
229 995
374 226
364 633
263 304
25 834
180 307
225 846
373 543
107 105
390 826
70 889
252 260
332 959
230 514
428 13
15 516
359 325
188 19
350 994
71 596
158 984
316 676
3 258
190 728
203 199
274 494
82 378
208 908
117 414
179 670
417 604
257 521
411 205
145 135
111 542
315 526
265 280
75 120
416 530
372 399
247 35
70 481
297 291
425 847
141 125
380 98
242 224
82 932
261 378
180 623
350 869
0 967
371 139
427 762
110 432
193 226
61 704
295 356
294 47
38 524
349 483
336 649
129 414
423 765
115 582
33 756
275 778
20 345
101 333
352 244
290 834
320 367
53 721
77 398
26 269
228 689
11 435
243 97
365 377
163 387
176 194
247 652
263 937
428 240
139 595
359 59
296 411
384 115
130 419
377 215
137 814
299 666
327 919
131 214
323 803
362 65
60 804
293 99
321 988
117 160
460 983
7 342
201 188
239 477
233 378
288 961
363 774
110 121
460 581
24 919
278 822
342 759
381 628
23 396
183 812
135 829
263 570
119 447
412 853
49 424
316 856
88 265
420 917
151 598
318 252
73 819
223 257
73 251
396 835
350 676
279 186
325 892
116 447
394 405
174 197
13 529
263 685
18 826
143 183
166 936
444 417
385 963
36 995
276 408
230 295
363 911
155 16
416 879
56 211
210 735
84 827
269 823
32 839
397 539
45 432
379 995
29 849
283 583
19 706
132 516
415 927
278 381
252 759
52 824
47 74
39 812
448 602
319 519
14 315
26 743
80 958
235 536
280 253
433 477
299 707
326 764
277 410
308 262
264 73
347 590
11 205
123 658
397 86
118 788
60 554
244 763
15 584
427 153
316 231
398 962
380 27
86 276
72 993
362 57
276 225
368 959
150 759
132 533
182 5
323 105
95 859
152 176
68 326
137 553
296 945
343 285
349 697
456 161
239 465
31 628
390 609
263 480
251 915
128 731
201 42
325 424
16 954
277 199
295 672
282 415
388 873
397 828
146 112
225 554
291 89
382 206
23 489
149 581
98 569
335 539
254 528
74 124
171 455
320 276
241 469
142 842
375 725
406 917
333 483
449 723
254 608
408 52
455 20
405 539
322 403
410 200
300 346
446 844
224 507
408 604
254 138
410 813
56 780
209 171
429 369
136 181
399 199
326 526
167 434
422 222
170 135
400 410
61 591
35 33
194 28
112 534
24 954
380 63
288 527
36 835
355 135
353 553
415 410
279 381
8 948
337 218
114 924
209 237
211 18
215 873
181 883
269 712
381 351
240 797
376 346
316 905
171 794
409 796
210 984
9 597
158 102
278 123
129 459
4 970
213 461
343 367
370 916
387 694
225 45
33 983
279 37
175 73
272 115
66 446
107 322
446 433
160 65
42 161
181 242
125 310
66 294
125 293
272 245
279 320
160 456
279 260
181 21
42 337
279 372
107 320
175 307
66 164
175 273
125 395
42 242
272 280
42 176
125 137
160 244
446 281
160 62
107 395
66 4
160 267
446 130
181 272
272 212
42 160
66 384
42 12
175 403
272 310
125 68
160 221
66 72
175 243
181 346
446 401
175 295
272 226
107 21
160 166
175 459
42 50
160 392
279 263
446 137
125 368
107 81
181 185
175 363
125 27
279 192
160 46
175 357
107 441
160 118
42 422
272 86
42 279
181 407
125 354
42 263
107 391
446 208
279 276
125 243
125 70
446 460
42 170
107 228
446 86
175 149
160 326
125 357
446 327
175 133
175 384
42 268
181 458
446 380
125 238
160 286
125 447
272 199
125 137
160 392
446 270
272 419
181 63
446 34
42 263
66 54
272 236
446 371
66 138
175 433
181 353
446 125
279 370
66 417
66 276
181 110
107 313
66 217
66 172
66 186
42 211
279 418
125 183
66 432
279 439
42 8
175 202
272 83
42 45
446 259
175 10
125 439
272 45
272 78
181 375
446 152
175 306
66 408
125 265
175 357
181 156
446 282
125 14
125 129
107 407
279 378
160 42
181 434
107 451
446 291
160 54
160 337
66 449
279 7
66 144
272 227
42 144
175 31
279 297
279 133
181 238
160 109
181 325
107 19
181 198
272 275
446 313
125 266
279 439
272 443
279 364
160 224
279 402
42 65
160 414
175 86
42 73
66 328
279 261
175 183
125 301
125 83
42 8
279 166
160 74
66 14
272 331
446 439
160 21
42 149
125 456
66 64
160 438
66 334
175 11
66 154
272 426
279 6
66 192
42 327
125 60
160 389
175 327
446 367
279 128
175 271
272 419
181 129
125 27
446 129
107 142
446 205
125 104
279 347
175 398
66 188
107 118
160 173
272 358
107 314
42 27
42 436
160 89
181 39
446 155
175 157
446 214
42 187
107 91
125 340
175 117
160 286
279 275
279 445
279 452
160 259
446 61
279 322
160 1
446 254
181 289
279 149
66 344
279 434
279 225
272 285
107 248
42 343
272 79
107 145
42 444
175 111
42 66
181 423
160 435
66 17
107 441
279 200
107 82
175 306
272 54
272 126
42 424
125 344
175 361
160 321
279 156
175 202
42 31
272 217
175 152
272 58
125 239
160 19
160 130
175 253
175 66
446 108
160 224
42 138
272 357
160 363
279 265
446 221
42 348
42 56
160 76
66 203
160 317
125 250
125 313
125 330
66 196
181 17
175 254
446 259
66 290
175 230
181 280
42 439
107 283
107 401
42 390
42 396
272 264
279 406
446 188
107 81
279 430
42 125
125 210
446 405
175 445
446 268
446 416
42 123
272 215
272 78
125 55
125 62
107 376
279 300
279 193
279 235
279 155
42 235
175 378
279 401
175 356
160 223
125 270
66 250
42 434
66 4
42 48
160 350
107 450
42 127
181 195
446 256
279 264
279 449
272 307
42 153
181 228
107 365
125 350
446 409
160 134
107 337
66 32
272 49
160 270
125 80
160 239
175 137
42 323
272 376
66 62
66 415
446 317
107 293
66 130
66 392
181 157
160 88
107 257
175 455
66 196
446 263
446 303
446 379
125 11
66 353
66 419
42 424
272 434
42 425
181 226
175 60
42 429
66 5
272 261
160 448
446 217
66 121
446 232
279 314
272 360
66 29
42 307
107 369
107 376
446 431
181 351
160 271
107 176
446 164
66 281
446 294
107 218
175 457
272 448
160 58
272 343
107 458
175 290
42 394
272 90
279 65
160 70
181 115
181 347
160 192
272 70
279 225
272 400
175 136
279 159
279 425
42 169
272 417
125 449
107 172
272 238
107 210
175 37
279 124
42 85
66 35
107 283
107 14
175 24
279 365
66 65
42 128
175 436
66 386
160 46
42 220
181 253
42 401
272 174
160 295
125 419
175 123
446 290
160 438
272 452
107 388
107 249
446 275
181 150
272 232
175 306
42 425
279 190
279 380
125 229
125 150
125 224
125 396
175 454
279 44
446 350
160 450
272 157
272 32
42 55
279 107
42 301
279 288
66 103
42 23
272 52
272 90
279 349
107 256
446 53
272 384
272 335
181 122
42 447
272 439
446 391
175 128
181 396
175 261
107 362
160 403
125 248
66 309
446 459
160 458
107 448
272 292
272 426
125 121
66 230
42 299
107 131
125 67
446 172
160 437
446 194
279 166
181 79
125 426
66 74
66 106
279 55
181 289
446 362
181 34
42 160
446 75
175 47
107 354
107 298
272 237
66 49
107 421
42 255
175 133
66 340
107 450
272 316
107 421
181 315
160 164
42 353
175 41
279 377
181 401
42 286
125 50
66 153
107 29
272 180
272 41
125 117
446 198
66 146
42 328
66 15
125 4
107 55
160 134
181 175
272 431
66 253
446 267
279 385
107 440
181 225
175 216
279 96
42 318
160 188
125 71
272 359
125 252
125 250
107 222
160 396
181 316
160 259
181 100
66 424
279 100
160 156
66 233
42 9
107 444
66 320
175 1
125 145
66 53
175 377
160 388
42 46
125 236
42 400
446 369
66 425
42 370
107 98
107 144
175 199
125 101
175 381
272 449
160 433
181 339
272 19
107 179
125 148
181 242
279 333
272 139
107 344
66 199
125 452
446 409
125 223
66 83
107 42
160 198
42 298
66 354
272 419
175 452
279 122
279 277
175 269
107 342
66 246
66 27
160 271
279 87
160 227
107 6
279 275
160 334
279 202
125 111
279 208
42 279
181 123
66 264
125 312
160 20
181 378
279 261
160 458
175 454
125 394
107 421
42 164
175 356
125 177
279 132
175 171
175 52
181 313
66 412
181 92
107 47
160 121
279 270
160 72
42 31
181 433
125 34
66 444
42 69
272 458
107 280
279 455
272 403
107 290
279 387
279 286
42 175
175 352
279 396
107 26
125 459
446 65
279 220
42 21
125 205
66 334
272 308
175 250
181 385
279 219
181 13
446 417
160 140
160 241
66 19
107 383
175 356
42 0
125 305
125 71
160 303
272 384
279 374
42 216
66 374
160 0
66 132
160 436
125 237
66 255
125 120
272 190
107 113
175 314
107 439
66 399
42 90
107 458
272 258
181 275
446 211
125 313
160 383
181 443
272 18
272 15
181 197
66 43
66 383
272 331
66 359
272 166
42 297
42 357
160 344
272 148
160 57
66 233
160 59
181 285
160 372
42 291
181 149
279 12
272 349
66 330
175 415
107 249
181 185
160 336
272 23
125 236
66 344
272 219
175 235
125 47
279 417
125 394
42 48
42 162
272 333
446 386
272 139
279 437
42 418
107 269
181 208
42 217
66 88
42 86
181 384
175 131
446 456
175 363
175 165
107 147
279 215
160 325
272 191
125 57
272 417
66 292
181 32
272 160
160 455
125 408
175 367
279 186
272 366
175 307
66 246
175 57
125 301
125 7
181 418
446 98
279 436
279 162
175 459
181 288
279 170
279 197
272 157
279 444
107 291
160 116
181 317
125 177
160 428
272 306
446 224
175 429
272 210
66 132
279 353
446 8
181 356
175 155
125 417
160 338
279 58
160 331
279 40
160 39
107 41
181 391
66 437
66 181
42 306
272 377
181 382
181 302
181 154
66 264
175 149
272 239
42 346
125 322
446 236
272 116
175 420
66 223
446 238
125 385
125 277
66 37
42 40
272 244
107 264
160 245
272 252
42 265
181 281
272 34
107 253
272 457
107 67
125 272
272 397
107 95
42 354
446 10
125 240
446 93
160 110
66 279
125 56
160 225
66 427
279 411
160 459
175 320
66 354
42 421
125 210
446 61
175 347
125 359
107 368
279 223
42 304
175 407
66 277
272 38
175 258
181 17
181 134
279 340
107 99
175 59
272 230
181 271
160 25
66 129
42 161
181 384
125 39
66 397
175 151
181 185
181 58
107 286
107 190
66 249
160 438
279 78
125 50
279 209
181 20
125 380
181 106
272 184
175 342
181 98
125 233
107 333
181 286
446 280
446 317
446 76
107 180
181 399
279 102
125 283
42 226
160 429
272 315
272 54
125 328
446 301
42 344
42 132
279 88
42 115
125 74
446 43
66 361
175 392
107 460
160 120
107 177
160 205
279 175
125 126
181 395
175 258
160 27
446 233
175 84
42 348
66 160
272 164
66 361
279 341
107 305
175 202
107 72
446 316
279 278
42 346
160 142
42 280
181 46
160 101
107 394
160 276
181 2
272 229
160 79
107 377
107 17
66 264
181 69
272 15
66 142
107 120
42 374
181 79
272 65
160 128
66 239
42 447
175 265
66 112
160 441
279 292
181 224
175 413
42 397
160 1
175 123
42 162
160 443
107 452
272 448
446 47
42 426
175 356
279 83
175 221
66 133
446 15
446 56
446 75
160 52
272 433
125 454
66 90
42 152
125 32
42 395
181 107
42 60
279 53
446 212
66 179
66 54
175 310
160 344
125 366
272 415
125 96
66 208
175 409
107 150
66 333
446 121
66 13
181 251
279 87
42 181
272 193
42 93
160 105
42 120
272 26
272 282
181 184
42 38
125 16
125 344
66 153
66 272
181 454
279 394
42 232
175 453
446 443
160 256
279 354
107 260
42 111
160 247
66 422
66 227
66 310
175 436
66 394
125 309
107 392
175 94
181 255
446 235
107 350
66 276
66 42
42 48
175 208
125 456
160 66
160 362
175 83
160 418
279 36
181 439
66 386
66 260
272 404
446 69
160 402
125 308
160 132
181 119
446 4
42 125
107 218
160 95
125 269
279 326
181 251
66 283
125 21
160 264
181 174
66 242
181 141
175 166
181 441
107 33
272 257
42 3
125 168
279 305
66 25
160 430
160 328
42 243
107 340
175 287
446 30
42 134
42 397
279 23
446 355
125 89
160 360
446 94
272 434
279 52
272 402
42 246
125 371
175 455
42 454
181 91
279 280
279 145
160 149
125 27
125 79
279 202
107 198
66 424
42 240
272 372
107 267
160 398
107 110
107 158
446 183
66 218
446 147
66 228
446 72
42 97
66 393
279 324
42 446
272 347
42 400
272 159
181 458
446 415
175 92
125 454
175 77
279 34
279 19
175 327
107 119
125 177
272 196
272 314
42 275
175 206
446 382
181 73
279 91
160 76
446 230
66 265
279 190
446 178
279 283
272 375
107 25
125 315
160 23
272 423
66 5
107 267
160 95
125 321
279 89
107 168
279 3
42 151
279 254
125 132
125 428
42 226
107 384
66 108
66 154
125 189
125 31
181 6
42 48
279 66
279 2
181 372
279 61
181 328
125 23
42 350
125 278
107 367
107 40
272 354
66 428
446 338
181 135
272 372
107 124
175 423
272 58
181 4
181 219
160 442
125 147
272 223
279 449
107 102
272 236
279 40
279 151
181 432
107 187
107 421
66 29
125 63
107 289
181 237
181 289
279 441
66 27
125 222
125 247
446 120
42 388
42 112
66 418
160 254
279 40
175 186
160 334
42 334
107 309
279 202
181 0
42 238
272 369
181 249
175 385
66 175
42 191
175 289
107 36
446 172
446 302
107 443
160 294
446 335
279 31
446 417
272 208
279 419
446 19
42 176
279 159
272 32
272 329
279 327
272 240
125 195
42 23
175 68
272 47
272 126
160 241
42 266
125 215
272 348
175 35
42 213
42 1
42 334
446 78
272 231
272 336
42 31
175 398
181 118
279 289
279 64
279 440
125 101
181 85
272 263
42 184
42 342
272 175
66 356
107 175
125 455
42 35
42 193
66 113
42 370
446 265
125 129
279 100
125 70
175 426
125 312
107 449
107 440
42 179
446 99
66 356
107 388
181 88
160 172
272 339
42 360
66 46
42 202
42 398
125 448
272 374
279 21
125 67
272 48
107 457
279 336
181 246
160 315
446 159
160 393
272 48
66 225
446 344
66 235
446 211
66 77
160 308
160 439
181 90
42 388
160 44
42 404
272 366
66 297
181 225
175 275
66 403
66 214
66 360
107 238
279 266
125 86
160 254
272 450
125 284
272 176
66 360
125 382
272 293
446 275
279 376
272 188
181 80
125 62
175 57
42 64
446 425
446 317
446 52
181 361
175 422
66 64
279 337
66 13
107 65
107 198
181 134
66 307
279 408
175 60
279 302
160 233
446 359
42 111
446 242
160 72
446 72
42 369
125 30
160 335
175 315
42 174
160 332
175 205
446 160
107 370
160 59
66 10
66 198
181 304
66 328
446 278
66 429
42 386
160 242
181 171
125 44
272 130
42 208
66 309
272 390
160 171
160 394
181 73
42 30
107 33
107 5
181 253
160 324
272 110
446 409
279 85
42 393
125 276
181 251
160 33
125 120
279 326
272 228
66 141
279 86
66 414
181 70
446 123
272 375
446 96
175 15
107 222
125 197
181 102
66 407
279 25
107 86
175 371
175 194
42 315
175 224
279 167
66 382
272 289
125 431
66 262
160 117
272 323
272 235
125 40
446 374
160 126
181 395
160 319
279 100
160 89
125 223
181 166
107 53
272 36
181 264
66 338
42 328
181 30
175 73
446 441
66 412
42 190
125 149
446 431
66 399
160 1
279 436
125 96
160 246
181 173
66 455
107 356
160 408
175 165
125 109
66 72
107 198
446 217
272 193
125 382
181 29
107 260
42 440
160 63
66 271
107 175
66 81
175 359
66 420
66 348
181 322
272 78
107 334
446 339
181 79
272 32
181 384
107 127
446 23
160 350
446 17
125 166
42 70
66 401
175 424
175 255
160 278
175 339
107 61
66 316
181 189
175 192
181 339
125 369
272 63
446 75
160 251
279 371
160 37
175 428
181 78
272 2
446 173
175 160
272 248
272 327
66 41
446 300
279 71
175 152
107 144
107 247
66 62
66 402
272 139
175 297
175 458
107 371
66 28
66 230
446 40
446 86
107 142
42 257
272 153
107 309
446 14
160 59
66 290
279 49
66 189
107 224
107 188
125 339
175 378
272 444
66 94
107 45
66 273
175 113
272 23
125 353
160 117
181 327
446 151
181 378
42 160
125 341
279 286
181 173
125 414
279 34
181 232
279 149
446 291
181 107
181 272
181 212
125 214
160 30
107 141
446 93
42 318
181 31
272 94
66 401
175 385
446 21
272 302
160 384
181 12
42 8
42 240
272 391
446 390
272 187
107 122
446 223
66 250
175 79
107 338
181 403
107 42
446 67
279 213
272 286
107 108
160 166
107 382
66 185
160 425
107 367
107 308
66 223
125 376
66 316
181 334
446 353
160 128
107 457
272 199
279 440
279 204
175 137
125 73
175 306
279 85
160 230
181 167
279 71
272 427
181 126
160 277
160 416
279 161
279 123
125 422
279 196
181 458
175 235
66 313
42 62
279 227
125 404
279 102
175 71
42 180
175 286
181 212
175 204
42 183
107 204
160 276
175 22
175 187
160 20
181 390
446 161
446 332
279 58
175 85
446 102
181 414
272 282
42 169
446 401
125 18
181 244
66 383
175 36
272 389
272 41
181 172
42 336
107 135
66 422
175 407
272 456
125 428
181 385
107 170
125 414
446 139
125 89
66 228
125 382
446 292
125 144
125 80
272 158
160 179
446 405
66 362
42 330
42 132
175 347
66 392
66 209
279 79
175 46
160 430
160 354
272 449
42 115
42 439
66 437
125 16
125 20
107 223
446 301
279 455
42 403
272 249
279 368
107 0
175 143
66 371
279 353
181 50
272 456
279 457
279 411
279 313
42 249
42 249
66 371
279 178
446 186
66 55
160 180
175 295
175 96
66 32
107 311
279 320
272 322
272 248
446 173
175 8
446 449
181 376
160 429
175 273
446 37
42 130
125 211
175 412
181 446
279 407
66 128
42 87
66 439
272 363
181 338
181 170
66 110
181 359
446 164
279 8
160 395
125 47
66 111
66 248
181 257
66 312
42 3
446 12
42 292
272 198
279 190
66 135
181 437
446 14
272 284
272 146
66 299
107 201
160 199
125 296
446 23
279 282
160 241
272 436
272 90
107 206
66 190
107 27
125 146
42 88
66 245
125 331
66 135
446 215
446 413
272 282
125 423
160 324
175 157
181 76
272 332
446 215
279 180
279 82
125 256
272 424
160 333
125 18
181 413
272 24
107 199
272 58
181 455
272 102
42 426
107 300
175 194
107 75
446 2
175 30
42 342
42 134
181 55
175 356
107 87
107 105
181 206
66 449
279 42
175 229
42 23
125 207
446 107
446 16
160 356
181 111
175 208
125 177
272 181
181 452
66 407
279 302
279 448
42 270
181 140
279 413
175 377
279 426
272 209
181 213
279 374
279 164
107 435
181 213
181 379
181 164
160 265
107 407
125 226
446 117
446 383
125 85
66 14
125 291
42 404
175 399
175 281
181 288
279 430
66 432
446 326
279 177
66 328
272 116
160 42
175 109
181 188
160 300
160 255
107 258
125 229
279 409
279 136
446 85
272 135
181 207
66 409
42 424
107 311
272 91
175 147
181 261
181 69
175 155
272 156
279 138
66 250
160 124
272 402
279 340
160 197
66 106
160 274
66 64
279 215
66 114
272 234
160 340
42 140
107 34
181 277
181 245
160 430
181 120
175 442
160 345
42 276
66 357
181 51
125 63
175 384
42 399
279 172
66 433
279 439
272 258
66 325
175 120
125 190
42 366
160 133
125 410
175 356
181 265
175 154
160 382
107 123
42 49
279 185
175 209
107 387
175 338
125 338
279 94
279 426
125 419
279 404
272 86
42 224
107 187
160 360
66 250
272 126
160 139
107 162
107 303
66 226
181 386
446 161
107 434
181 422
279 7
107 381
279 336
160 131
160 381
42 370
279 221
181 299
107 304
107 94
279 119
42 283
160 29
125 451
175 89
272 345
42 176
125 334
181 16
42 276
272 297
272 307
107 435
272 425
175 419
66 233
125 223
446 6
272 17
42 332
107 455
279 268
272 242
279 6
66 137
107 334
446 161
279 72
160 445
107 345
160 16
175 192
272 333
42 305
160 123
42 418
175 356
272 420
272 279
181 69
42 340
272 303
272 333
42 247
175 63
107 11
42 61
160 93
160 107
279 70
279 426
66 290
279 53
125 47
272 217
175 324
272 281
107 315
279 242
181 46
66 439
272 407
125 254
279 266
66 74
42 201
279 165
175 423
107 157
181 325
175 417
160 180
272 217
125 345
66 56
160 298
175 50
175 436
125 258
107 292
272 269
181 18
279 51
42 104
107 205
125 163
279 451
42 223
175 2
446 419
66 102
279 377
66 31
279 100
279 54
107 360
272 350
272 233
160 399
160 135
272 70
446 57
160 350
446 220
446 336
272 186
66 246
160 277
125 20
175 291
175 414
279 402
42 372
181 145
175 284
66 188
66 85
175 21
42 174
279 76
160 289
446 376
175 20
125 401
181 84
125 158
42 299
66 38
446 420
272 151
42 0
125 273
181 59
279 113
66 331
107 405
66 444
279 376
279 168
181 362
160 84
181 231
160 348
446 399
272 296
125 95
279 343
279 392
125 77
175 408
272 99
107 281
272 334
175 318
279 49
181 418
175 441
125 289
66 283
181 183
272 171
272 115
125 9
107 169
125 271
125 171
279 133
446 147
279 196
446 74
181 301
160 226
42 249
107 322
279 16
107 255
181 104
175 85
272 456
181 441
42 371
175 201
446 90
279 406
42 281
125 149
42 303
107 28
175 450
66 226
66 178
279 254
160 421
272 442
107 358
160 263
42 18
125 45
125 102
181 136
175 315
272 135
446 264
272 290
181 257
279 409
160 364
175 328
272 342
107 343
175 362
42 408
160 74
125 359
160 114
446 73
272 172
272 425
125 98
160 448
279 268
181 258
446 321
446 328
160 122
272 382
181 412
272 271
160 114
107 18
175 204
175 252
446 186
181 399
125 133
279 30
125 80
42 281
42 158
107 213
107 444
107 195
107 341
125 32
125 38
272 63
66 167
66 148
279 8
279 316
446 235
42 79
42 12
272 66
181 279
279 387
160 130
272 353
446 224
107 232
272 244
175 186
272 396
160 3
125 111
272 64
160 12
125 4
42 459
181 311
125 200
125 366
279 311
42 233
272 331
160 280
160 435
125 81
160 41
181 209
181 71
160 427
175 277
181 255
175 179
279 208
279 456
175 70
272 266
66 415
279 348
272 88
66 164
446 436
175 126
175 316
42 366
125 343
181 27
181 329
279 28
42 202
160 414
66 219
175 148
279 46
175 126
160 361
107 385
446 9
181 123
66 444
279 77
279 168
125 247
279 85
175 167
175 353
160 413
446 289
160 351
446 392
160 133
66 379
160 387
279 33
125 453
272 290
107 425
66 331
66 290
279 395
125 93
175 270
279 47
272 137
181 346
107 164
107 111
279 348
279 319
160 137
279 289
160 203
125 134
279 323
66 426
446 286
42 376
107 313
175 70
446 92
446 27
279 46
42 431
160 3
279 128
272 20
175 380
42 69
272 245
42 86
446 237
446 416
66 78
107 105
181 388
446 66
175 177
175 26
42 144
272 11
175 169
125 289
160 65
446 257
279 83
279 379
272 143
107 285
175 327
125 217
175 367
181 326
125 460
42 387
160 177
175 151
446 387
107 232
446 229
272 328
181 135
181 206
279 401
272 262
42 312
175 123
272 161
160 204
181 106
160 387
446 403
446 20
66 120
160 324
125 232
160 324
272 58
42 201
446 118
107 459
160 66
279 432
66 131
181 427
66 30
107 448
272 332
181 165
125 120
42 394
279 362
446 445
66 244
175 326
125 420
42 188
125 137
42 90
160 124
107 376
160 330
446 186
279 141
272 317
160 455
446 101
181 256
272 283
66 133
175 275
125 435
66 45
107 221
175 448
42 78
107 5
160 29
125 177
181 227
181 410
125 373
279 388
181 436
42 244
446 139
181 60
66 33
42 145
66 255
42 331
175 45
279 83
66 158
175 110
181 9
181 323
446 390
42 263
107 284
66 106
107 174
107 43
272 288
125 209
175 271
125 172
279 422
42 133
446 23
160 91
272 6
279 46
272 265
272 123
125 121
42 147
181 20
66 249
272 116
181 177
446 358
181 271
42 439
446 116
42 242
446 440
42 418
279 288
446 36
446 36
160 391
42 186
160 297
125 73
446 271
279 249
279 309
42 271
66 363
66 287
42 94
107 257
160 378
125 340
107 437
181 333
175 178
446 365
160 204
446 426
125 173
160 411
272 110
279 118
160 294
279 282
279 226
279 355
107 138
446 315
446 430
66 214
279 14
107 137
107 149
42 44
272 170
279 106
125 256
272 80
160 406
279 271
125 50
446 361
160 255
42 119
181 394
42 366
160 35
160 81
279 185
446 191
272 312
107 420
66 234
42 62
42 354
42 307
272 405
279 172
446 457
279 188
175 299
279 77
181 286
107 48
66 283
66 287
160 91
181 280
107 273
107 151
107 15
175 215
42 291
279 16
272 375
279 386
279 136
181 98
107 336
272 37
272 271
446 3
446 402
181 152
125 197
175 173
42 131
446 106
160 156
272 210
181 366
279 110
160 415
125 285
42 453
125 115
107 302
181 233
175 446
107 157
272 294
446 19
66 441
160 457
160 26
42 412
66 6
107 330
66 121
125 199
175 232
181 376
272 97
446 418
107 431
175 4
107 98
125 460
446 459
279 370
272 253
272 128
279 114
125 188
160 129
160 74
272 387
125 433
181 323
175 14
107 166
66 78
66 148
160 129
272 109
125 233
446 338
446 237
279 55
175 241
181 267
181 109
446 214
125 397
66 200
279 248
66 71
66 457
160 295
272 169
66 64
279 310
181 404
42 374
107 165
107 8
272 69
160 440
272 450
272 207
160 350
160 134
42 456
181 32
160 372
42 400
181 17
66 239
107 91
42 456
175 61
107 340
160 135
66 167
446 391
446 204
107 97
272 421
181 357
175 80
446 301
181 112
107 23
125 354
175 21
66 338
125 142
107 38
42 247
160 197
160 165
279 349
107 90
66 400
279 353
446 134
125 283
446 76
175 335
160 409
279 328
125 189
272 330
107 223
107 94
160 262
279 396
279 180
107 12
279 107
66 386
107 276
446 75
66 268
279 278
279 214
66 386
160 117
160 265
160 113
279 381
272 420
160 143
175 214
446 152
279 364
181 177
279 353
125 364
125 359
66 11
272 213
125 419
42 353
272 354
279 446
107 395
160 254
181 359
160 81
279 411
175 357
181 1
42 166
446 187
181 200
160 47
125 244
175 105
175 329
125 435
279 432
272 20
272 74
279 207
272 341
107 414
175 287
160 373
181 193
66 133
107 300
279 166
175 135
446 22
175 50
107 334
160 224
107 348
446 341
107 64
42 370
272 82
66 2
272 21
446 9
125 370
125 52
42 192
42 434
125 163
272 212
125 23
446 194
42 12
160 280
42 291
42 444
42 226
279 455
125 322
160 202
107 189
279 232
107 174
272 362
272 341
107 59
160 96
125 6
181 59
160 240
125 140
42 210
42 264
125 127
181 300
279 99
272 119
175 421
175 197
66 82
175 343
42 170
107 257
66 35
175 338
175 138
42 225
279 217
107 193
125 414
42 296
181 131
175 182
125 105
175 164
66 280
446 9
181 196
272 75
279 394
279 145
446 115
175 110
125 229
42 130
446 143
446 268
272 100
42 1
181 283
160 376
175 368
175 400
107 340
160 238
125 167
279 90
175 222
279 86
66 279
66 332
42 298
42 25
272 278
160 393
160 80
107 426
42 180
446 344
107 157
446 449
125 440
272 303
446 23
446 365
66 224
181 303
42 123
181 234
160 458
107 10
125 293
125 355
272 140
42 343
160 270
125 263
175 266
125 139
125 269
125 136
160 221
272 340
272 124
272 51
66 83
181 459
160 55
272 377
66 132
446 430
279 171
66 146
160 258
446 88
160 143
107 235
160 420
272 81
272 460
272 242
42 154
272 254
272 140
175 105
66 314
279 94
107 415
125 30
181 277
175 343
272 138
446 149
446 212
125 443
107 56
175 284
42 215
160 368
125 332
175 33
160 149
446 334
107 51
181 378
446 229
446 274
446 47
125 81
272 295
175 134
279 58
125 95
279 400
446 130
175 411
107 120
446 6
66 343
160 346
181 255
66 391
279 12
107 318
175 339
66 366
446 45
181 314
66 358
160 441
107 11
175 22
181 317
181 247
125 435
279 389
125 244
66 45
175 200
279 86
160 212
66 124
446 144
42 243
175 140
272 56
42 123
42 251
279 316
66 174
160 90
42 91
107 420
279 340
66 73
66 353
42 263
42 155
272 179
42 115
279 426
272 428
279 347
107 231
446 202
125 35
446 68
446 224
107 62
66 444
66 182
181 221
446 56
125 237
175 128
279 108
125 435
160 346
272 456
160 96
66 285
175 5
175 336
125 76
125 165
107 269
160 162
279 90
446 97
125 319
160 341
66 409
446 76
125 425
66 158
175 455
107 428
279 23
125 81
446 259
446 243
125 432
175 207
42 400
125 136
272 250
279 442
181 195
446 359
160 10
160 285
125 218
181 352
107 226
125 363
272 184
175 282
160 448
42 285
181 228
160 41
42 177
42 62
446 254
175 37
160 362
66 174
160 134
66 247
160 310
66 132
181 362
175 358
181 190
42 26
272 117
446 93
66 393
279 173
175 319
175 290
125 176
272 1
107 10
446 112
66 432
42 96
175 306
125 344
160 225
446 259
160 161
107 357
272 124
446 183
446 358
181 5
279 43
66 70
181 409
66 135
107 315
125 323
175 180
125 252
42 362
66 97
175 208
42 417
279 110
446 123
160 265
66 50
272 400
181 217
125 137
272 104
279 240
107 7
160 292
279 50
42 179
181 402
446 59
279 128
160 166
446 396
175 220
446 97
160 22
42 68
107 283
181 317
42 412
107 407
66 455
446 283
160 100
446 245
66 321
125 422
66 443
107 11
279 190
279 399
42 193
272 49
272 269
66 165
107 198
42 408
107 401
42 266
160 394
107 385
125 170
272 76
175 36
272 241
181 105
181 102
175 347
175 28
160 307
107 108
175 318
175 345
107 424
181 340
66 157
181 271
272 156
66 160
175 182
66 442
42 41
272 52
125 97
446 164
272 273
66 394
175 162
279 190
160 79
160 296
272 17
272 422
272 238
446 297
175 96
175 5
175 78
66 363
446 363
181 90
272 29
107 423
42 370
125 113
175 274
272 135
175 284
279 151
42 47
181 33
107 28
42 46
107 418
181 378
446 163
66 79
175 59
446 430
160 68
279 401
107 270
125 348
66 177
42 38
279 17
66 81
175 237
279 351
66 73
160 36
279 326
160 162
66 62
446 133
125 265
279 329
66 386
181 410
125 311
160 16
160 176
175 150
42 73
175 96
107 151
175 378
107 47
181 352
175 22
107 403
160 117
272 8
181 122
107 440
66 398
107 175
42 291
107 60
66 324
446 404
181 83
107 194
181 121
175 369
42 243
160 184
107 88
446 180
446 184
279 126
160 277
181 313
42 316
446 331
175 428
279 128
175 58
42 230
66 58
279 435
42 198
272 376
160 168
279 1
446 138
107 236
272 31
66 104
279 429
446 209
160 385
42 207
107 402
446 115
279 450
125 394
446 413
175 10
66 32
175 435
107 96
446 98
66 374
175 71
272 328
272 225
160 220
107 18
279 34
181 15
272 188
42 117
446 124
446 300
107 115
446 104
125 283
125 105
160 286
125 79
66 97
42 235
446 65
160 400
181 118
272 308
160 450
279 184
160 409
66 145
107 44
175 417
175 36
125 165
66 450
279 262
66 283
175 411
175 412
107 247
42 190
125 144
160 99
181 87
279 37
181 284
107 324
279 288
272 165
175 84
125 135
125 187
125 194
42 176
125 147
107 112
125 238
125 96
66 431
107 25
279 219
446 273
107 84
175 86
446 367
181 171
279 130
107 291
272 434
181 168
175 406
66 127
181 147
272 345
160 329
107 169
125 200
66 147
279 413
66 156
107 240
125 322
66 372
175 7
42 96
125 238
181 219
272 99
181 400
160 206
107 5
175 433
42 280
446 294
160 196
272 419
66 27
125 78
160 221
279 432
66 165
279 326
66 123
279 70
279 218
279 113
66 30
446 311
160 335
125 338
42 349
107 34
279 128
272 354
272 436
175 371
279 171
42 364
181 12
125 243
272 276
175 132
175 289
175 119
107 251
42 53
160 435
125 272
446 241
160 295
107 222
272 149
272 63
66 202
66 343
272 316
175 174
66 112
279 357
107 124
272 81
66 399
279 383
446 440
272 207
160 125
181 16
160 260
66 65
272 244
175 108
160 79
446 61
42 390
175 410
181 424
66 390
125 93
160 250
125 96
175 264
107 167
175 445
175 161
160 370
279 230
125 374
66 49
181 3
107 209
279 55
125 94
107 377
446 408
175 166
125 26
446 145
160 367
279 234
279 430
107 335
181 264
42 310
279 11
42 385
175 23
446 226
279 424
279 101
160 67
160 94
107 289
66 250
279 10
66 416
446 32
175 279
181 172
107 398
66 385
160 400
42 19
279 160
272 7
42 273
181 88
107 338
66 77
279 196
181 0
175 61
107 416
42 343
107 93
279 388
107 450
42 436
175 121
42 329
160 45
279 225
175 213
279 154
279 351
446 110
160 72
272 300
279 220
42 57
42 233
42 172
175 439
160 45
160 130
66 164
181 46
279 33
125 452
125 216
125 297
125 339
175 411
272 143
279 318
42 248
279 251
175 414
160 438
107 375
66 150
66 150
175 246
66 439
125 84
272 388
107 136
160 49
446 376
66 279
125 453
175 13
181 101
446 112
181 142
160 444
446 119
175 69
125 392
160 88
66 105
272 277
446 78
175 447
125 257
160 36
175 371
446 11
160 270
181 210
42 386
279 242
42 211
42 69
181 416
272 293
272 210
446 278
279 399
175 266
66 79
160 377
175 222
279 335
160 237
446 359
175 54
446 79
272 10
160 179
66 292
272 455
160 358
446 203
125 348
181 9
175 206
272 31
160 248
107 245
175 245
272 252
181 60
175 174
125 410
446 325
125 430
107 139
446 138
107 203
175 181
66 21
125 348
175 121
66 193
160 383
279 328
446 160
279 310
279 296
160 447
181 188
125 421
272 379
125 141
66 187
272 140
42 459
66 71
181 23
279 325
160 215
107 118
181 193
181 219
181 172
160 414
160 442
279 136
446 428
272 173
279 457
160 334
446 95
160 159
446 354
446 286
66 145
107 4
279 349
107 125
66 268
272 454
272 123
279 280
107 308
42 163
181 50
175 454
175 290
175 177
160 274
272 211
175 46
42 174
175 189
181 55
107 133
181 417
42 222
66 288
279 368
272 256
446 296
160 27
175 239
181 143
160 208
160 54
175 284
272 313
66 19
279 39
272 184
175 63
66 270
66 98
66 110
42 73
175 436
42 55
181 149
181 399
446 45
279 272
272 401
66 321
272 211
446 439
160 250
160 388
125 452
446 336
446 298
279 258
42 58
107 304
125 300
272 372
272 61
181 33
42 392
160 157
181 284
272 88
279 8
107 392
66 121
42 121
446 168
446 53
160 399
66 426
107 109
175 54
160 280
125 214
107 378
160 367
66 346
181 224
42 345
125 216
446 178
175 329
446 30
125 207
125 440
66 278
279 416
272 17
125 436
272 416
446 345
272 57
446 50
107 326
446 320
125 228
181 249
66 48
66 52
42 67
272 165
181 70
107 334
175 15
125 6
272 390
125 282
272 16
272 223
175 114
181 332
272 312
181 209
181 330
125 2
175 381
272 150
175 77
175 270
279 365
181 191
279 6
181 28
272 167
446 8
125 341
272 112
175 186
181 35
42 131
175 156
181 100
279 302
279 16
160 101
160 421
279 28
181 67
181 19
272 287
66 245
66 129
66 200
175 51
181 122
66 417
107 248
125 345
160 38
66 51
66 240
279 78
66 126
181 303
107 25
181 378
125 278
125 411
175 239
175 349
66 297
125 294
279 55
42 63
160 407
181 250
160 140
125 442
42 81
279 10
181 162
279 180
66 233
279 143
160 400
42 56
175 454
125 347
175 444
181 419
279 106
279 437
175 335
175 267
279 383
446 309
125 326
42 420
181 91
279 86
42 156
279 103
175 47
175 33
42 216
446 324
175 78
160 239
175 19
160 63
125 20
42 299
42 295
181 139
160 226
107 150
107 113
279 423
125 203
66 120
181 84
279 302
160 45
175 197
107 313
272 310
42 277
160 73
446 135
181 209
66 311
125 71
181 126
160 453
181 170
272 362
446 216
175 304
42 208
125 240
125 365
107 345
42 318
42 360
175 379
446 276
446 185
272 136
175 10
66 89
160 168
175 25
175 420
125 52
42 400
272 228
272 179
279 381
446 226
279 301
272 279
160 36
279 158
175 16
279 440
272 51
272 205
446 287
181 434
181 380
446 341
107 455
175 283
446 28
181 205
279 445
279 11
181 21
446 303
42 53
446 268
66 348
66 199
181 226
175 259
42 45
446 46
42 105
181 100
66 288
125 19
272 95
279 305
181 65
66 172
175 180
279 237
107 410
160 25
446 361
446 79
125 145
181 56
107 441
272 66
446 186
107 223
160 323
446 337
181 397
181 108
66 444
446 8
42 267
175 237
125 343
181 218
66 210
446 198
279 102
181 157
446 426
160 323
66 168
107 160
446 96
107 121
181 405
446 290
181 402
446 433
181 212
125 214
160 21
160 101
66 98
175 40
181 368
181 88
66 101
160 128
175 75
66 41
66 164
125 168
66 193
107 4
125 37
107 459
125 263
175 263
175 245
160 100
42 426
446 436
446 66
66 140
66 428
175 72
175 311
181 372
272 287
272 387
107 415
42 105
279 307
160 447
107 223
175 341
181 119
66 235
125 67
181 45
66 37
181 163
446 63
279 291
42 431
42 223
125 167
160 49
125 334
181 88
279 302
181 112
446 437
175 417
107 74
181 146
107 24
175 338
66 55
66 74
181 299
160 249
160 177
446 69
125 308
181 373
175 260
125 292
160 99
160 51
279 293
66 392
279 403
42 23
279 415
107 170
66 459
125 16
181 231
107 32
160 334
175 170
66 241
446 136
42 404
175 13
107 10
181 342
272 35
175 4
446 168
279 230
107 283
279 314
107 318
42 202
107 214
175 420
272 149
279 145
42 401
279 392
160 355
181 212
446 14
279 177
279 272
175 336
272 65
175 236
272 133
125 400
175 14
279 293
42 132
272 344
42 93
181 333
42 159
125 375
66 92
107 397
66 17
279 19
107 436
107 142
66 139
279 339
181 202
107 348
160 39
279 155
125 74
446 308
446 116
272 29
125 121
175 127
446 407
42 0
125 278
125 45
107 272
181 82
272 367
42 189
279 442
272 182
66 353
66 203
181 392
125 97
175 343
272 244
181 73
107 394
181 176
446 304
125 420
446 214
446 341
125 404
272 250
279 460
160 299
272 221
175 153
272 4
446 123
446 433
181 389
42 212
175 321
279 226
107 253
66 0
446 274
175 360
446 343
42 253
66 181
181 277
160 97
279 113
272 310
279 81
66 24
66 33
125 66
446 384
42 377
160 393
175 155
175 324
181 139
446 374
446 390
446 20
125 38
272 310
279 288
66 181
107 436
446 214
272 249
279 276
181 125
181 184
66 257
272 248
181 104
279 241
42 298
42 450
66 102
107 330
181 9
107 440
272 140
125 303
272 358
279 182
175 433
66 390
125 211
175 20
279 414
175 147
160 413
175 146
42 253
272 30
160 428
66 282
272 54
181 135
66 284
42 205
125 272
125 311
107 13
125 36
42 163
107 449
107 422
272 236
446 442
125 389
125 309
175 356
175 439
66 296
66 409
279 216
66 105
279 2
446 119
175 142
125 13
279 328
107 336
279 169
160 222
279 378
272 209
160 426
446 447
107 165
66 376
125 348
181 411
107 285
279 345
175 58
279 22
175 232
272 205
160 107
66 267
107 188
279 407
42 87
42 421
272 306
125 284
279 131
446 60
66 116
66 310
125 399
107 390
125 115
175 49
125 287
175 255
279 452
66 301
160 442
160 385
66 387
66 41
107 72
125 358
125 93
272 235
272 267
125 400
66 59
175 138
42 167
160 328
272 197
160 17
181 36
160 443
279 97
272 363
272 426
125 407
160 434
181 188
107 417
160 136
66 372
125 285
107 372
125 420
42 228
279 101
279 169
125 179
66 110
175 119
446 182
160 102
160 344
279 278
175 448
272 331
125 340
42 316
42 65
272 172
446 432
181 257
181 457
160 33
160 210
181 198
272 35
279 34
181 404
446 377
175 46
42 403
446 178
279 114
107 460
279 71
279 51
107 346
107 180
279 139
175 250
272 66
446 76
160 110
160 157
66 223
160 177
107 411
181 398
125 331
160 327
42 136
446 438
66 242
175 234
272 324
160 356
279 378
446 245
272 125
446 254
279 418
160 173
160 68
446 205
272 88
42 436
175 289
272 284
279 188
175 133
42 307
42 385
279 378
66 376
66 392
446 158
160 418
66 441
42 368
160 10
107 243
66 407
279 211
125 315
272 173
279 121
42 141
181 228
160 293
107 352
107 227
160 425
125 133
107 257
107 188
446 438
125 143
279 27
279 118
181 162
66 367
279 8
175 263
181 99
446 205
125 402
272 454
42 340
125 272
66 388
66 169
272 460
42 7
125 66
125 273
125 135
107 212
125 112
42 414
279 315
42 187
272 432
125 86
125 257
175 224
42 313
279 366
125 62
181 272
175 350
272 242
175 82
175 22
66 403
446 261
66 54
446 352
272 290
107 320
279 37
42 161
160 457
42 207
42 131
160 48
125 38
125 312
279 208
181 130
160 127
107 331
279 331
279 40
66 444
125 149
160 238
66 429
272 276
272 251
42 325
279 389
160 94
181 122
279 163
446 74
272 51
42 341
42 409
181 126
42 434
66 290
42 198
42 1
107 87
272 34
272 221
160 109
279 280
181 350
66 271
279 240
181 57
446 69
272 235
446 311
181 79
446 432
107 370
42 187
160 146
107 241
272 167
107 137
160 242
181 385
42 12
125 151
125 165
446 57
272 247
279 301
107 336
279 4
42 348
42 196
42 38
181 203
107 104
160 272
107 205
181 4
125 364
66 448
181 441
272 103
279 293
42 423
107 233
42 221
107 64
175 240
107 185
107 279
66 39
125 355
125 143
160 213
42 439
181 161
175 366
175 124
181 254
107 20
125 98
446 359
175 377
107 100
42 417
279 271
279 370
181 216
279 423
272 42
175 289
272 368
107 411
272 410
272 422
125 455
160 328
160 237
160 90
125 154
272 418
107 278
66 385
66 20
181 190
175 343
181 296
279 448
181 304
446 229
272 8
175 422
272 87
125 82
66 237
107 157
66 362
175 241
160 100
279 193
175 27
272 25
107 94
42 5
160 315
272 11
66 195
272 401
272 280
272 363
175 217
107 197
160 19
181 183
66 356
125 71
107 42
125 0
272 231
160 273
446 24
66 100
66 8
66 452
446 286
66 61
446 199
107 429
125 355
160 248
446 256
181 384
272 425
160 375
272 45
446 282
446 165
125 105
272 317
125 28
160 309
175 323
160 376
272 409
160 245
446 125
446 16
181 352
160 330
446 44
272 434
125 66
66 330
272 186
107 4
125 441
175 116
272 168
175 142
125 24
42 336
279 52
42 458
66 236
279 444
181 218
446 304
160 123
125 251
125 367
42 250
107 279
446 207
107 105
125 372
181 106
175 232
42 137
66 193
181 442
107 7
446 421
125 246
66 181
66 4
279 158
279 111
446 404
107 393
42 70
66 306
175 295
66 428
107 52
272 44
446 329
160 381
181 219
42 73
42 93
175 439
446 325
446 239
66 51
272 279
279 20
279 284
279 214
181 209
160 147
181 239
160 205
125 85
279 374
279 32
125 237
107 213
107 100
272 411
66 421
272 376
160 459
66 350
272 28
272 414
66 93
125 13
446 348
272 195
446 192
125 438
107 282
66 446
446 153
175 404
66 293
181 342
181 109
446 338
446 459
66 160
272 67
279 237
42 115
446 368
272 447
272 258
42 249
181 408
272 241
181 335
160 197
446 333
272 388
272 403
66 428
175 164
42 387
181 53
66 60
446 279
66 193
160 132
272 401
42 328
181 169
66 179
446 322
42 158
42 33
175 153
66 295
66 222
66 136
181 88
175 418
175 21
446 284
107 310
66 91
181 107
181 89
107 376
181 272
160 79
160 69
175 172
107 332
125 309
446 311
446 144
446 165
66 319
181 399
42 248
446 15
160 417
107 153
181 373
181 173
279 357
66 371
160 43
175 250
279 297
181 408
42 458
279 257
42 33
160 286
107 375
181 164
181 207
279 94
107 52
446 427
181 280
160 426
42 117
175 0
175 125
272 110
107 22
272 82
181 255
279 445
160 52
446 74
175 90
107 254
446 203
272 0
175 234
107 410
160 12
272 23
125 75
66 284
66 162
181 96
125 50
107 14
272 79
272 428
181 446
66 86
181 252
160 235
107 19
107 172
160 385
279 5
181 377
446 135
66 41
107 93
42 351
272 70
175 316
279 383
107 125
66 295
446 76
42 334
66 34
66 308
279 280
160 358
107 89
272 421
279 354
272 432
279 284
279 212
42 72
272 17
272 170
175 401
42 353
125 454
107 227
160 375
66 369
272 103
446 291
181 244
42 158
175 145
66 360
175 374
160 66
66 281
42 346
160 11
175 125
272 251
107 53
279 276
160 139
181 0
181 5
181 305
181 224
107 305
66 287
66 180
66 400
160 44
175 367
272 267
272 246
181 373
160 256
107 291
125 110
125 72
181 154
125 19
279 206
446 164
175 119
279 107
160 81
160 352
107 37
279 459
160 368
66 400
446 169
181 201
160 223
42 155
66 247
42 432
160 94
125 58
175 151
175 46
175 330
107 302
107 93
125 0
279 202
175 43
272 422
181 326
279 401
446 236
272 280
175 331
107 206
279 211
446 208
42 17
107 288
160 247
279 27
279 162
279 46
446 13
42 176
272 149
160 301
125 35
107 238
66 399
175 9
279 1
160 415
272 231
175 331
125 200
446 306
107 187
42 157
66 58
279 382
181 296
107 440
446 10
107 256
181 52
42 226
272 377
181 75
42 317
279 142
42 32
272 85
66 323
446 28
160 161
66 80
181 32
175 35
42 446
181 349
42 446
107 76
125 151
66 71
42 350
42 451
446 442
175 402
160 209
160 241
175 50
181 292
66 279
125 404
446 90
125 24
181 67
181 93
279 408
125 319
107 69
42 6
175 300
175 95
107 388
107 392
160 136
107 274
107 121
125 123
66 89
279 407
125 396
66 334
125 313
66 89
66 354
446 279
125 359
175 345
107 356
272 232
272 9
160 120
272 294
42 55
181 91
66 456
160 75
125 455
181 44
42 414
42 307
125 211
42 167
66 104
446 180
42 123
125 261
66 456
272 137
125 256
125 147
181 74
125 128
125 30
279 192
160 344
107 266
181 383
272 353
279 0
175 20
175 418
160 435
181 5
66 46
175 404
181 82
279 386
66 276
160 276
279 264
42 130
66 257
446 325
272 211
279 25
446 117
272 439
175 443
181 445
107 216
181 150
42 1
42 430
66 230
107 36
272 60
66 373
279 2
446 129
181 295
272 221
160 81
66 261
181 179
125 430
66 400
160 229
107 225
175 182
272 52
446 420
446 127
125 39
160 265
181 433
160 6
175 337
107 226
181 323
160 458
446 214
125 273
107 152
42 27
107 10
272 26
160 242
42 244
175 261
42 201
125 376
175 417
160 224
181 371
446 227
66 460
66 174
279 390
42 150
175 269
107 332
175 278
160 355
279 181
272 105
66 240
107 118
272 154
42 329
160 142
107 105
160 200
66 68
272 80
446 298
42 36
125 81
42 93
279 303
125 380
42 284
125 285
181 244
181 208
125 298
181 136
446 310
272 279
446 223
181 83
175 187
125 198
107 102
279 291
125 151
446 291
446 46
446 246
272 184
160 269
446 283
175 224
279 452
66 119
181 69
66 89
66 417
181 375
66 460
107 32
42 78
42 267
279 141
107 436
446 406
107 4
125 359
272 27
181 422
272 197
446 96
175 131
446 171
279 7
107 370
181 174
42 158
160 154
446 110
279 207
42 322
160 124
125 255
125 64
446 266
160 378
181 112
181 244
125 255
42 328
181 442
279 386
125 192
125 46
181 132
66 395
446 179
446 203
66 284
181 272
181 220
66 316
446 218
446 430
175 312
446 351
125 390
160 245
42 45
272 367
42 75
107 454
181 167
446 406
272 300
446 454
125 100
181 363
66 400
175 371
160 236
175 442
160 127
279 179
279 328
125 246
66 177
181 151
272 224
175 94
66 61
66 395
42 225
279 249
66 60
42 330
160 203
446 187
125 281
272 23
66 121
160 336
42 439
66 359
181 324
125 405
279 213
446 19
66 49
125 53
160 4
181 439
42 232
279 318
272 128
66 447
446 145
181 304
125 72
446 140
160 211
175 436
279 61
175 66
446 392
160 64
42 174
279 63
181 243
42 153
42 328
42 215
272 259
181 337
107 13
446 87
66 107
175 391
175 63
160 0
279 95
160 15
175 146
446 348
160 449
181 178
446 0
66 460
446 144
272 319
42 33
446 260
42 241
279 31
272 202
446 415
446 21
175 107
107 68
160 185
107 416
181 103
272 135
160 117
272 86
125 210
181 323
446 312
272 441
107 78
66 252
446 329
42 386
175 201
125 81
446 418
175 457
446 257
175 10
66 357
125 153
279 437
446 182
279 439
279 99
272 381
66 101
42 266
446 18
272 160
181 211
66 426
160 327
160 226
446 455
279 411
279 238
160 148
272 57
181 237
160 209
181 138
446 148
66 416
272 395
66 149
42 309
446 68
272 81
160 157
66 353
125 304
66 53
272 361
125 124
42 296
42 418
160 204
272 423
107 28
181 85
42 402
160 423
446 77
107 4
125 89
446 17
125 274
279 305
279 99
272 295
272 440
279 54
175 404
66 311
175 419
175 225
66 102
446 414
42 332
446 101
272 54
125 419
107 309
42 122
42 356
42 198
181 270
107 346
42 411
125 215
107 96
175 265
66 249
125 186
66 387
66 355
42 215
272 37
42 44
175 218
181 201
272 30
181 378
181 219
160 33
272 345
446 317
125 416
446 306
279 241
446 60
125 112
279 409
107 209
125 13
160 84
272 204
125 297
446 340
181 79
125 212
42 457
181 95
160 45
279 376
125 403
446 92
107 373
107 433
66 79
66 9
181 208
107 117
66 361
279 79
42 460
160 79
175 383
181 382
181 134
107 220
66 360
279 286
279 316
66 274
66 172
279 435
160 185
181 116
107 131
181 220
160 384
175 273
175 207
125 314
175 356
175 109
42 292
125 91
125 0
42 264
107 256
446 297
160 50
42 214
107 440
125 280
66 449
107 362
107 278
272 455
107 73
66 90
107 104
279 311
446 412
107 361
181 22
272 411
66 333
279 278
66 358
42 312
175 458
107 449
279 190
446 36
279 372
181 283
66 429
107 294
279 189
160 50
175 373
125 457
279 24
446 456
125 137
125 270
272 153
272 215
181 387
446 35
446 345
181 213
42 381
107 223
175 425
279 396
181 149
272 438
272 2
181 136
42 211
125 393
42 452
66 22
160 168
272 33
42 436
175 210
42 158
279 320
66 276
66 329
279 303
272 338
279 347
125 20
107 47
272 20
66 95
66 144
181 87
125 457
107 108
107 295
42 7
181 433
66 431
42 425
42 375
66 56
181 131
125 418
272 277
175 202
446 44
181 76
66 327
279 286
181 104
66 442
66 219
42 304
279 209
107 383
160 104
107 16
175 127
107 2
107 163
160 61
279 4
66 428
272 415
446 429
160 282
42 177
107 66
279 282
181 87
107 2
66 28
279 162
107 447
42 419
66 221
107 232
125 18
272 274
279 317
181 135
66 374
272 239
181 164
42 400
107 345
107 396
107 218
279 368
160 173
160 272
272 347
175 80
181 34
107 429
175 278
125 349
272 226
175 255
272 169
279 456
42 202
160 260
42 56
272 211
175 84
272 145
181 343
181 447
272 99
160 92
66 177
66 106
279 313
160 345
66 327
107 14
66 143
446 142
446 51
279 252
160 270
160 385
181 412
272 307
446 134
160 63
66 28
160 295
107 433
272 424
446 265
107 44
446 12
160 179
160 49
272 218
175 45
272 229
125 419
160 369
272 29
181 373
175 446
107 66
272 27
66 244
181 419
272 292
160 333
272 226
446 120
175 212
279 51
446 135
107 49
160 334
181 365
175 329
42 160
42 416
42 362
125 97
66 242
66 282
175 325
175 310
125 24
446 420
446 386
279 166
66 286
160 230
181 460
446 416
279 270
175 263
125 63
66 220
66 10
107 403
446 290
66 341
175 129
446 431
175 454
175 454
42 325
66 335
125 272
66 198
181 260
175 66
175 180
446 392
272 6
279 455
175 24
42 150
160 251
181 147
272 336
279 398
272 410
42 331
279 174
446 205
446 391
107 96
446 177
125 96
272 439
66 453
66 135
446 39
272 49
125 224
42 54
107 445
107 36
272 273
181 41
279 244
66 330
446 237
446 99
272 401
446 226
160 274
125 144
160 295
272 175
42 182
160 127
107 347
181 158
181 399
279 336
125 318
181 368
279 439
446 64
42 301
175 334
125 115
42 271
160 91
107 425
175 233
446 364
160 162
42 103
272 135
181 443
160 329
125 195
66 343
42 30
446 269
42 113
446 421
107 316
125 303
42 443
66 424
272 10
160 237
107 323
66 360
181 363
125 419
175 341
125 78
181 280
175 45
181 209
107 296
279 391
272 354
107 162
160 444
272 431
446 201
66 31
66 373
279 38
175 339
66 259
272 239
181 58
160 86
125 4
181 400
446 59
160 47
446 69
125 414
66 433
279 428
279 203
272 83
66 334
107 298
446 85
446 432
181 377
181 110
160 288
446 22
125 431
181 449
181 276
125 124
160 398
181 431
272 50
107 212
107 234
446 212
125 350
42 75
160 43
446 311
446 173
66 324
107 150
175 439
181 143
107 314
175 49
446 389
125 214
279 371
42 347
160 204
272 32
272 239
446 347
181 346
175 111
272 244
125 383
107 241
272 171
175 2
446 316
175 83
181 50
181 139
107 9
279 57
181 391
107 100
446 60
272 178
125 338
272 65
66 189
175 28
107 354
175 79
107 109
446 192
107 235
107 145
160 225
160 81
279 86
181 173
272 4
181 54
125 411
175 20
42 43
175 126
279 357
446 452
160 14
446 201
446 398
125 122
107 189
42 164
160 270
125 192
42 372
125 50
125 189
160 456
160 213
125 235
181 11
175 203
42 28
446 440
279 253
279 172
446 432
125 422
175 439
125 309
181 330
66 295
66 101
66 8
279 105
107 283
279 126
42 13
279 17
181 288
279 255
446 240
107 202
107 86
446 72
175 240
125 450
107 251
175 399
125 12
42 116
175 186
42 48
107 52
175 177
160 144
42 0
175 259
272 308
279 392
175 0
279 65
175 215
42 74
107 317
279 337
160 185
125 85
66 334
175 331
125 322
125 311
66 210
272 86
272 253
125 191
42 356
160 174
125 248
446 65
175 141
175 1
175 47
272 243
272 84
175 127
279 385
160 446
160 215
160 104
181 165
107 441
175 453
272 277
107 71
279 443
279 325
66 241
42 84
66 30
446 136
279 137
279 342
125 388
181 356
66 87
175 311
160 27
272 17
279 458
279 326
446 3
160 123
125 188
107 326
66 265
446 101
175 429
66 223
125 188
107 156
279 448
125 84
125 118
125 395
107 262
279 170
181 386
107 199
160 266
66 388
279 50
66 239
175 128
272 241
66 237
42 137
160 331
107 370
66 390
125 314
279 427
175 132
66 215
42 399
66 152
446 140
107 364
279 128
446 43
175 303
181 406
279 29
125 448
66 134
107 61
272 163
446 306
107 236
279 135
107 266
125 224
446 278
160 234
42 366
66 459
66 274
160 139
181 361
107 36
446 265
66 320
107 163
446 374
279 69
160 221
107 446
66 439
446 228
107 52
125 394
125 21
279 203
279 249
446 291
107 449
42 441
107 162
175 331
175 10
272 367
181 389
175 375
181 235
272 391
42 103
125 452
160 71
107 26
272 338
107 223
181 242
125 66
125 322
181 269
125 65
446 349
107 155
66 163
181 267
446 128
66 351
175 15
446 21
66 219
181 11
279 370
175 452
107 248
66 236
175 203
107 84
446 103
446 255
181 90
446 333
175 102
272 224
279 200
160 177
160 306
181 9
42 247
66 39
107 33
107 23
66 112
175 158
279 388
181 214
160 309
42 60
272 170
181 166
107 269
279 411
446 311
279 225
125 27
107 377
272 427
181 398
181 102
125 91
446 237
181 36
446 431
66 31
279 257
279 148
66 44
181 133
272 110
175 199
272 141
446 13
175 225
107 441
181 250
107 192
125 376
272 293
107 315
66 121
42 130
125 284
66 267
66 62
66 350
272 333
160 398
175 420
279 337
66 310
175 15
42 106
175 271
446 302
66 178
160 258
125 318
279 144
279 46
446 254
107 66
66 180
66 225
160 358
446 354
66 254
175 176
107 438
107 333
272 208
272 158
175 401
107 238
272 176
279 344
175 70
125 439
279 211
160 76
160 275
181 436
175 3
175 396
181 125
42 368
160 435
42 197
160 249
107 130
125 31
446 399
175 457
175 250
66 420
181 14
160 258
272 339
42 367
66 106
160 257
446 404
272 123
160 216
279 415
107 59
446 87
181 348
66 311
66 136
175 168
181 221
175 436
125 276
107 150
42 139
42 136
125 15
160 319
42 193
446 70
160 168
181 388
181 46
125 100
279 97
175 427
66 239
181 179
125 211
42 352
175 121
279 81
272 247
107 274
107 313
107 268
272 164
160 385
42 444
272 405
446 369
175 357
446 258
279 140
181 222
272 251
175 57
181 92
279 220
175 284
181 162
272 460
279 126
446 348
107 274
279 375
42 325
42 179
175 97
175 299
272 149
66 254
160 282
125 400
272 380
107 169
279 291
42 17
279 423
279 195
66 351
66 446
107 244
446 235
279 351
160 449
66 57
446 459
181 413
279 396
125 59
279 187
175 344
181 244
181 165
181 447
181 292
66 375
160 119
107 380
272 252
42 254
66 152
446 430
107 339
181 445
175 421
175 225
272 424
66 133
107 390
107 422
279 131
107 333
272 382
125 258
175 314
66 150
175 11
42 317
42 32
125 171
125 68
160 426
279 69
42 397
175 389
446 362
125 198
42 153
107 159
181 70
446 370
175 18
446 133
279 311
175 406
279 156
160 11
66 395
66 457
160 382
107 366
160 139
66 376
160 204
181 239
272 115
279 375
160 40
125 108
279 355
181 30
175 203
125 144
446 128
181 226
181 238
42 407
279 292
279 229
279 401
446 58
42 364
181 88
125 358
160 390
160 189
446 407
175 440
272 62
66 125
446 191
272 48
279 88
272 26
175 284
66 440
125 262
175 202
125 20
272 222
125 202
42 80
279 325
66 11
181 426
42 327
66 64
66 322
279 254
446 40
42 68
446 140
42 294
160 116
181 344
160 100
125 306
446 378
446 440
107 233
272 22
42 215
66 83
107 36
125 268
175 250
42 318
175 246
446 106
175 218
66 199
107 136
42 161
446 302
446 397
181 368
66 148
107 386
279 420
107 57
160 451
181 14
42 284
181 35
160 267
107 156
66 363
272 44
66 360
42 75
42 410
42 315
66 113
446 74
181 285
175 324
160 207
446 414
181 69
446 281
107 168
160 437
272 288
446 383
42 164
125 243
279 97
272 249
125 36
175 241
66 405
272 7
446 367
107 158
272 386
42 207
181 448
279 361
446 34
125 355
66 232
125 369
181 168
272 426
175 90
66 381
279 419
42 397
66 187
272 135
66 446
175 355
272 332
160 46
175 63
160 42
160 14
175 363
42 133
446 372
272 242
272 8
446 267
181 358
181 427
125 365
66 22
272 177
279 388
42 44
175 16
66 433
446 61
125 64
160 318
175 288
272 5
272 205
279 193
272 403
42 255
125 439
66 214
272 231
160 134
66 126
107 330
446 254
181 427
160 217
175 310
272 57
160 340
66 346
160 20
279 10
42 153
279 330
107 196
107 24
181 66
160 428
160 64
175 246
42 391
175 67
279 212
66 196
125 9
160 370
175 92
107 394
181 199
107 0
66 381
42 272
279 252
272 344
279 270
279 432
175 326
160 19
66 297
181 193
272 174
160 166
272 145
446 201
279 306
272 220
66 224
175 152
160 196
66 6
279 146
107 166
175 419
446 264
125 58
160 434
125 288
66 378
42 21
181 166
446 345
272 166
446 244
175 88
160 258
42 255
272 278
107 217
279 129
160 67
66 430
272 420
107 99
446 131
181 91
125 423
446 197
42 57
446 198
181 439
181 86
279 85
272 402
279 44
160 71
160 310
107 71
160 335
42 124
272 77
107 42
175 147
107 247
160 76
107 391
181 384
42 313
107 27
272 313
446 313
125 106
107 38
446 370
66 346
279 136
272 428
125 365
107 289
160 14
272 197
66 165
107 93
175 2
446 432
175 158
125 123
125 391
107 385
181 218
446 378
446 92
160 426
272 58
279 277
66 246
272 186
279 225
175 315
181 349
160 328
66 0
272 328
160 3
272 268
66 152
279 355
272 88
446 139
446 232
107 213
446 389
181 376
446 168
272 351
181 172
446 168
181 312
66 102
175 379
160 210
107 115
446 317
42 11
279 256
272 139
272 295
42 445
125 120
107 326
66 433
181 126
446 392
42 68
107 136
279 209
279 239
279 135
272 99
125 32
175 270
160 230
66 219
279 196
107 146
107 410
272 367
272 447
107 282
272 245
272 104
279 92
66 216
279 402
272 301
272 158
446 45
181 141
42 147
160 48
446 58
42 36
181 43
160 67
272 377
125 397
272 288
446 206
107 349
175 328
160 380
279 101
160 40
279 377
446 297
446 360
107 291
175 191
279 25
175 427
181 106
175 89
446 280
181 264
125 72
175 91
125 99
66 299
272 195
160 227
279 277
181 315
66 379
125 28
279 227
125 265
125 220
175 366
181 317
66 177
272 96
272 412
125 205
175 419
181 288
160 253
160 211
181 213
42 327
42 423
446 215
160 98
279 122
125 437
66 2
175 312
175 46
272 21
181 363
446 9
181 20
66 166
42 221
279 35
42 446
181 190
279 80
175 336
42 433
107 298
125 240
160 209
279 114
279 434
446 115
42 325
272 398
66 208
175 335
181 49
42 377
181 331
107 33
279 97
181 222
446 101
107 291
272 257
125 429
279 13
279 381
160 201
279 414
175 119
125 322
279 333
66 54
175 343
272 57
272 212
125 240
160 149
279 284
272 304
181 336
181 273
272 363
279 375
160 157
66 441
446 358
125 57
42 86
125 361
272 329
42 292
125 401
160 294
42 327
272 433
107 438
107 189
181 442
446 90
66 425
181 348
160 234
160 271
160 48
107 22
272 117
160 379
272 411
107 258
42 119
66 452
175 379
181 367
107 32
279 361
272 354
107 388
107 244
181 325
125 90
279 209
272 198
446 403
160 268
181 441
272 354
107 85
279 424
125 364
125 317
160 264
107 161
42 160
446 118
175 266
160 8
66 352
160 114
125 390
272 334
181 451
107 374
175 167
279 398
125 397
107 100
107 390
181 397
175 452
272 21
272 197
160 28
446 19
160 376
279 290
107 405
42 285
107 248
272 20
66 30
181 97
279 347
279 355
279 436
125 73
446 380
42 127
175 346
66 295
160 209
175 351
125 234
175 72
181 34
279 65
446 164
125 116
175 106
107 51
279 141
107 228
160 13
42 264
446 248
107 129
279 39
181 285
107 407
160 30
181 7
42 309
272 324
42 32
181 171
446 248
66 353
181 77
272 70
125 92
175 190
125 275
272 50
181 377
175 74
66 173
181 171
66 410
42 325
279 231
160 327
181 407
160 441
279 458
272 138
446 133
175 22
446 380
446 10
160 286
175 425
42 105
107 48
446 323
181 346
175 324
66 292
272 460
181 320
107 228
160 75
66 181
272 389
42 99
125 391
175 392
272 296
66 422
42 386
66 141
107 459
181 330
175 264
181 183
446 439
446 340
160 344
42 202
42 250
160 327
446 48
160 166
160 305
181 391
66 37
107 438
66 330
160 89
125 193
125 257
160 303
66 87
42 127
107 231
175 156
279 50
279 346
66 112
66 271
175 449
125 260
66 358
125 201
175 11
107 393
175 29
181 205
160 219
175 289
107 176
66 368
272 371
42 384
107 442
279 202
125 98
107 400
446 341
181 306
66 196
446 37
125 132
107 361
107 119
125 239
446 456
66 388
181 227
42 310
160 130
181 67
181 12
160 212
125 176
160 7
42 412
42 409
42 254
272 57
446 231
160 192
125 332
160 261
272 164
42 221
279 347
125 343
107 358
279 103
181 141
42 28
446 431
125 248
160 152
181 448
446 365
125 419
160 118
446 189
181 189
66 186
279 373
160 231
107 279
181 167
66 132
279 271
160 337
125 70
181 239
181 457
279 419
42 168
272 304
125 302
107 94
42 322
175 7
42 69
107 95
160 197
272 108
66 270
272 275
175 246
446 134
107 277
272 287
66 262
175 98
107 151
160 188
107 31
175 179
279 235
66 409
175 219
160 57
446 442
446 388
446 427
107 54
107 181
272 121
125 157
446 163
160 256
279 409
181 454
279 348
272 222
272 116
160 443
107 290
272 271
66 445
279 178
125 233
279 123
42 333
181 66
107 138
175 431
446 221
279 267
42 438
125 251
175 381
66 111
175 57
446 417
125 6
125 44
272 4
125 266
160 54
279 171
181 95
181 137
279 452
272 255
160 172
181 169
181 359
446 330
272 219
181 259
446 64
107 310
272 347
42 101
160 67
125 287
272 33
446 211
42 180
107 429
42 409
446 57
272 306
272 149
272 118
446 447
107 138
125 445
125 421
66 254
125 313
66 423
181 340
279 338
272 325
160 327
272 201
42 315
107 51
446 402
446 140
446 139
66 16
42 292
175 248
272 415
175 138
175 207
279 239
181 49
125 255
125 332
125 438
125 389
42 313
181 353
125 376
66 17
175 385
42 107
66 388
181 180
125 228
66 234
175 386
107 372
181 57
279 337
66 416
66 97
181 115
272 381
181 221
107 315
279 204
66 70
107 333
175 172
107 391
175 379
181 396
107 411
181 79
175 139
42 127
279 114
66 381
279 28
175 137
279 122
125 455
42 323
181 430
175 26
175 111
42 418
446 29
272 33
279 165
107 4
125 127
42 206
279 169
107 347
160 304
160 290
66 245
279 100
272 224
107 457
107 335
272 244
272 431
279 363
175 438
175 255
66 253
175 29
272 210
181 319
160 172
272 353
42 58
66 389
107 45
42 185
279 69
279 162
160 103
125 171
107 338
107 404
107 360
42 412
175 147
272 48
272 159
181 119
42 393
107 73
446 34
66 145
175 357
175 220
66 293
272 222
125 117
125 172
42 106
107 121
160 445
66 164
446 372
125 241
279 228
66 33
181 92
181 319
279 307
181 331
125 103
279 238
279 156
160 118
272 250
107 182
66 243
279 195
160 438
66 402
446 173
160 275
125 200
175 256
446 255
66 72
272 217
272 52
446 386
446 408
272 257
181 46
446 248
279 419
66 384
279 429
125 349
42 128
175 302
107 456
66 22
279 330
181 260
107 342
446 214
175 394
160 125
66 205
175 381
107 436
446 277
160 203
66 75
42 78
125 224
272 302
279 3
42 325
272 214
125 18
125 251
446 49
279 345
279 6
42 353
175 244
272 143
107 190
446 333
66 433
446 364
125 164
279 323
272 214
107 336
107 192
181 122
66 154
125 15
181 122
181 37
42 249
181 381
272 76
279 379
181 356
107 141
66 52
175 260
181 10
279 269
125 379
279 405
175 308
272 87
66 300
125 99
181 94
446 9
272 133
125 207
160 107
181 1
279 416
125 97
42 124
66 360
272 6
279 433
42 406
272 87
160 50
181 312
107 401
181 129
272 445
446 397
279 454
175 131
446 13
446 176
160 48
160 350
446 222
160 131
279 455
125 212
160 372
160 134
125 181
272 55
125 58
42 235
107 27
175 424
181 106
272 179
125 300
160 307
446 411
160 285
42 160
160 412
160 210
42 85
107 241
160 282
107 163
125 0
279 363
42 152
125 353
160 124
175 52
272 66
107 78
125 42
66 38
175 108
181 435
66 457
181 266
160 45
66 80
272 271
125 15
175 309
160 258
446 33
66 47
181 34
181 223
107 7
181 119
125 306
160 248
66 212
160 70
160 257
42 158
279 2
446 196
125 183
446 250
125 89
181 141
272 445
446 402
42 156
160 30
272 425
107 292
160 342
446 121
181 134
272 209
66 456
446 349
107 68
181 350
66 301
175 163
42 37
272 226
279 300
181 13
175 278
446 289
160 451
181 375
42 251
446 368
42 187
272 374
160 89
160 45
66 344
279 395
125 183
279 325
160 353
446 78
160 260
446 296
125 436
66 324
42 278
42 145
160 108
279 184
272 216
175 22
175 396
446 45
125 187
175 87
125 240
279 137
160 379
175 146
125 127
175 85
175 67
175 231
446 342
160 244
272 21
272 13
125 57
279 263
175 332
181 458
66 254
42 361
107 419
272 246
42 16
175 105
175 212
446 235
125 112
160 296
272 335
175 309
107 418
175 207
42 255
181 405
181 322
446 278
181 376
107 58
272 458
446 345
272 93
160 415
175 423
181 458
66 45
272 195
181 94
279 388
42 406
42 389
107 261
125 380
272 85
272 105
279 38
279 265
279 237
181 240
181 97
272 190
279 93
107 164
181 35
272 36
125 402
446 250
107 143
279 403
175 349
160 193
125 193
446 186
175 87
272 91
181 264
160 450
125 222
160 210
107 437
446 437
42 242
446 131
181 186
175 181
279 374
125 124
107 236
160 262
272 228
181 384
279 99
66 100
272 353
175 181
279 322
160 386
107 384
175 398
279 294
175 159
175 183
125 205
160 331
66 355
125 350
175 279
272 182
175 151
181 30
175 279
279 417
446 418
66 427
279 409
160 161
42 337
181 269
279 457
42 229
181 456
66 267
160 158
272 79
125 375
160 196
181 241
272 279
66 262
279 123
279 61
279 42
125 172
125 50
181 399
175 20
42 436
42 140
42 65
160 233
279 145
279 400
181 144
175 380
125 396
160 358
175 80
181 459
125 194
446 238
107 310
272 392
446 315
446 382
66 363
160 14
66 253
279 202
66 143
279 301
42 123
446 176
279 262
446 134
42 126
175 219
42 210
125 368
175 455
272 169
272 9
181 248
446 220
66 173
175 21
66 233
175 368
272 168
66 337
107 287
279 56
107 302
160 321
446 423
446 21
181 88
42 17
125 191
125 434
42 288
125 447
446 203
181 299
66 3
66 391
125 153
181 425
175 141
160 314
42 344
446 439
181 165
160 295
279 278
446 161
66 201
175 240
125 108
107 436
446 78
42 267
160 101
42 184
107 21
272 324
446 266
272 449
279 126
446 121
279 316
446 211
107 219
272 31
181 193
175 424
181 188
160 122
107 182
175 439
446 242
160 116
160 320
160 165
181 264
42 217
272 72
272 304
