38 225 1
24 28 71
1 28 589
21 0 381
0 28 604
4 11 930
5 12 103
6 1 732
22 28 286
21 14 599
17 23 450
36 14 950
16 28 894
33 24 307
35 34 310
12 5 302
3 6 959
23 27 777
35 25 235
13 34 956
27 11 328
6 14 793
35 7 433
21 32 194
24 27 772
19 7 312
5 13 229
11 19 330
8 33 200
12 14 321
17 0 78
3 1 213
22 1 209
37 1 759
32 24 66
37 16 115
19 33 297
20 1 760
8 24 137
8 12 957
9 37 793
25 28 50
2 29 148
34 4 114
3 36 270
30 32 706
10 27 314
20 15 390
2 6 89
20 3 183
15 20 617
1 12 374
28 34 228
26 9 720
17 31 947
8 10 63
37 26 362
2 19 710
13 20 206
11 14 868
1 27 666
15 29 7
4 24 232
28 29 912
5 18 352
37 24 723
35 16 294
21 8 584
36 4 831
34 23 627
32 3 609
36 2 756
28 16 47
21 13 786
23 28 814
0 29 322
24 17 948
4 2 148
8 5 93
26 23 341
24 9 760
22 20 377
33 28 212
35 22 343
31 4 133
20 27 408
12 22 971
17 9 971
0 27 20
35 19 770
31 21 461
14 26 273
8 19 648
30 15 68
0 9 39
27 23 548
0 14 81
0 3 628
23 3 881
26 1 952
6 11 750
17 7 450
0 35 429
25 23 485
27 20 852
18 28 882
34 10 384
35 21 907
35 3 554
7 28 821
35 30 396
5 33 94
28 14 700
35 5 366
25 30 845
26 28 149
1 32 991
6 30 419
19 37 783
36 7 714
29 6 95
1 22 165
30 0 339
19 29 410
2 8 390
15 3 771
24 13 805
15 25 586
18 16 211
2 1 831
29 30 446
22 16 810
25 3 507
11 4 929
35 23 958
1 0 17
13 2 880
9 0 582
0 21 161
29 33 811
34 3 274
7 31 142
6 3 653
21 7 988
10 22 568
29 3 51
10 21 221
5 27 984
33 15 858
10 2 204
32 30 381
7 34 351
15 26 324
24 6 273
14 18 41
15 10 988
0 10 889
37 9 42
10 36 837
21 30 185
15 9 728
15 11 503
12 30 763
18 14 755
28 25 662
5 30 508
12 0 894
19 26 737
7 4 418
11 23 713
18 35 282
31 14 267
28 9 568
24 15 152
28 32 321
8 34 124
24 29 646
6 16 81
30 6 339
10 9 531
36 3 646
0 12 737
25 26 558
3 29 545
31 13 843
28 6 482
33 18 639
10 13 539
13 22 698
7 21 82
8 13 606
26 5 490
20 9 271
28 35 12
10 7 548
26 25 336
33 27 667
4 27 763
33 30 102
25 5 874
32 16 81
10 5 401
23 6 565
1 3 595
23 11 172
28 19 504
34 17 140
3 20 859
35 31 898
31 5 335
25 11 447
32 36 226
8 2 986
12 33 787
18 4 411
16 17 243
12 2 721
6 19 71
15 28 169
4 0 522
7 35 955
19 23 959
13 30 101
37 5 713
34 16 672
17 16 839
18 89
17 286
28 745
20 146
33 2
7 45
31 287
11 716
17 278
21 738
20 86
22 628
32 349
21 862
3 457
17 863
30 540
15 21
33 577
29 861
23 966
27 130
0 551
19 913
8 734
12 312
12 343
25 523
7 917
36 11
16 817
35 446
35 610
29 556
33 85
2 190
3 426
14 819
7 2
