198 690 2
135 83 1
137 141 1
45 9 1
6 9 1
9 86 1
141 126 1
195 5 1
102 61 1
12 36 1
115 25 1
164 75 1
115 136 1
144 100 1
30 195 1
179 189 1
173 87 1
65 191 1
101 149 1
86 94 1
20 131 1
40 62 1
165 18 1
113 118 1
13 1 1
23 150 1
149 183 1
93 127 1
187 47 1
178 8 1
129 187 1
112 166 1
140 126 1
97 27 1
32 102 1
14 32 1
63 152 1
92 98 1
141 52 1
144 60 1
155 13 1
63 84 1
140 51 1
132 147 1
177 41 1
54 119 1
145 119 1
43 197 1
119 197 1
128 42 1
176 138 1
170 27 1
100 118 1
94 77 1
91 166 1
93 70 1
102 65 1
157 98 1
146 140 1
78 104 1
80 45 1
3 130 1
57 25 1
128 140 1
30 103 1
70 97 1
41 3 1
50 60 1
169 12 1
158 52 1
136 45 1
55 179 1
40 185 1
196 5 1
158 143 1
85 66 1
3 96 1
134 147 1
63 9 1
38 22 1
63 190 1
104 48 1
178 85 1
77 12 1
151 97 1
90 33 1
49 107 1
90 158 1
57 76 1
66 119 1
193 30 1
18 111 1
20 10 1
8 44 1
137 92 1
97 154 1
151 146 1
42 28 1
49 95 1
80 30 1
51 187 1
59 43 1
47 183 1
105 18 1
69 169 1
163 122 1
15 142 1
23 60 1
68 36 1
1 36 1
139 185 1
98 124 1
146 79 1
152 1 1
141 43 1
9 49 1
94 173 1
96 101 1
58 168 1
125 103 1
76 124 1
70 108 1
166 146 1
24 7 1
22 166 1
22 137 1
16 159 1
96 44 1
34 2 1
90 64 1
150 188 1
92 192 1
146 192 1
172 136 1
80 180 1
190 142 1
142 96 1
35 34 1
153 137 1
155 173 1
26 77 1
47 66 1
71 105 1
144 46 1
120 45 1
66 121 1
133 92 1
135 56 1
149 97 1
125 186 1
18 148 1
111 44 1
116 182 1
130 103 1
65 189 1
146 160 1
104 93 1
59 104 1
63 55 1
46 49 1
69 60 1
192 195 1
66 37 1
128 141 1
146 105 1
99 108 1
23 16 1
44 185 1
191 128 1
17 12 1
113 86 1
115 189 1
140 161 1
188 132 1
63 194 1
142 103 1
2 32 1
57 26 1
21 1 1
15 188 1
186 36 1
180 190 1
160 162 1
150 0 1
88 125 1
23 144 1
50 142 1
196 175 1
32 27 1
93 95 1
90 150 1
12 163 1
183 66 1
75 120 1
3 113 1
160 175 1
61 101 1
49 81 1
162 27 1
168 6 1
41 133 1
121 66 1
43 88 1
13 100 1
50 59 1
187 103 1
82 91 1
0 160 1
153 91 1
1 89 1
187 17 1
17 10 1
127 76 1
129 72 1
189 96 1
169 13 1
131 126 1
131 74 1
85 137 1
14 53 1
143 188 1
73 27 1
87 101 1
3 87 1
85 173 1
106 167 1
141 122 1
92 138 1
13 110 1
50 122 1
96 21 1
23 1 1
14 67 1
178 50 1
49 196 1
120 132 1
96 123 1
87 10 1
71 111 1
87 176 1
9 193 1
93 163 1
90 161 1
171 111 1
58 169 1
96 189 1
103 77 1
185 184 1
132 166 1
37 158 1
74 111 1
83 59 1
171 109 1
95 193 1
38 59 1
172 47 1
76 100 1
116 69 1
30 63 1
86 90 1
37 61 1
11 31 1
114 24 1
187 182 1
155 28 1
129 85 1
193 133 1
90 58 1
79 178 1
102 165 1
79 12 1
85 52 1
188 118 1
57 131 1
55 156 1
59 191 1
77 149 1
103 79 1
186 3 1
103 67 1
15 152 1
48 12 1
115 141 1
183 161 1
59 132 1
65 157 1
165 52 1
63 92 1
113 4 1
131 104 1
70 185 1
86 93 1
186 135 1
65 194 1
140 33 1
142 107 1
50 93 1
32 57 1
94 6 1
63 163 1
25 29 1
39 193 1
112 120 1
193 63 1
135 178 1
122 88 1
190 96 1
68 64 1
4 39 1
134 71 1
82 24 1
176 62 1
143 164 1
34 3 1
60 114 1
16 93 1
63 127 1
127 2 1
120 83 1
97 132 1
11 128 1
120 136 1
113 126 1
195 42 1
99 146 1
61 108 1
94 114 1
159 115 1
56 50 1
80 23 1
150 82 1
153 114 1
3 162 1
20 138 1
168 156 1
136 117 1
172 27 1
163 19 1
194 69 1
196 138 1
4 179 1
18 3 1
183 120 1
33 172 1
182 156 1
163 67 1
136 103 1
109 146 1
66 8 1
65 143 1
175 61 1
183 153 1
197 53 1
27 46 1
76 158 1
104 161 1
150 141 1
187 15 1
83 126 1
130 148 1
88 51 1
110 81 1
87 143 1
68 195 1
64 175 1
41 67 1
107 138 1
78 9 1
60 96 1
156 118 1
153 76 1
76 184 1
77 133 1
21 2 1
150 93 1
145 96 1
92 58 1
160 66 1
35 62 1
32 178 1
188 137 1
98 44 1
177 46 1
114 197 1
78 169 1
154 60 1
164 45 1
173 145 1
35 189 1
119 35 1
55 193 1
3 187 1
13 46 1
117 4 1
31 33 1
48 136 1
170 171 1
15 86 1
60 77 1
196 49 1
137 65 1
25 161 1
122 118 1
123 128 1
106 8 1
159 79 1
42 170 1
31 52 1
181 159 1
85 179 1
17 159 1
71 171 1
52 71 1
111 70 1
11 83 1
173 78 1
197 70 1
180 51 1
191 162 1
50 89 1
47 126 1
87 94 1
122 148 1
142 190 1
103 126 1
152 37 1
62 181 1
89 97 1
117 139 1
9 104 1
34 37 1
22 28 1
127 43 1
164 125 1
42 22 1
77 174 1
188 129 1
63 137 1
110 57 1
115 120 1
10 116 1
98 145 1
72 38 1
145 98 1
7 134 1
87 88 1
132 60 1
71 185 1
116 87 1
92 142 1
150 143 1
9 97 1
148 52 1
38 78 1
195 34 1
19 182 1
185 39 1
159 117 1
173 166 1
164 117 1
121 142 1
64 65 1
152 58 1
159 86 1
124 87 1
163 128 1
0 21 1
120 40 1
31 15 1
168 107 1
65 30 1
178 167 1
44 45 1
78 87 1
166 61 1
27 110 1
131 40 1
54 67 1
127 135 1
57 161 1
50 192 1
113 51 1
130 112 1
187 71 1
160 42 1
148 110 1
105 49 1
190 91 1
139 140 1
33 147 1
25 126 1
50 90 1
151 38 1
66 45 1
55 196 1
67 98 1
123 160 1
17 113 1
33 56 1
90 21 1
53 51 1
65 99 1
159 151 1
114 66 1
120 71 1
67 197 1
169 30 1
50 174 1
192 129 1
146 87 1
164 120 1
39 19 1
103 172 1
61 78 1
114 139 1
91 174 1
18 158 1
78 194 1
49 185 1
129 164 1
4 88 1
136 21 1
34 146 1
41 94 1
187 173 1
182 56 1
3 139 1
119 54 1
53 4 1
25 10 1
15 11 1
1 113 1
190 37 1
133 74 1
178 63 1
142 179 1
173 61 1
87 76 1
120 151 1
80 182 1
52 131 1
117 137 1
128 106 1
185 174 1
195 61 1
142 154 1
48 142 1
24 121 1
171 124 1
178 139 1
158 60 1
193 187 1
8 118 1
39 170 1
82 163 1
6 8 1
169 16 1
140 163 1
25 3 1
105 158 1
86 191 1
13 115 1
16 86 1
101 157 1
27 72 1
61 67 1
24 136 1
132 26 1
106 145 1
191 150 1
195 60 1
148 29 1
109 163 1
162 75 1
82 93 1
161 28 1
119 173 1
2 130 1
98 141 1
185 165 1
189 12 1
39 56 1
85 148 1
176 196 1
41 143 1
193 76 1
124 146 1
77 43 1
59 23 1
136 155 1
118 58 1
127 114 1
63 35 1
108 115 1
144 165 1
76 35 1
82 105 1
21 144 1
90 16 1
156 5 1
24 115 1
146 157 1
77 57 1
38 197 1
39 51 1
57 174 1
158 131 1
106 53 1
23 55 1
53 155 1
69 164 1
121 58 1
2 132 1
149 128 1
184 21 1
167 77 1
90 154 1
113 92 1
80 192 1
153 75 1
21 15 1
127 143 1
186 25 1
94 61 1
155 166 1
146 15 1
42 195 1
155 52 1
150 116 1
79 43 1
163 169 1
92 53 1
14 113 1
143 49 1
44 96 1
186 69 1
144 58 1
35 153 1
141 115 1
184 44 1
134 48 1
115 174 1
145 26 1
171 45 1
61 142 1
120 130 1
162 168 1
128 46 1
154 164 1
84 133 1
38 1 1
78 10 1
76 63 1
162 116 1
96 25 1
28 159 1
125 36 1
33 111 1
25 179 1
79 116 1
69 131 1
72 192 1
13 117 1
46 30 1
135 142 1
138 9 1
113 68 1
13 137 1
95 28 1
17 133 1
106 44 1
101 162 1
86 164 1
46 7 1
67 139 1
145 59 1
24 174 1
46 172 1
168 7 1
45 92 1
115 103 1
50 177 1
185 90 1
165 5 1
146 188 1
43 145 1
11 95 1
111 34 1
88 55 1
130 193 1
51 195 1
169 1
69 1
133 1
46 1
48 1
29 1
132 1
129 1
123 1
78 1
49 1
25 1
170 1
27 1
88 1
38 1
188 1
32 1
129 1
98 1
48 1
93 1
73 1
24 1
5 1
39 1
109 1
64 1
130 1
166 1
150 1
97 1
115 1
70 1
82 1
157 1
162 1
52 1
105 1
93 1
187 1
95 1
61 1
193 1
99 1
69 1
36 1
189 1
159 1
37 1
163 1
188 1
109 1
164 1
13 1
166 1
64 1
78 1
40 1
127 1
180 1
49 1
23 1
143 1
128 1
175 1
23 1
107 1
6 1
19 1
197 1
91 1
10 1
42 1
155 1
43 1
179 1
167 1
101 1
13 1
92 1
133 1
84 1
67 1
163 1
145 1
3 1
177 1
159 1
118 1
151 1
72 1
79 1
23 1
107 1
109 1
75 1
159 1
153 1
145 1
51 1
139 1
190 1
68 1
154 1
178 1
20 1
153 1
117 1
100 1
163 1
33 1
33 1
34 1
150 1
18 1
188 1
153 1
18 1
160 1
183 1
124 1
104 1
188 1
138 1
63 1
55 1
53 1
134 1
81 1
188 1
93 1
34 1
166 1
130 1
33 1
29 1
158 1
76 1
9 1
188 1
142 1
119 1
126 1
18 1
63 1
43 1
47 1
183 1
97 1
151 1
3 1
168 1
74 1
63 1
169 1
130 1
125 1
5 1
187 1
124 1
55 1
44 1
103 1
195 1
187 1
188 1
6 1
152 1
104 1
10 1
149 1
123 1
136 1
18 1
177 1
108 1
109 1
0 1
9 1
103 1
152 1
45 1
181 1
43 1
147 1
39 1
42 1
80 1
67 1
64 1
149 1
82 1
6 1
166 1
76 1
80 1
160 1
169 66
102 22
