150 309 2826
24 72 989
45 62 955
54 42 982
41 21 821
109 40 126
7 8 643
15 40 642
9 19 640
49 55 452
108 126 941
44 67 494
128 126 514
146 46 302
114 24 911
40 68 255
131 36 216
62 37 741
122 24 286
45 92 877
70 58 867
3 9 510
106 2 10
141 0 14
141 147 313
84 48 908
133 36 106
29 78 418
48 113 490
142 106 615
117 11 364
99 88 667
143 35 294
118 101 141
98 83 866
80 61 659
111 51 208
148 29 825
6 54 726
123 106 937
96 74 807
102 73 301
5 126 862
114 75 274
62 93 31
75 18 427
8 113 632
4 54 377
125 98 770
106 132 493
113 140 290
71 111 175
3 118 832
115 126 683
12 68 832
69 2 82
65 68 894
11 144 982
85 134 786
104 131 570
98 137 777
43 114 718
81 93 105
123 92 314
137 52 827
141 30 676
51 47 84
56 127 266
33 15 30
84 109 341
106 33 36
93 12 131
88 125 939
115 84 914
55 81 153
65 125 338
112 17 776
90 52 436
53 123 47
98 121 526
32 119 268
69 137 77
46 58 588
8 58 944
44 14 385
2 62 693
110 90 261
104 75 796
132 43 370
98 145 161
80 21 843
50 21 501
13 123 51
56 59 34
38 79 49
114 120 390
139 6 632
31 24 883
64 69 593
124 69 160
48 80 863
135 57 576
66 30 73
111 35 226
16 74 351
125 127 14
87 71 732
58 88 632
36 104 541
57 146 592
88 79 285
73 123 624
145 64 969
87 142 601
112 31 935
8 121 599
112 39 344
95 64 489
9 62 445
106 82 556
18 84 30
11 25 836
7 145 822
83 86 996
100 104 958
85 94 904
105 56 115
140 101 692
103 5 166
129 109 171
131 62 801
119 49 878
79 51 753
72 147 872
33 37 759
62 89 752
38 36 334
2 39 858
35 97 809
2 47 872
132 133 926
121 99 602
72 58 848
98 147 769
122 15 162
68 107 212
15 91 316
112 52 4
91 135 669
73 30 763
114 1 659
129 20 247
25 118 963
96 44 124
83 109 423
26 9 951
145 113 101
115 73 31
109 8 611
1 47 826
47 40 770
59 40 163
60 94 910
28 146 890
22 33 557
66 6 433
95 42 140
13 98 839
142 41 65
113 16 619
20 74 835
113 5 855
71 125 940
70 123 348
85 78 410
1 45 381
90 29 514
51 50 626
40 142 213
45 123 481
142 143 704
82 5 923
123 139 250
53 50 667
70 103 499
105 99 484
29 128 939
127 25 306
21 101 865
118 136 333
116 78 128
49 120 713
46 21 60
31 20 480
89 3 58
29 134 466
115 11 387
128 43 217
50 130 612
13 64 82
148 57 894
54 66 744
140 148 379
137 119 398
73 130 616
81 94 825
148 89 166
84 112 529
26 130 614
53 29 366
32 99 982
117 89 975
59 54 112
79 81 133
113 89 652
82 63 208
94 37 670
115 39 272
60 136 592
30 21 645
145 122 191
124 131 485
24 51 938
61 96 372
142 77 836
132 90 491
52 93 395
49 60 114
81 96 689
135 66 927
110 130 178
10 127 852
40 89 395
104 110 873
91 108 762
12 27 804
138 119 147
22 12 570
6 114 208
6 41 715
92 60 517
69 88 346
120 7 666
88 100 704
142 91 220
50 115 29
52 37 643
30 22 497
131 37 878
32 125 600
127 61 807
107 53 822
143 115 989
45 124 280
118 32 775
146 32 238
148 75 227
48 8 386
101 42 209
87 105 954
94 60 239
122 108 836
86 64 70
96 49 471
67 14 579
52 22 445
67 16 31
89 17 636
122 86 476
110 13 904
72 66 264
147 39 977
8 5 753
80 146 35
16 25 466
37 43 208
6 12 303
99 40 219
65 79 773
56 21 292
10 86 530
54 36 668
85 111 509
60 75 742
4 80 671
107 33 256
46 56 51
77 141 570
75 63 733
29 84 667
73 87 81
50 145 840
75 6 978
40 38 329
125 14 695
123 59 297
21 15 213
44 47 761
130 78 420
63 21 962
77 12 244
107 17 418
106 20 605
135 7 390
125 62 331
127 51 631
85 123 190
43 53 952
76 43 943
123 119 687
116 314
42 402
11 438
95 387
21 62
141 815
55 249
41 508
35 579
65 217
70 888
15 986
30 968
69 660
31 277
32 33
122 798
7 869
113 921
26 702
103 577
62 119
38 265
60 604
89 126
98 971
76 362
128 87
138 232
85 486
56 337
134 231
5 344
59 1000
94 409
106 53
2 30
36 881
102 656
69 372
36 649
132 58
70 478
64 931
131 200
142 260
121 461
144 68
129 491
23 889
126 908
108 109
45 354
1 520
20 405
127 402
83 567
74 931
127 14
61 83
122 182
107 812
28 383
48 122
25 980
80 35
23 916
69 64
13 328
140 995
34 663
1 631
104 360
29 534
22 711
133 854
119 376
101 722
30 754
30 276
127 602
34 753
140 121
123 17
60 661
69 569
63 579
127 388
81 63
73 599
95 605
104 543
30 607
43 547
48 724
75 867
137 961
35 880
54 523
137 365
135 140
83 197
136 635
20 389
134 686
135 425
81 97
92 153
68 519
23 820
115 287
135 840
104 499
54 837
87 618
106 15
76 987
4 633
146 457
78 208
6 735
54 280
78 101
71 305
113 952
54 117
27 38
31 656
103 267
71 271
57 702
29 110
64 443
67 330
129 658
58 785
125 991
84 73
80 58
73 190
49 580
98 484
147 62
47 892
101 156
137 973
76 497
113 323
111 407
136 580
61 29
61 50
61 39
61 48
61 83
61 59
61 48
61 81
61 34
61 105
61 149
61 14
61 58
61 120
61 133
61 136
61 7
61 72
61 50
61 1
61 9
61 144
61 45
61 39
61 3
61 65
61 92
61 67
61 104
61 57
61 43
61 107
61 113
61 19
61 0
61 78
61 73
61 15
61 27
61 120
61 119
61 50
61 101
61 137
61 63
61 84
61 126
61 121
61 142
61 131
61 65
61 34
61 124
61 107
61 84
61 105
61 33
61 45
61 142
61 76
61 46
61 94
61 42
61 93
61 40
61 84
61 105
61 78
61 67
61 2
61 46
61 113
61 45
61 90
61 83
61 21
61 10
61 82
61 96
61 41
61 93
61 112
61 41
61 27
61 146
61 69
61 50
61 7
61 75
61 17
61 29
61 71
61 79
61 22
61 118
61 43
61 130
61 0
61 129
61 98
61 16
61 49
61 57
61 148
61 25
61 68
61 118
61 37
61 37
61 11
61 81
61 58
61 9
61 10
61 99
61 58
61 39
61 111
61 144
61 67
61 15
61 78
61 104
61 56
61 81
61 31
61 23
61 42
61 116
61 3
61 80
61 108
61 45
61 32
61 12
61 58
61 135
61 138
61 7
61 117
61 53
61 109
61 83
61 89
61 137
61 41
61 101
61 149
61 20
61 144
61 121
61 122
61 103
61 128
61 85
61 79
61 20
61 37
61 77
61 89
61 20
61 127
61 85
61 121
61 74
61 28
61 147
61 84
61 145
61 123
61 42
61 44
61 0
61 39
61 47
61 142
61 1
61 1
61 72
61 66
61 64
61 64
61 39
61 111
61 13
61 71
61 117
61 115
61 10
61 125
61 100
61 36
61 71
61 74
61 34
61 60
61 113
61 145
61 36
61 128
61 45
61 70
61 4
61 75
61 55
61 18
61 72
61 119
61 16
61 57
61 19
61 140
61 21
61 137
61 5
61 51
61 46
61 57
61 51
61 117
61 23
61 66
61 67
61 115
61 73
61 29
61 33
61 7
61 54
61 34
61 54
61 9
61 14
61 146
61 122
61 31
61 0
61 69
61 63
61 52
61 86
61 38
61 7
61 24
61 17
61 80
61 147
61 86
61 59
61 103
61 67
61 133
61 65
61 55
61 146
61 28
61 108
61 43
61 15
61 74
61 92
61 56
61 104
61 131
61 40
61 0
61 50
61 54
61 44
61 98
61 94
61 129
61 80
61 125
61 87
61 13
61 140
61 115
61 142
61 102
61 124
61 24
61 2
61 39
61 31
61 55
61 72
61 82
61 108
61 36
61 23
61 106
61 68
61 146
61 148
61 19
61 91
61 122
61 48
61 11
61 106
61 22
61 94
61 135
61 4
61 42
61 132
61 74
61 113
61 109
61 129
61 134
61 143
61 94
61 62
61 87
61 137
61 65
61 59
61 120
61 62
61 83
61 138
61 120
61 12
61 97
61 14
61 72
61 63
61 96
61 14
61 97
61 133
61 5
61 128
61 118
61 44
61 75
61 127
61 5
61 123
61 124
61 102
61 148
61 6
61 127
61 82
61 51
61 8
61 99
61 12
61 43
61 136
61 142
61 78
61 13
61 34
61 115
61 4
61 76
61 51
61 9
61 92
61 144
61 109
61 129
61 55
61 37
61 12
61 98
61 68
61 139
61 33
61 121
61 64
61 139
61 6
61 135
61 113
61 59
61 142
61 132
61 149
61 80
61 75
61 111
61 69
61 74
61 101
61 100
61 121
61 32
61 140
61 36
61 74
61 13
61 71
61 141
61 72
61 142
61 88
61 13
61 120
61 111
61 25
61 34
61 139
61 64
61 9
61 63
61 81
61 65
61 99
61 54
61 124
61 142
61 96
61 89
61 30
61 14
61 62
61 28
61 145
61 131
61 108
61 147
61 54
61 134
61 118
61 7
61 91
61 15
61 55
61 124
61 86
61 35
61 63
61 89
61 136
61 4
61 66
61 27
61 128
61 53
61 81
61 95
61 98
61 101
61 114
61 6
61 12
61 115
61 17
61 15
61 7
61 94
61 43
61 37
61 12
61 132
61 37
61 59
61 48
61 91
61 28
61 124
61 30
61 137
61 128
61 45
61 12
61 145
61 47
61 114
61 62
61 28
61 48
61 15
61 108
61 17
61 109
61 74
61 127
61 60
61 139
61 59
61 7
61 25
61 101
61 130
61 106
61 67
61 0
61 41
61 95
61 62
61 54
61 145
61 88
61 65
61 131
61 23
61 15
61 91
61 49
61 114
61 17
61 1
61 100
61 81
61 138
61 79
61 114
61 22
61 79
61 6
61 81
61 110
61 8
61 120
61 43
61 4
61 95
61 1
61 140
61 23
61 63
61 114
61 110
61 102
61 44
61 107
61 75
61 90
61 111
61 56
61 6
61 46
61 91
61 88
61 68
61 129
61 110
61 76
61 125
61 116
61 27
61 121
61 74
61 52
61 122
61 62
61 71
61 58
61 44
61 126
61 11
61 136
61 62
61 112
61 51
61 86
61 51
61 22
61 118
61 0
61 31
61 81
61 15
61 119
61 5
61 149
61 34
61 128
61 111
61 4
61 119
61 113
61 82
61 134
61 149
61 9
61 96
61 133
61 1
61 29
61 149
61 88
61 93
61 66
61 23
61 119
61 44
61 23
61 30
61 104
61 121
61 50
61 123
61 76
61 54
61 125
61 146
61 45
61 74
61 83
61 142
61 135
61 123
61 76
61 27
61 94
61 122
61 121
61 54
61 47
61 81
61 80
61 96
61 29
61 111
61 2
61 67
61 105
61 39
61 81
61 124
61 145
61 66
61 31
61 112
61 43
61 135
61 62
61 95
61 30
61 111
61 128
61 15
61 57
61 24
61 34
61 88
61 85
61 42
61 80
61 74
61 24
61 14
61 64
61 83
61 20
61 38
61 53
61 106
61 18
61 143
61 72
61 83
61 121
61 51
61 37
61 69
61 140
61 42
61 41
61 5
61 138
61 68
61 67
61 41
61 114
61 97
61 119
61 82
61 93
61 139
61 128
61 126
61 43
61 15
61 15
61 113
61 139
61 34
61 114
61 97
61 99
61 145
61 23
61 39
61 108
61 99
61 67
61 29
61 133
61 15
61 115
61 91
61 92
61 78
61 2
61 109
61 47
61 38
61 128
61 85
61 32
61 117
61 74
61 133
61 48
61 3
61 19
61 0
61 148
61 60
61 48
61 59
61 81
61 28
61 11
61 124
61 106
61 66
61 102
61 136
61 140
61 91
61 147
61 144
61 106
61 106
61 16
61 68
61 119
61 8
61 71
61 86
61 44
61 119
61 118
61 71
61 98
61 103
61 147
61 90
61 72
61 13
61 72
61 66
61 98
61 146
61 44
61 126
61 113
61 5
61 83
61 131
61 97
61 131
61 145
61 112
61 16
61 62
61 145
61 7
61 53
61 93
61 56
61 126
61 85
61 144
61 67
61 31
61 76
61 93
61 97
61 17
61 129
61 9
61 76
61 141
61 63
61 51
61 111
61 104
61 17
61 100
61 136
61 75
61 71
61 32
61 11
61 57
61 142
61 59
61 49
61 121
61 54
61 105
61 145
61 79
61 121
61 37
61 147
61 86
61 72
61 25
61 4
61 95
61 79
61 80
61 84
61 31
61 45
61 22
61 33
61 8
61 107
61 97
61 64
61 65
61 24
61 2
61 1
61 54
61 136
61 26
61 55
61 54
61 91
61 139
61 129
61 52
61 57
61 96
61 32
61 128
61 109
61 43
61 34
61 108
61 47
61 30
61 94
61 54
61 73
61 48
61 64
61 107
61 69
61 90
61 25
61 122
61 58
61 49
61 129
61 138
61 38
61 26
61 53
61 64
61 85
61 82
61 10
61 46
61 48
61 38
61 131
61 45
61 141
61 17
61 119
61 51
61 118
61 90
61 106
61 116
61 19
61 58
61 142
61 142
61 18
61 133
61 149
61 123
61 138
61 58
61 97
61 60
61 21
61 28
61 133
61 56
61 20
61 122
61 104
61 88
61 81
61 19
61 127
61 79
61 25
61 141
61 95
61 33
61 141
61 19
61 105
61 45
61 26
61 21
61 145
61 146
61 108
61 135
61 19
61 89
61 124
61 65
61 17
61 68
61 142
61 47
61 54
61 1
61 114
61 3
61 95
61 19
61 49
61 57
61 11
61 146
61 74
61 107
61 54
61 85
61 78
61 123
61 107
61 26
61 26
61 128
61 125
61 38
61 42
61 26
61 142
61 147
61 58
61 14
61 23
61 16
61 144
61 94
61 149
61 105
61 88
61 46
61 55
61 71
61 6
61 33
61 24
61 131
61 113
61 75
61 123
61 60
61 132
61 124
61 65
61 124
61 10
61 114
61 87
61 14
61 1
61 72
61 56
61 0
61 105
61 99
61 113
61 54
61 33
61 63
61 55
61 76
61 5
61 135
61 97
61 102
61 114
61 55
61 20
61 20
61 148
61 14
61 90
61 59
61 77
61 92
61 129
61 2
61 129
61 149
61 12
61 141
61 145
61 0
61 40
61 64
61 64
61 31
61 115
61 71
61 54
61 24
61 115
61 119
61 103
61 76
61 75
61 84
61 41
61 64
61 7
61 124
61 20
61 75
61 8
61 37
61 93
61 70
61 51
61 80
61 18
61 17
61 68
61 58
61 91
61 17
61 106
61 11
61 119
61 13
61 73
61 140
61 34
61 104
61 44
61 50
61 132
61 52
61 97
61 52
61 136
61 120
61 14
61 95
61 87
61 97
61 130
61 78
61 142
61 68
61 67
61 25
61 124
61 94
61 45
61 118
61 1
61 68
61 72
61 25
61 148
61 4
61 134
61 11
61 34
61 8
61 17
61 29
61 121
61 105
61 97
61 133
61 115
61 108
61 72
61 148
61 19
61 111
61 128
61 20
61 87
61 71
61 67
61 38
61 118
61 68
61 41
61 40
61 76
61 51
61 131
61 23
61 98
61 95
61 88
61 89
61 122
61 48
61 52
61 50
61 126
61 38
61 138
61 103
61 104
61 120
61 147
61 46
61 127
61 3
61 39
61 73
61 136
61 95
61 128
61 97
61 58
61 41
61 15
61 32
61 48
61 136
61 35
61 23
61 55
61 35
61 4
61 109
61 146
61 98
61 87
61 10
61 27
61 2
61 48
61 39
61 55
61 59
61 126
61 74
61 32
61 60
61 110
61 148
61 137
61 118
61 143
61 54
61 132
61 106
61 39
61 20
61 129
61 3
61 2
61 119
61 146
61 60
61 30
61 29
61 24
61 143
61 79
61 111
61 115
61 147
61 62
61 2
61 1
61 32
61 130
61 119
61 30
61 130
61 50
61 16
61 99
61 75
61 126
61 6
61 106
61 123
61 76
61 24
61 7
61 16
61 3
61 49
61 10
61 14
61 79
61 121
61 23
61 79
61 48
61 14
61 121
61 95
61 80
61 42
61 78
61 95
61 138
61 89
61 14
61 149
61 56
61 141
61 93
61 122
61 136
61 73
61 46
61 65
61 135
61 121
61 145
61 76
61 72
61 142
61 18
61 52
61 52
61 136
61 8
61 82
61 113
61 46
61 98
61 124
61 21
61 146
61 16
61 41
61 127
61 46
61 73
61 56
61 5
61 22
61 118
61 138
61 58
61 8
61 71
61 36
61 14
61 124
61 11
61 118
61 137
61 9
61 125
61 64
61 133
61 126
61 133
61 108
61 42
61 4
61 136
61 37
61 46
61 13
61 88
61 118
61 60
61 73
61 50
61 105
61 109
61 42
61 121
61 71
61 15
61 82
61 137
61 141
61 95
61 41
61 11
61 102
61 143
61 97
61 125
61 20
61 122
61 110
61 8
61 37
61 26
61 70
61 36
61 109
61 106
61 88
61 89
61 98
61 102
61 59
61 94
61 48
61 42
61 89
61 70
61 72
61 91
61 1
61 98
61 138
61 20
61 75
61 77
61 3
61 142
61 21
61 64
61 110
61 146
61 8
61 38
61 88
61 96
61 7
61 43
61 70
61 68
61 5
61 4
61 14
61 77
61 55
61 48
61 10
61 71
61 66
61 8
61 22
61 80
61 105
61 125
61 46
61 72
61 78
61 101
61 25
61 31
61 9
61 5
61 77
61 29
61 75
61 122
61 31
61 122
61 55
61 138
61 71
61 111
61 78
61 73
61 46
61 18
61 127
61 86
61 6
61 138
61 44
61 11
61 136
61 136
61 38
61 125
61 48
61 139
61 80
61 122
61 91
61 79
61 88
61 49
61 25
61 116
61 62
61 36
61 143
61 69
61 71
61 28
61 144
61 4
61 23
61 63
61 41
61 115
61 34
61 126
61 36
61 58
61 25
61 48
61 42
61 66
61 19
61 112
61 57
61 145
61 66
61 78
61 2
61 50
61 74
61 116
61 127
61 50
61 6
61 126
61 148
61 30
61 0
61 10
61 138
61 126
61 108
61 64
61 71
61 44
61 20
61 19
61 149
61 138
61 52
61 38
61 124
61 108
61 20
61 117
61 7
61 78
61 102
61 126
61 9
61 130
61 104
61 123
61 141
61 126
61 135
61 114
61 68
61 111
61 65
61 121
61 149
61 95
61 24
61 65
61 140
61 100
61 73
61 51
61 109
61 94
61 135
61 86
61 136
61 115
61 106
61 28
61 114
61 2
61 31
61 110
61 63
61 18
61 38
61 110
61 2
61 83
61 102
61 1
61 32
61 126
61 71
61 59
61 127
61 88
61 148
61 6
61 127
61 14
61 30
61 94
61 24
61 146
61 28
61 119
61 134
61 5
61 2
61 86
61 13
61 135
61 119
61 62
61 95
61 55
61 146
61 16
61 119
61 137
61 20
61 57
61 6
61 10
61 100
61 70
61 138
61 65
61 94
61 140
61 134
61 94
61 53
61 29
61 136
61 29
61 5
61 147
61 106
61 9
61 134
61 114
61 149
61 38
61 42
61 20
61 19
61 86
61 36
61 34
61 30
61 13
61 136
61 78
61 15
61 145
61 103
61 90
61 42
61 23
61 2
61 137
61 104
61 38
61 36
61 9
61 2
61 74
61 0
61 37
61 31
61 51
61 88
61 20
61 72
61 63
61 52
61 102
61 48
61 46
61 75
61 24
61 144
61 13
61 140
61 5
61 17
61 55
61 133
61 86
61 143
61 30
61 8
61 82
61 142
61 128
61 9
61 121
61 46
61 140
61 76
61 110
61 136
61 117
61 16
61 105
61 58
61 35
61 49
61 130
61 134
61 116
61 93
61 80
61 42
61 4
61 10
61 77
61 0
61 111
61 4
61 9
61 36
61 133
61 52
61 108
61 121
61 37
61 8
61 140
61 100
61 148
61 17
61 39
61 66
61 81
61 136
61 32
61 96
61 50
61 116
61 70
61 80
61 113
61 104
61 2
61 83
61 78
61 29
61 85
61 86
61 60
61 136
61 106
61 7
61 66
61 40
61 93
61 115
61 64
61 28
61 129
61 2
61 50
61 20
61 82
61 73
61 131
61 130
61 128
61 57
61 79
61 32
61 115
61 117
61 1
61 104
61 1
61 28
61 25
61 111
61 78
61 148
61 58
61 11
61 42
61 102
61 114
61 138
61 123
61 25
61 99
61 86
61 38
61 83
61 97
61 137
61 22
61 76
61 10
61 69
61 128
61 117
61 146
61 126
61 9
61 3
61 143
61 22
61 126
61 101
61 42
61 30
61 139
61 70
61 112
61 18
61 15
61 11
61 149
61 19
61 133
61 118
61 126
61 24
61 0
61 2
61 124
61 54
61 67
61 135
61 126
61 24
61 8
61 18
61 135
61 55
61 67
61 94
61 35
61 83
61 96
61 116
61 0
61 31
61 37
61 14
61 126
61 84
61 96
61 147
61 85
61 114
61 40
61 128
61 118
61 123
61 73
61 36
61 56
61 42
61 20
61 110
61 102
61 33
61 76
61 47
61 110
61 83
61 26
61 58
61 42
61 123
61 10
61 21
61 38
61 18
61 9
61 111
61 53
61 29
61 30
61 35
61 137
61 129
61 136
61 79
61 50
61 26
61 59
61 126
61 47
61 108
61 23
61 124
61 30
61 63
61 130
61 107
61 29
61 6
61 36
61 91
61 74
61 102
61 142
61 35
61 81
61 27
61 98
61 38
61 70
61 102
61 16
61 99
61 99
61 10
61 81
61 89
61 53
61 115
61 128
61 113
61 6
61 31
61 148
61 145
61 52
61 23
61 68
61 21
61 4
61 88
61 35
61 124
61 101
61 5
61 30
61 110
61 44
61 109
61 59
61 99
61 4
61 87
61 30
61 22
61 72
61 59
61 136
61 46
61 11
61 16
61 109
61 72
61 18
61 9
61 87
61 46
61 129
61 91
61 95
61 11
61 68
61 141
61 130
61 112
61 28
61 108
61 20
61 24
61 55
61 129
61 85
61 116
61 110
61 62
61 2
61 122
61 106
61 89
61 98
61 121
61 97
61 74
61 113
61 118
61 116
61 40
61 103
61 30
61 103
61 30
61 43
61 131
61 89
61 138
61 50
61 131
61 97
61 107
61 147
61 102
61 99
61 3
61 113
61 95
61 130
61 7
61 139
61 26
61 59
61 23
61 32
61 90
61 34
61 59
61 73
61 134
61 16
61 0
61 60
61 118
61 128
61 60
61 12
61 108
61 5
61 40
61 13
61 40
61 118
61 99
61 83
61 148
61 102
61 120
61 29
61 141
61 16
61 3
61 8
61 0
61 76
61 62
61 42
61 96
61 36
61 27
61 92
61 89
61 96
61 50
61 80
61 135
61 111
61 49
61 137
61 117
61 147
61 8
61 111
61 14
61 115
61 141
61 27
61 56
61 58
61 138
61 137
61 71
61 22
61 98
61 132
61 24
61 5
61 127
61 65
61 17
61 30
61 33
61 125
61 148
61 82
61 141
61 147
61 70
61 111
61 137
61 131
61 78
61 83
61 125
61 120
61 75
61 35
61 54
61 8
61 17
61 9
61 69
61 1
61 11
61 33
61 136
61 59
61 47
61 147
61 70
61 123
61 63
61 77
61 6
61 53
61 48
61 104
61 127
61 45
61 49
61 21
61 78
61 90
61 117
61 86
61 140
61 99
61 146
61 136
61 58
61 36
61 81
61 134
61 60
61 107
61 11
61 48
61 115
61 112
61 134
61 80
61 78
61 62
61 50
61 38
61 136
61 82
61 3
61 9
61 126
61 144
61 146
61 50
61 82
61 26
61 71
61 149
61 60
61 94
61 39
61 2
61 141
61 86
61 119
61 93
61 57
61 41
61 93
61 5
61 40
61 124
61 132
61 86
61 104
61 108
61 42
61 37
61 9
61 0
61 88
61 47
61 47
61 104
61 87
61 15
61 0
61 26
61 143
61 142
61 115
61 125
61 1
61 114
61 108
61 18
61 119
61 71
61 130
61 28
61 17
61 74
61 13
61 42
61 2
61 121
61 55
61 103
61 146
61 94
61 132
61 77
61 86
61 138
61 81
61 3
61 1
61 1
61 115
61 83
61 101
61 136
61 119
61 29
61 22
61 109
61 14
61 144
61 135
61 84
61 103
61 19
61 74
61 4
61 109
61 129
61 12
61 21
61 77
61 38
61 142
61 3
61 83
61 73
61 37
61 93
61 80
61 17
61 3
61 77
61 38
61 134
61 103
61 60
61 62
61 64
61 125
61 34
61 25
61 145
61 93
61 55
61 57
61 81
61 19
61 16
61 135
61 110
61 59
61 67
61 53
61 0
61 147
61 66
61 97
61 53
61 78
61 91
61 86
61 53
61 0
61 27
61 81
61 56
61 92
61 50
61 29
61 42
61 85
61 58
61 139
61 38
61 118
61 8
61 67
61 149
61 116
61 126
61 37
61 2
61 136
61 62
61 142
61 50
61 2
61 1
61 38
61 48
61 121
61 33
61 67
61 134
61 17
61 122
61 83
61 79
61 110
61 58
61 63
61 53
61 68
61 78
61 47
61 84
61 16
61 87
61 26
61 56
61 14
61 76
61 38
61 54
61 57
61 125
61 69
61 71
61 76
61 109
61 39
61 124
61 127
61 72
61 21
61 104
61 133
61 14
61 42
61 147
61 44
61 19
61 62
61 64
61 54
61 137
61 37
61 36
61 142
61 116
61 103
61 13
61 121
61 132
61 19
61 31
61 130
61 72
61 8
61 29
61 11
61 79
61 44
61 125
61 71
61 87
61 110
61 101
61 90
61 107
61 147
61 103
61 44
61 114
61 77
61 26
61 15
61 4
61 133
61 102
61 85
61 62
61 37
61 67
61 141
61 149
61 88
61 60
61 60
61 120
61 142
61 79
61 31
61 132
61 89
61 136
61 105
61 135
61 135
61 36
61 73
61 23
61 99
61 26
61 95
61 46
61 104
61 73
61 113
61 87
61 69
61 55
61 26
61 14
61 5
61 7
61 149
61 105
61 139
61 84
61 142
61 87
61 146
61 89
61 133
61 81
61 119
61 59
61 100
61 147
61 146
61 94
61 42
61 2
61 90
61 139
61 130
61 104
61 21
61 148
61 112
61 74
61 126
61 92
61 86
61 110
61 129
61 117
61 121
61 82
61 22
61 64
61 43
61 138
61 110
61 123
61 38
61 77
61 27
61 34
61 31
61 124
61 41
61 106
61 113
61 114
61 147
61 10
61 138
61 101
61 110
61 27
61 41
61 58
61 35
61 37
61 48
61 77
61 106
61 6
61 117
61 18
61 88
61 133
61 64
61 110
61 80
61 23
61 73
61 141
61 99
61 129
61 25
61 4
61 145
61 93
61 12
61 137
61 2
61 13
61 113
61 2
61 68
61 47
61 104
61 129
61 52
61 27
61 81
61 88
61 57
61 142
61 73
61 43
61 91
61 78
61 73
61 77
61 77
61 145
61 7
61 117
61 29
61 117
61 108
61 8
61 40
61 68
61 29
61 13
61 43
61 85
61 24
61 146
61 25
61 69
61 53
61 148
61 73
61 130
61 20
61 15
61 56
61 110
61 50
61 109
61 3
61 87
61 93
61 86
61 87
61 51
61 108
61 125
61 69
61 136
61 28
61 25
61 109
61 143
61 59
61 71
61 97
61 0
61 7
61 27
61 36
61 10
61 53
61 84
61 23
61 126
61 96
61 90
61 77
61 138
61 58
61 139
61 2
61 126
61 42
61 49
61 135
61 78
61 107
61 110
61 25
61 28
61 9
61 15
61 62
61 113
61 119
61 16
61 97
61 49
61 104
61 133
61 37
61 83
61 60
61 102
61 122
61 31
61 123
61 143
61 116
61 30
61 106
61 97
61 16
61 136
61 74
61 76
61 12
61 112
61 29
61 112
61 36
61 107
61 29
61 141
61 106
61 3
61 53
61 93
61 70
61 126
61 139
61 83
61 53
61 9
61 109
61 82
61 119
61 11
61 15
61 148
61 81
61 84
61 109
61 70
61 125
61 103
61 115
61 109
61 34
61 30
61 146
61 136
61 116
61 134
61 18
61 19
61 120
61 117
61 46
61 31
61 141
61 89
61 13
61 7
61 56
61 1
61 95
61 80
61 135
61 13
61 139
61 126
61 24
61 122
61 14
61 110
61 60
61 34
61 87
61 94
61 116
61 130
61 85
61 146
61 38
61 59
61 2
61 105
61 79
61 3
61 80
61 112
61 111
61 16
61 34
61 65
61 70
61 143
61 87
61 56
61 64
61 58
61 1
61 42
61 74
61 24
61 23
61 143
61 135
61 2
61 32
61 98
61 141
61 85
61 53
61 16
61 114
61 21
61 73
61 8
61 149
61 63
61 119
61 138
61 39
61 128
61 73
61 58
61 68
61 81
61 58
61 66
61 91
61 4
61 116
61 122
61 139
61 74
61 123
61 2
61 122
61 115
61 0
61 91
61 124
61 10
61 129
61 144
61 132
61 55
61 129
61 114
61 108
61 108
61 65
61 138
61 105
61 45
61 16
61 112
61 26
61 74
61 17
61 119
61 135
61 121
61 89
61 37
61 12
61 74
61 52
61 57
61 131
61 73
61 108
61 132
61 105
61 51
61 63
61 64
61 142
61 101
61 144
61 8
61 69
61 124
61 83
61 79
61 104
61 104
61 147
61 56
61 10
61 51
61 107
61 75
61 64
61 140
61 110
61 8
61 106
61 79
61 138
61 51
61 36
61 125
61 71
61 58
61 123
61 109
61 114
61 48
61 120
61 75
61 21
61 95
61 81
61 86
61 109
61 66
61 38
61 115
61 68
61 122
61 19
61 48
61 45
61 19
61 57
61 27
61 58
61 79
61 105
61 110
61 29
61 113
61 88
61 143
61 42
61 8
61 108
61 122
61 38
61 84
61 143
61 6
61 132
61 47
61 37
61 15
61 10
61 79
61 17
61 48
61 21
61 23
61 63
61 4
61 32
61 97
61 95
61 54
61 55
61 62
61 17
61 71
61 54
61 68
61 2
61 111
61 53
61 122
61 89
61 0
61 57
61 86
61 106
61 65
61 76
61 139
61 46
61 123
61 93
61 143
61 77
61 26
61 145
61 107
61 50
61 73
61 36
61 70
61 148
61 81
61 33
61 101
61 20
61 48
61 38
61 107
61 82
61 73
61 84
61 70
61 144
61 54
61 149
61 90
61 41
61 98
61 110
61 24
