488 626 10
462 265 1
224 23 1
182 161 1
345 333 1
123 484 1
44 195 1
177 160 1
287 390 1
81 289 1
446 418 1
327 61 1
6 107 1
301 111 1
312 75 1
220 118 1
224 93 1
476 263 1
62 73 1
451 285 1
367 400 1
140 123 1
93 212 1
456 172 1
178 412 1
164 195 1
189 216 1
124 100 1
166 170 1
451 402 1
290 320 1
281 88 1
398 209 1
352 279 1
180 212 1
214 127 1
486 246 1
60 87 1
275 318 1
202 4 1
173 200 1
474 72 1
181 132 1
149 211 1
91 479 1
101 62 1
463 106 1
267 404 1
482 327 1
400 314 1
86 70 1
373 188 1
245 343 1
326 303 1
312 182 1
206 411 1
165 186 1
332 185 1
268 243 1
71 136 1
414 145 1
390 426 1
154 386 1
199 45 1
37 204 1
64 436 1
20 412 1
350 452 1
232 21 1
433 75 1
356 227 1
114 413 1
98 267 1
320 252 1
185 98 1
226 257 1
333 26 1
162 10 1
368 161 1
389 16 1
237 245 1
395 332 1
266 457 1
152 384 1
426 347 1
440 152 1
363 177 1
119 314 1
260 336 1
310 151 1
402 155 1
438 54 1
264 251 1
285 416 1
407 148 1
122 68 1
21 374 1
332 327 1
362 249 1
231 150 1
248 209 1
5 202 1
12 263 1
74 265 1
379 173 1
349 311 1
245 301 1
315 66 1
95 326 1
222 320 1
359 100 1
9 411 1
290 260 1
391 32 1
65 79 1
250 441 1
62 373 1
51 122 1
324 201 1
388 376 1
421 83 1
407 216 1
156 302 1
87 3 1
274 446 1
37 176 1
55 408 1
115 194 1
321 84 1
300 162 1
156 420 1
248 432 1
134 86 1
467 290 1
376 327 1
240 467 1
249 355 1
436 95 1
375 325 1
233 174 1
321 119 1
358 475 1
293 166 1
174 476 1
146 205 1
213 10 1
454 98 1
241 232 1
283 171 1
328 400 1
240 208 1
90 224 1
463 392 1
98 418 1
184 485 1
119 393 1
184 353 1
401 480 1
397 170 1
453 392 1
80 392 1
431 153 1
433 478 1
70 280 1
204 301 1
252 93 1
330 38 1
485 374 1
310 205 1
67 276 1
161 144 1
136 194 1
395 372 1
314 125 1
126 280 1
197 341 1
296 57 1
68 467 1
472 159 1
430 199 1
318 83 1
306 446 1
29 350 1
345 380 1
95 0 1
113 435 1
225 411 1
412 160 1
42 256 1
417 91 1
61 338 1
24 455 1
146 422 1
0 413 1
384 54 1
335 205 1
322 236 1
169 428 1
345 438 1
225 436 1
51 138 1
419 36 1
242 8 1
79 197 1
141 432 1
457 352 1
133 244 1
397 269 1
340 28 1
271 261 1
322 264 1
45 290 1
258 21 1
192 98 1
45 258 1
69 16 1
203 104 1
320 242 1
382 236 1
378 453 1
118 62 1
434 350 1
321 168 1
387 136 1
18 340 1
112 153 1
319 254 1
70 322 1
260 237 1
46 471 1
401 72 1
170 1 1
236 325 1
420 165 1
257 287 1
383 142 1
449 381 1
197 304 1
216 110 1
220 304 1
36 231 1
103 35 1
280 127 1
371 90 1
260 163 1
214 450 1
329 361 1
357 386 1
476 304 1
388 240 1
321 144 1
426 37 1
438 164 1
93 222 1
52 40 1
89 213 1
97 464 1
432 400 1
231 73 1
225 42 1
106 219 1
364 412 1
99 73 1
5 463 1
81 371 1
442 28 1
14 50 1
387 208 1
369 149 1
471 356 1
352 173 1
50 109 1
411 90 1
54 166 1
158 472 1
129 474 1
445 100 1
444 312 1
363 451 1
169 477 1
90 324 1
264 234 1
437 414 1
216 212 1
283 315 1
142 54 1
432 99 1
126 3 1
147 389 1
6 118 1
3 180 1
280 46 1
224 142 1
270 33 1
395 403 1
424 255 1
49 384 1
453 239 1
475 30 1
147 434 1
366 293 1
273 426 1
29 104 1
373 144 1
67 214 1
342 477 1
183 247 1
415 77 1
270 329 1
254 45 1
331 101 1
161 300 1
44 239 1
418 259 1
338 262 1
305 73 1
78 128 1
156 266 1
373 187 1
360 38 1
153 67 1
340 328 1
75 134 1
261 306 1
89 180 1
386 204 1
242 123 1
428 239 1
15 159 1
147 14 1
274 235 1
3 175 1
120 222 1
89 124 1
83 355 1
301 190 1
43 415 1
362 185 1
61 31 1
68 466 1
387 449 1
141 283 1
307 291 1
425 346 1
383 326 1
417 460 1
332 339 1
136 196 1
187 335 1
298 100 1
51 301 1
350 278 1
194 198 1
289 277 1
114 373 1
457 346 1
438 151 1
425 436 1
411 358 1
104 453 1
102 193 1
263 131 1
439 135 1
266 197 1
255 238 1
74 0 1
452 411 1
157 79 1
153 235 1
72 84 1
348 360 1
312 160 1
393 381 1
260 14 1
427 340 1
483 453 1
283 173 1
469 456 1
39 176 1
160 184 1
54 390 1
441 231 1
460 256 1
374 453 1
10 412 1
51 13 1
258 199 1
304 12 1
470 433 1
351 246 1
218 250 1
202 337 1
73 228 1
190 293 1
101 429 1
448 425 1
49 136 1
279 245 1
178 247 1
314 484 1
14 231 1
245 228 1
347 245 1
4 303 1
290 193 1
75 52 1
55 124 1
453 128 1
180 411 1
139 470 1
163 26 1
475 121 1
248 46 1
81 277 1
201 119 1
399 199 1
334 392 1
370 14 1
37 200 1
30 194 1
192 320 1
36 19 1
240 59 1
453 428 1
449 314 1
22 155 1
464 63 1
109 324 1
29 186 1
249 209 1
379 271 1
402 67 1
398 390 1
267 111 1
283 164 1
436 263 1
191 178 1
423 406 1
449 90 1
409 100 1
383 437 1
261 440 1
209 366 1
151 324 1
384 14 1
327 391 1
162 248 1
114 48 1
17 79 1
258 127 1
77 158 1
270 140 1
234 277 1
378 338 1
230 39 1
233 147 1
306 296 1
161 325 1
99 359 1
265 475 1
463 279 1
319 171 1
203 328 1
50 183 1
334 66 1
413 377 1
257 484 1
260 9 1
389 388 1
192 313 1
409 395 1
69 358 1
54 75 1
350 210 1
417 388 1
445 256 1
183 83 1
461 483 1
369 89 1
213 247 1
35 166 1
182 373 1
371 181 1
440 213 1
372 95 1
224 161 1
396 119 1
36 370 1
108 71 1
129 119 1
170 383 1
338 296 1
305 109 1
381 122 1
61 447 1
370 17 1
345 259 1
305 363 1
83 47 1
345 106 1
265 213 1
274 73 1
162 422 1
382 425 1
248 386 1
344 422 1
460 464 1
132 351 1
64 195 1
480 221 1
311 303 1
100 145 1
424 67 1
278 61 1
326 124 1
340 304 1
431 103 1
382 220 1
237 172 1
480 364 1
286 160 1
111 192 1
387 96 1
275 375 1
14 150 1
412 9 1
344 392 1
365 456 1
73 38 1
119 454 1
278 413 1
300 76 1
485 112 1
88 249 1
12 214 1
56 204 1
24 342 1
242 443 1
123 54 1
457 122 1
357 316 1
170 416 1
356 200 1
213 409 1
2 320 1
216 98 1
19 436 1
356 235 1
68 358 1
472 250 1
333 166 1
240 201 1
250 32 1
24 316 1
304 465 1
331 124 1
404 115 1
361 422 1
117 258 1
124 282 1
82 245 1
112 77 1
487 276 1
74 331 1
142 28 1
346 220 1
215 338 1
473 433 1
87 172 1
197 425 1
254 89 1
346 140 1
480 434 1
120 41 1
182 276 1
136 69 1
247 230 1
411 267 1
218 88 1
144 193 1
96 288 1
344 37 1
445 452 1
68 331 1
469 171 1
430 187 1
219 189 1
461 207 1
279 42 1
321 456 1
213 43 1
360 445 1
273 80 1
408 417 1
2 77 1
461 215 1
18 155 1
385 307 1
41 232 1
79 442 1
72 38 1
42 154 1
467 57 1
406 358 1
100 309 1
1 183 1
1 368 1
334 9 1
313 374 1
166 402 1
462 224 1
75 157 1
297 63 1
164 212 1
27 55 1
205 454 1
236 328 1
320 184 1
201 170 1
290 239 1
65 44 1
427 480 1
211 224 1
315 395 1
123 216 1
190 274 1
159 84 1
473 1
71 1
485 1
62 1
196 1
378 1
197 1
86 1
222 1
14 1
206 1
338 1
70 1
142 1
31 1
317 1
322 1
170 1
459 1
399 1
215 1
81 1
148 1
183 1
153 1
165 1
304 1
39 1
252 1
292 1
391 1
14 1
139 1
354 1
2 1
316 1
415 1
186 1
130 1
405 1
29 1
13 1
379 1
3 1
330 1
365 1
174 1
123 1
115 1
29 1
301 1
273 1
312 1
430 1
101 1
420 1
484 1
17 1
449 1
374 1
96 1
365 1
208 1
426 1
454 1
396 1
245 1
385 1
334 1
122 1
108 1
209 1
458 1
399 1
219 1
291 1
458 1
49 1
88 1
487 1
91 1
448 1
190 1
7 1
440 1
477 1
235 1
40 1
454 1
188 1
254 1
378 1
201 1
376 1
199 1
175 1
223 1
50 1
99 1
345 1
67 1
348 1
445 1
420 1
363 1
138 1
21 1
362 1
45 1
124 1
69 1
137 1
277 1
132 1
9 1
36 1
462 1
449 1
95 1
98 1
411 1
33 1
347 1
281 1
473 1
96 1
150 1
249 1
394 1
381 1
167 1
41 1
53 1
274 1
129 1
425 1
117 1
399 1
273 1
340 1
18 1
470 1
14 1
453 1
38 1
373 1
438 1
475 1
158 1
31 1
461 1
273 1
293 1
353 1
374 1
293 1
253 1
87 1
339 1
325 1
23 1
224 1
96 1
452 1
424 1
178 1
73 1
249 1
165 1
151 1
0 1
2 1
4 1
386 1
258 1
50 1
195 1
272 1
61 1
276 1
158 1
160 1
131 1
5 1
178 1
62 1
133 1
352 1
407 1
240 1
468 1
101 1
106 1
484 1
286 1
277 1
115 1
380 1
468 1
288 1
66 1
279 1
474 1
379 1
49 1
292 1
95 1
253 1
164 1
287 1
362 1
293 1
370 1
422 1
137 1
217 1
392 1
245 1
183 1
25 1
271 1
1 1
161 1
199 1
463 1
384 1
188 1
127 1
453 1
407 1
107 1
23 1
291 1
475 1
95 1
53 1
91 1
105 1
12 1
28 1
244 1
474 1
20 1
170 1
162 1
394 1
374 1
42 1
455 1
147 1
100 1
406 1
483 1
478 1
215 1
168 1
223 1
478 1
240 1
466 1
145 1
264 1
311 1
469 1
418 1
104 1
16 1
88 1
55 1
314 1
86 1
432 1
197 1
369 1
473 1
280 1
320 1
262 1
209 1
104 1
259 1
214 1
172 1
70 1
10 1
249 1
317 1
363 1
325 1
428 1
430 1
45 1
397 1
384 1
220 1
324 1
443 1
251 1
399 1
485 1
461 1
128 1
277 1
153 1
288 1
342 1
131 1
170 1
44 1
244 1
392 1
357 1
105 1
410 1
343 1
147 1
338 1
24 1
309 1
86 1
383 1
5 1
27 1
423 1
80 1
199 1
71 1
459 1
322 1
456 1
226 1
285 1
422 1
217 1
108 1
325 1
212 1
375 1
190 1
323 1
292 1
20 1
362 1
399 1
91 1
85 1
150 1
399 1
134 1
216 1
407 1
210 1
358 1
310 1
263 1
409 1
195 1
201 1
265 1
318 1
301 1
143 1
106 1
337 1
175 1
261 1
125 1
407 1
189 1
292 1
383 1
91 1
96 1
83 1
371 1
87 1
403 1
324 1
63 1
202 1
322 1
354 1
217 1
219 1
2 1
8 1
241 1
422 1
285 1
405 1
171 1
464 1
262 1
247 1
284 1
37 1
293 1
335 1
375 1
96 1
98 1
317 1
458 1
452 1
411 1
274 1
179 1
332 1
112 1
326 1
104 1
433 1
264 1
171 1
283 1
176 1
341 1
341 1
20 1
438 1
252 1
440 1
27 1
102 1
47 1
171 1
422 1
111 1
80 1
121 1
475 1
285 1
50 1
384 1
231 1
480 1
120 1
480 1
229 1
470 1
377 1
163 1
258 1
62 1
405 1
444 1
205 1
322 1
84 1
54 1
426 1
207 1
47 1
255 1
125 1
233 1
173 1
227 1
16 1
199 1
158 1
404 1
98 1
116 1
418 1
387 1
25 1
156 1
294 1
452 1
277 1
451 1
227 1
99 1
334 1
412 1
151 1
16 1
269 1
148 1
437 1
283 1
31 1
251 1
199 1
145 1
333 1
59 1
200 127
338 96
24 386
326 152
138 87
158 302
368 116
3 71
20 280
148 114
