22 462 462
11 12 412
0 13 270
7 4 402
4 9 904
10 3 610
3 18 806
4 21 68
20 4 317
6 21 538
16 10 551
12 10 394
6 17 522
9 11 38
5 4 157
12 11 606
13 16 883
19 11 427
21 9 343
12 19 758
21 5 347
18 5 540
5 12 474
6 16 909
5 17 452
0 10 429
20 9 162
20 19 992
16 15 324
7 8 179
4 7 865
21 15 185
14 17 909
19 5 701
10 0 574
15 0 499
0 18 872
9 2 685
9 19 67
15 14 967
12 14 257
0 15 803
1 3 390
18 17 648
15 8 914
13 5 396
13 8 738
14 4 39
13 15 519
5 10 55
0 20 649
19 1 251
2 0 455
8 13 294
7 21 39
16 12 680
1 4 653
19 0 288
10 4 702
1 12 548
7 12 778
6 4 156
5 8 908
6 12 138
20 18 741
13 11 13
21 6 315
6 9 70
6 20 455
11 1 352
11 9 700
19 13 230
4 14 420
4 0 290
8 17 919
14 16 475
4 18 350
13 14 808
17 21 138
18 3 221
1 21 452
14 11 103
13 7 319
19 20 812
2 7 137
8 16 358
6 10 571
15 4 119
1 7 37
16 4 976
7 20 214
8 5 578
10 7 805
13 21 570
17 5 215
5 9 683
16 21 81
0 12 798
0 21 176
21 12 193
9 20 154
13 1 236
8 3 366
9 17 893
10 16 659
20 3 17
15 9 18
8 21 800
15 19 675
2 21 409
5 16 272
20 10 182
5 15 785
9 6 489
21 1 682
13 3 384
7 6 381
5 0 700
11 0 601
12 17 523
12 2 616
15 2 834
16 0 895
19 14 363
10 13 295
4 8 927
14 1 932
0 1 972
9 14 98
5 1 156
5 2 64
13 19 724
19 21 927
2 14 621
2 12 828
12 4 121
12 9 470
14 0 764
17 18 80
7 5 159
15 1 310
7 0 721
8 0 368
20 1 499
8 20 616
15 16 79
1 11 633
6 13 183
14 2 118
6 0 178
10 6 775
0 6 956
16 18 804
13 9 106
3 10 57
11 21 681
20 16 655
20 21 3
11 18 753
8 2 110
1 5 362
3 11 278
3 4 453
3 13 392
7 15 170
20 0 553
7 9 169
0 2 932
6 2 665
9 10 920
16 19 641
17 11 436
20 13 777
2 19 860
0 14 255
12 18 242
1 16 236
6 19 215
16 2 593
5 6 460
9 18 903
16 3 686
7 13 440
18 20 720
2 18 183
6 7 220
4 16 486
8 19 774
11 13 267
10 20 341
21 10 187
13 0 829
18 7 677
7 11 962
12 1 727
14 3 400
2 4 381
10 18 540
7 17 932
19 9 99
8 7 646
11 8 487
4 2 990
12 8 315
1 20 41
19 8 273
3 19 308
21 4 388
10 15 776
7 2 366
2 9 518
3 2 542
10 14 95
5 20 758
21 0 686
16 9 708
13 6 288
20 5 76
4 17 149
17 12 502
9 5 517
18 21 633
11 20 425
14 6 404
13 10 557
2 6 740
14 19 268
11 17 263
18 10 941
21 16 8
3 0 203
19 4 549
2 16 166
20 12 635
15 18 337
5 21 19
17 0 596
17 4 992
9 0 194
5 14 898
21 18 615
18 19 459
0 4 842
16 14 93
18 2 466
17 13 227
16 6 574
4 20 958
4 6 311
1 9 631
3 14 263
16 17 995
1 0 614
16 20 157
11 10 788
21 2 852
4 10 265
18 1 898
21 14 601
20 14 540
14 10 352
5 13 235
18 8 142
13 17 943
20 2 180
19 12 696
0 16 872
19 10 943
19 15 796
14 18 763
9 1 107
9 4 735
18 11 300
6 3 379
14 12 979
20 15 652
7 14 861
20 6 550
17 19 733
7 16 313
17 10 503
18 4 602
18 12 802
17 1 175
9 8 269
19 16 964
3 6 543
8 11 626
8 18 749
4 3 245
12 5 889
1 18 492
5 3 432
5 18 300
19 17 52
13 12 555
12 7 42
14 15 963
0 7 794
18 0 580
7 1 612
4 1 538
11 15 922
20 8 546
3 5 640
1 17 990
14 7 78
6 5 298
9 21 980
15 7 389
16 1 818
11 19 694
14 8 801
17 9 197
7 10 405
11 7 743
18 14 314
1 2 825
18 13 863
15 6 970
0 3 686
15 21 671
17 20 911
2 15 298
17 16 289
16 8 245
9 13 434
16 5 294
13 18 887
12 0 865
19 18 450
4 5 977
8 14 561
6 14 150
10 1 403
15 12 98
1 10 809
6 18 912
2 1 321
1 8 445
4 19 541
8 12 146
4 13 923
9 3 433
19 6 808
8 6 685
9 7 754
14 21 131
6 11 783
14 5 127
11 2 19
2 17 499
0 17 727
11 6 22
3 17 30
6 1 662
0 5 726
8 9 214
1 6 942
10 8 85
3 12 697
10 11 906
16 11 214
3 16 379
0 8 549
21 19 996
16 7 368
17 6 586
4 12 337
8 1 105
6 8 843
8 15 901
2 3 989
0 11 721
12 13 335
17 8 503
5 7 508
21 11 786
13 20 441
9 16 443
11 3 266
3 15 510
2 20 842
4 15 348
12 16 491
17 7 21
21 3 794
10 19 851
6 15 720
12 20 51
10 12 100
1 19 708
20 7 649
2 8 722
18 9 909
20 11 607
2 10 97
15 20 485
0 19 32
0 9 666
12 3 180
18 15 123
11 14 122
3 7 437
10 21 226
15 10 535
19 3 380
17 14 449
15 17 87
21 7 61
12 6 533
15 11 724
10 9 963
21 13 955
3 8 757
2 13 563
9 12 107
7 19 9
4 11 669
17 2 688
19 7 299
8 10 910
17 3 167
1 15 861
5 11 433
3 1 668
10 17 670
1 14 879
10 2 873
19 2 119
2 5 698
20 17 360
11 4 930
18 16 99
5 19 727
3 9 192
18 6 997
3 20 720
12 15 978
1 13 386
11 16 397
21 17 341
10 5 507
17 15 803
7 3 822
21 20 436
15 5 674
13 4 649
14 13 581
21 8 610
16 13 974
7 18 368
9 15 295
15 13 245
14 20 573
14 9 859
12 21 993
15 3 581
3 21 747
11 5 324
2 11 324
13 2 895
8 4 16
12 225
18 567
4 116
7 347
0 519
20 777
13 679
9 161
10 14
20 460
11 948
14 411
15 206
11 749
5 297
3 78
1 180
9 812
7 370
5 321
1 655
17 565
18 1
19 21
10 15
8 15
4 1
21 12
5 0
7 8
15 2
6 20
18 16
4 8
7 14
5 4
8 12
7 4
7 16
6 14
6 14
18 2
18 1
18 1
21 1
19 21
15 0
18 10
5 18
21 16
10 6
7 20
4 16
4 10
18 20
5 18
21 0
4 21
4 21
8 7
4 10
6 20
8 20
18 14
7 3
5 10
5 7
18 19
6 4
6 2
15 4
4 20
10 17
18 1
15 5
5 2
18 15
10 14
10 4
5 3
8 10
5 6
5 3
6 2
7 5
10 5
10 6
15 20
21 11
4 20
5 3
7 5
18 14
7 17
8 14
4 3
19 1
4 14
5 8
7 10
7 14
10 19
5 4
15 5
15 5
6 5
21 7
8 18
5 18
8 12
21 8
5 15
21 5
19 8
10 15
19 3
5 18
5 1
7 17
8 16
21 20
7 4
19 13
4 16
10 13
10 7
18 6
21 4
4 19
8 0
21 18
15 12
7 1
10 12
5 0
6 11
10 20
5 8
4 9
8 21
21 9
19 11
21 10
10 4
6 2
7 11
15 10
6 19
4 10
15 4
18 8
15 9
21 6
10 8
4 14
21 11
19 18
7 17
10 17
5 1
15 12
21 8
4 1
21 11
5 11
6 13
8 0
19 14
8 1
10 2
21 12
18 14
18 15
6 3
21 12
18 10
10 20
5 17
18 12
18 12
5 16
8 11
18 1
21 12
15 10
21 13
6 20
7 15
19 21
6 1
10 20
15 14
10 19
4 7
7 9
18 6
18 6
21 15
8 20
18 10
15 7
19 2
10 19
19 3
15 8
8 18
10 6
7 8
21 0
8 6
18 1
10 15
18 13
4 2
4 13
7 4
6 11
6 0
4 21
19 13
7 4
21 9
8 13
18 5
5 12
21 18
10 18
8 12
19 9
18 17
21 11
5 12
5 19
5 1
15 13
4 9
15 1
18 1
4 11
8 19
8 1
19 20
4 18
4 21
15 7
4 10
21 6
7 17
7 16
6 19
4 16
15 4
7 3
19 3
7 6
18 11
5 14
18 5
4 7
18 0
7 16
6 20
18 2
8 9
8 14
19 11
7 6
19 11
19 17
21 3
7 15
7 2
18 12
18 7
21 8
21 15
5 3
10 15
4 1
19 14
5 2
10 16
18 2
10 15
6 17
10 1
5 13
21 2
18 16
15 8
15 21
10 1
6 2
4 3
6 4
21 3
8 17
7 10
7 11
4 20
15 7
6 2
21 6
19 15
18 4
21 7
19 13
15 4
10 17
8 9
21 18
10 2
21 1
5 6
5 4
18 13
6 16
6 9
10 4
4 7
15 14
7 14
6 3
21 13
10 11
8 13
5 8
6 9
21 12
8 7
19 5
8 1
6 0
19 3
7 12
8 15
6 4
8 9
4 7
7 6
4 12
19 12
5 3
18 15
19 5
18 12
4 10
6 21
5 3
4 19
10 18
10 2
4 20
5 3
19 0
8 16
10 11
21 8
10 3
21 13
5 21
15 10
5 15
10 14
4 1
7 19
6 9
8 1
19 15
15 16
10 13
10 8
21 7
6 20
19 3
15 20
18 5
18 2
6 11
5 0
4 9
8 1
7 1
10 21
4 14
21 4
6 14
6 13
18 11
4 20
5 16
6 13
21 13
5 6
6 14
15 0
15 0
8 2
4 7
15 0
4 17
8 6
21 18
15 19
4 7
10 14
19 9
18 6
7 20
15 5
19 11
10 8
10 21
8 5
18 12
21 15
19 18
7 15
15 1
10 15
19 13
8 10
10 2
18 9
6 3
19 18
18 6
15 8
6 3
5 3
15 4
19 1
8 21
10 5
7 19
6 13
5 11
6 10
6 7
7 13
15 16
21 19
15 18
21 9
10 18
5 7
4 2
7 5
4 20
5 7
19 2
10 21
10 5
7 15
21 14
18 9
5 19
21 19
7 0
15 16
8 9
21 9
19 10
19 18
7 11
6 16
8 15
15 21
10 9
18 16
19 12
4 14
19 0
4 11
7 1
19 7
15 9
7 15
5 4
5 6
15 1
21 20
6 18
21 9
