77 1639 5852
34 67 681
24 13 763
67 32 746
56 10 675
49 22 657
48 74 493
54 64 336
39 5 716
1 58 381
14 15 718
73 49 427
37 70 30
50 19 437
66 32 765
67 3 133
24 62 42
37 43 104
20 48 400
75 54 257
11 4 832
67 5 778
47 75 567
64 21 994
48 47 996
2 19 605
47 65 619
7 38 52
46 50 346
46 4 310
29 74 316
60 65 747
67 42 765
45 13 309
68 75 326
13 60 152
42 52 685
59 74 321
54 49 910
7 12 200
2 33 640
35 40 115
0 36 680
48 60 122
42 51 36
71 10 699
38 57 245
62 22 66
62 12 668
29 8 435
38 55 45
54 1 844
61 24 789
54 29 957
70 57 841
56 18 916
47 36 723
73 40 175
17 66 553
71 21 589
64 46 946
5 32 865
40 46 501
59 51 353
55 38 896
51 8 6
73 54 637
64 19 47
51 24 357
58 6 511
57 73 507
70 54 985
27 47 677
12 51 539
70 63 899
33 55 652
12 62 313
39 71 363
72 50 138
44 10 757
30 33 148
68 51 642
9 67 804
3 55 799
29 28 186
75 12 637
28 21 519
65 75 850
29 59 855
6 76 42
59 67 239
1 5 936
50 6 701
58 68 304
50 72 659
71 50 136
59 60 986
57 35 712
1 20 249
52 17 874
27 7 897
55 46 322
6 34 609
18 11 29
4 19 623
7 16 80
45 6 416
63 12 671
50 46 862
44 25 648
33 31 90
74 58 197
6 2 142
67 45 28
75 14 943
69 20 551
45 29 594
57 45 745
47 27 778
46 20 224
20 29 298
32 53 183
23 39 544
73 29 964
48 76 515
18 76 37
64 22 101
8 15 988
63 40 529
19 40 822
59 58 640
65 55 630
28 37 830
66 27 396
37 10 151
50 51 29
0 10 157
36 63 972
5 44 307
14 44 862
45 35 637
3 8 612
10 67 692
21 31 245
63 23 850
7 42 66
76 23 669
20 22 252
4 73 195
39 61 194
20 65 231
57 16 451
41 36 271
38 14 675
33 40 7
8 30 453
67 55 354
19 64 520
21 43 909
38 15 138
39 27 177
36 14 377
25 24 430
40 37 262
69 7 221
24 73 633
55 20 898
47 44 474
44 2 566
29 25 480
25 66 330
52 72 587
62 70 395
66 74 622
30 50 447
73 38 192
49 17 716
2 48 541
57 5 762
76 65 539
22 44 169
46 58 253
72 43 821
15 42 189
48 56 689
58 20 686
35 0 997
47 10 778
28 58 90
37 12 57
74 38 946
70 9 495
66 23 260
66 20 483
33 2 190
11 15 351
17 19 144
62 5 796
75 52 739
60 52 29
4 45 776
13 23 348
29 67 446
55 65 119
40 65 74
74 66 683
4 60 153
3 22 233
34 54 933
37 39 936
10 6 209
21 42 824
31 49 396
23 31 315
6 13 816
13 67 505
29 66 698
44 17 876
24 75 583
26 40 748
2 56 377
13 68 387
60 57 279
76 10 564
50 73 651
38 17 709
12 61 82
29 52 192
53 62 741
30 35 698
48 20 656
9 56 245
57 11 946
0 49 377
22 58 403
66 51 959
51 36 269
25 36 391
11 18 161
45 47 229
51 58 16
68 33 697
61 59 239
59 33 669
66 69 158
31 52 500
2 26 178
42 17 106
53 28 535
16 61 231
7 34 477
61 49 462
15 69 709
37 25 327
35 58 580
20 16 942
46 9 652
72 45 195
48 7 462
47 0 772
62 15 478
73 67 882
31 27 197
6 52 785
42 2 374
76 16 220
26 66 462
34 12 330
57 10 742
52 49 681
22 70 577
26 3 604
74 20 37
68 15 534
20 47 13
23 52 294
52 59 81
73 44 232
41 73 252
76 53 844
25 73 274
22 16 113
46 35 1000
29 33 104
31 38 205
5 13 562
12 33 588
13 9 540
28 44 210
50 7 31
39 67 344
66 73 199
60 2 137
68 7 654
56 76 352
75 15 625
12 26 632
46 31 955
2 9 861
32 30 727
34 27 590
59 7 633
62 43 768
29 3 480
12 54 460
63 57 279
3 1 764
73 64 719
7 65 599
6 42 687
68 44 857
53 3 761
18 9 539
44 71 563
12 73 904
0 28 38
66 67 664
3 33 507
6 53 749
21 15 363
67 44 567
6 11 373
35 20 602
0 55 413
50 48 33
43 9 603
27 39 152
50 32 551
18 1 731
73 56 281
55 47 243
6 58 827
41 53 986
57 72 813
4 0 36
61 34 838
23 17 139
74 4 487
47 33 292
67 26 790
36 57 394
17 69 893
52 2 268
31 65 122
28 53 923
23 5 89
2 66 112
34 7 507
42 53 502
10 59 961
12 55 160
76 42 996
74 45 449
20 17 477
47 54 922
44 50 770
41 22 501
22 39 460
23 51 101
0 43 74
23 2 145
32 23 93
34 1 335
58 4 544
34 66 915
19 67 266
71 57 270
46 14 214
25 40 126
69 15 861
52 62 925
65 34 653
47 59 322
73 55 294
18 19 941
34 42 938
67 10 889
63 11 583
25 33 497
29 50 6
28 41 136
61 53 896
52 56 607
51 75 279
63 35 866
72 15 291
64 57 304
47 24 462
22 29 320
73 43 205
67 70 527
52 64 942
47 61 775
21 47 374
50 36 335
36 35 326
72 67 830
11 76 333
16 58 109
65 59 2
60 15 893
38 64 504
51 53 807
38 4 173
62 54 733
39 68 628
49 21 608
2 35 326
8 41 450
6 45 565
67 57 335
62 46 732
35 17 771
18 39 217
19 12 19
57 18 943
1 53 883
22 63 91
5 57 396
32 74 622
47 74 944
32 50 907
30 53 37
2 58 594
54 0 789
8 59 23
20 61 423
25 8 337
15 60 796
9 30 281
75 31 361
12 45 444
25 49 640
37 66 369
13 31 569
42 46 531
74 14 523
48 6 165
17 72 9
54 32 646
9 53 66
48 69 426
69 64 920
61 11 481
21 51 830
76 6 529
52 36 241
76 75 698
72 63 468
13 69 904
73 75 444
62 41 154
51 47 509
15 22 983
31 33 817
27 34 735
57 1 579
15 56 910
64 6 857
69 1 896
33 61 239
74 46 351
4 37 755
26 24 244
32 3 480
68 27 409
64 44 794
52 43 564
0 76 750
56 74 262
24 58 685
13 6 820
37 13 143
26 53 443
33 34 349
30 13 875
37 14 982
4 50 328
65 45 883
28 31 552
35 10 532
13 45 503
45 2 876
68 5 897
45 46 852
47 49 385
16 42 274
30 4 574
1 62 355
17 27 260
60 16 972
19 17 645
68 6 690
43 69 873
54 57 21
60 50 316
31 51 620
9 38 627
20 28 849
36 38 600
25 55 515
44 56 897
42 20 543
20 62 243
26 45 619
24 28 987
3 46 919
17 43 62
54 34 240
24 42 374
1 67 484
44 12 565
33 43 308
10 41 173
66 72 779
59 42 781
17 46 655
67 8 12
19 0 733
13 22 829
73 57 996
59 45 80
73 14 63
50 25 338
66 18 79
11 23 455
22 13 81
59 19 44
31 15 112
21 19 324
65 37 649
3 66 21
49 55 185
28 55 615
28 48 339
23 34 680
61 46 887
32 60 363
70 48 853
18 65 647
26 39 14
30 43 53
25 59 472
68 63 159
43 10 295
35 59 133
74 30 831
41 32 249
13 72 302
55 26 204
51 3 677
24 51 150
46 55 227
27 11 659
59 6 1
37 67 75
24 3 742
31 13 364
13 55 233
22 47 141
10 22 33
28 15 662
68 41 549
15 50 46
51 50 256
53 9 531
41 23 451
39 59 996
58 62 154
67 76 713
15 21 432
3 51 262
8 3 332
31 63 797
29 5 180
66 57 801
15 38 376
57 69 452
57 44 571
19 10 463
35 76 283
23 44 320
2 67 824
39 70 416
33 75 802
28 13 507
6 15 982
36 10 244
13 48 913
16 64 856
7 5 914
61 4 199
12 65 82
73 72 398
7 52 377
10 17 595
42 66 155
36 75 811
20 12 520
31 47 16
17 22 404
59 9 706
47 35 560
64 13 194
21 5 977
43 66 261
53 25 96
7 74 105
48 26 321
45 72 155
55 34 548
22 35 316
26 69 315
68 23 531
6 9 84
56 40 887
40 52 214
64 63 325
63 51 2
68 46 402
22 30 725
19 25 478
42 47 198
28 1 220
21 53 831
27 44 787
20 58 86
26 22 770
16 65 942
26 28 566
17 14 549
3 28 12
26 67 439
51 42 142
14 22 977
9 3 340
24 12 846
25 0 958
73 24 854
27 49 962
17 51 521
32 25 909
51 17 550
64 62 215
44 45 11
23 11 169
33 15 80
59 23 300
22 33 337
22 52 458
5 21 576
2 75 510
19 71 733
59 50 480
10 20 623
69 22 983
1 54 576
74 37 565
51 41 572
55 71 700
31 45 548
28 63 411
56 71 88
24 20 296
30 60 901
28 47 852
17 70 166
17 55 739
18 6 309
67 43 503
12 7 491
55 18 843
9 34 633
25 5 44
9 8 14
65 30 616
57 15 60
63 61 984
40 2 190
0 23 783
16 76 418
70 39 278
54 7 315
22 73 538
65 56 317
26 58 656
14 76 701
39 60 169
28 40 837
27 31 425
56 66 214
13 53 607
70 49 442
75 55 97
59 16 910
26 33 506
36 56 694
35 22 893
73 63 646
22 48 668
58 55 679
47 38 418
27 23 263
13 15 976
1 11 493
25 71 384
56 20 350
36 34 718
12 69 907
40 19 125
43 18 269
75 63 370
57 75 542
53 2 943
64 20 866
17 5 763
20 11 126
48 8 735
41 5 471
52 63 425
27 10 742
18 28 207
43 54 556
19 20 365
48 71 392
37 17 786
59 73 207
15 26 283
1 63 835
2 13 767
61 68 950
74 71 521
63 46 861
60 12 526
32 5 100
42 34 250
29 72 182
55 15 647
53 5 416
23 63 480
48 73 960
33 4 780
53 34 476
19 8 98
61 23 898
41 28 22
30 21 688
68 26 286
30 15 904
4 17 571
1 64 568
47 19 695
12 6 597
55 12 371
75 16 713
71 62 894
39 52 754
34 60 418
27 74 0
27 53 793
29 64 930
3 12 312
65 11 354
38 31 927
3 0 821
68 71 565
50 40 153
40 8 453
34 43 973
75 32 2
61 22 394
41 57 864
75 73 165
5 14 340
38 63 597
51 2 765
17 75 626
42 4 995
18 40 323
63 65 718
0 62 6
49 36 325
67 23 204
47 26 644
64 32 229
50 11 256
53 41 78
38 73 778
25 51 591
30 39 511
44 14 300
27 1 450
2 20 906
39 55 987
37 32 960
21 38 523
0 21 658
48 33 814
69 47 69
39 4 807
10 71 108
22 27 504
2 51 956
10 54 90
47 42 729
43 24 760
19 60 505
46 56 732
66 14 61
63 43 992
21 32 621
18 68 998
68 67 538
49 11 507
11 53 677
55 37 717
28 62 431
43 34 138
49 34 929
8 1 909
65 8 285
67 29 171
18 62 566
8 34 41
20 55 119
17 67 447
53 76 212
35 24 48
14 16 502
24 52 573
39 58 140
74 50 434
1 69 287
56 59 791
58 43 365
66 21 616
12 35 469
60 73 809
70 62 279
1 37 852
8 69 696
57 74 351
10 28 548
27 55 533
47 51 612
62 49 74
70 2 389
32 7 424
40 3 764
6 33 529
47 2 769
26 25 850
43 61 333
16 19 874
43 23 100
70 27 580
33 12 625
21 72 714
17 59 937
11 66 721
11 72 346
4 13 620
9 31 605
10 8 634
48 19 979
50 71 493
13 40 591
40 72 144
7 71 614
32 4 164
10 1 75
18 72 828
76 35 110
74 61 10
48 75 283
21 8 823
4 76 398
40 17 753
23 13 375
47 6 723
70 7 359
58 52 430
25 18 192
42 36 76
40 42 776
6 29 159
49 40 255
68 22 592
30 47 686
44 31 743
24 27 672
72 30 304
58 35 964
72 36 293
68 4 186
52 1 353
8 39 98
58 29 0
14 43 671
56 33 345
0 35 253
51 32 631
68 56 140
55 52 643
50 4 403
44 59 331
3 71 501
9 72 317
50 17 206
12 9 402
72 22 366
6 10 262
50 16 373
49 20 60
44 16 755
21 26 45
34 75 449
72 56 309
6 16 229
35 26 701
62 39 178
20 44 146
2 16 4
2 55 158
71 60 619
24 26 112
40 10 793
37 5 765
21 4 160
2 50 585
30 34 804
30 64 717
17 13 285
63 18 654
28 11 13
22 41 279
61 37 394
26 57 619
41 45 941
28 7 427
29 1 492
12 50 57
18 15 308
1 46 288
28 10 87
27 17 732
10 26 625
61 60 543
18 13 70
20 13 580
32 42 294
4 58 547
72 26 32
7 69 663
14 9 386
41 11 752
16 37 462
8 22 266
39 41 553
26 21 165
40 68 157
22 76 761
10 5 919
76 36 119
36 25 257
57 36 339
50 10 607
12 44 174
13 32 153
60 26 343
25 42 93
17 29 240
49 56 606
26 9 913
27 22 886
76 46 914
31 20 522
34 41 494
42 9 455
2 18 710
51 13 439
52 67 343
34 36 960
63 54 601
23 65 383
59 48 64
10 38 534
28 39 772
4 24 414
51 46 495
50 52 863
72 51 92
44 4 988
55 36 923
0 37 681
48 41 947
63 25 793
69 36 109
6 75 71
36 67 810
70 40 741
40 16 978
0 16 642
65 36 849
3 56 102
76 69 71
42 24 622
41 49 368
7 37 449
23 19 732
7 40 602
2 39 147
23 16 87
16 17 27
45 19 245
65 68 596
55 29 441
32 52 488
15 54 266
38 28 717
28 60 436
22 20 359
13 42 249
31 62 318
22 49 545
41 25 406
6 4 133
56 58 109
21 49 800
15 37 775
46 24 641
14 2 201
18 22 962
22 65 663
53 45 108
67 62 938
54 9 390
39 30 128
46 62 620
44 27 42
39 57 36
20 33 451
70 38 138
15 55 807
60 28 613
22 69 634
52 13 762
55 45 312
69 56 937
55 54 420
68 74 517
53 35 40
43 62 546
15 39 554
9 55 533
7 29 276
68 49 599
57 62 428
26 32 496
5 50 180
76 18 386
44 21 971
48 38 62
7 8 441
42 39 133
16 10 412
51 23 158
33 66 635
65 32 38
61 6 127
30 23 85
45 76 863
17 53 736
25 16 985
62 67 972
45 34 358
43 58 124
54 66 227
44 38 123
47 53 244
30 58 634
56 42 744
8 13 910
33 26 18
67 18 352
51 73 545
22 61 987
32 14 101
53 32 356
63 3 193
76 68 933
26 72 90
71 65 11
51 56 691
46 0 931
13 26 374
0 56 806
71 28 330
16 63 30
56 9 555
40 41 537
2 6 28
72 65 971
21 54 268
71 38 867
47 71 352
58 16 624
30 51 214
9 27 798
51 49 371
5 8 909
75 27 499
73 11 726
11 32 969
37 73 699
21 1 961
52 35 928
8 46 877
74 33 837
30 67 807
25 32 739
57 9 295
46 49 515
50 41 646
40 50 951
37 24 385
76 40 392
47 11 80
15 48 968
9 6 321
28 71 477
59 71 922
71 70 343
60 39 606
31 24 878
1 49 768
5 70 139
40 23 138
73 37 98
20 63 422
70 3 926
62 29 205
27 56 44
39 2 142
21 55 617
46 32 86
25 9 442
53 48 399
67 20 874
28 29 854
62 42 436
1 61 530
29 70 516
68 65 833
2 7 136
52 75 723
13 7 219
3 10 415
35 19 256
32 55 260
33 52 703
4 20 458
65 49 878
68 1 763
21 9 794
9 28 493
29 23 655
65 61 106
51 14 126
74 5 301
8 28 863
0 24 853
38 67 425
72 29 460
72 20 321
19 75 264
34 59 177
52 11 596
21 63 33
32 64 910
42 0 224
38 41 490
37 50 250
55 6 116
2 34 558
4 27 595
22 5 89
62 31 198
4 42 537
68 59 638
69 72 855
47 48 190
27 36 60
25 68 888
74 52 77
66 26 567
27 43 281
6 27 26
4 35 559
8 51 222
25 15 962
50 69 551
71 3 476
20 75 586
30 19 62
33 47 486
52 47 134
62 58 81
2 61 69
45 18 25
45 71 888
21 7 372
51 39 431
17 57 537
54 22 329
69 21 904
48 25 609
50 44 459
21 13 270
16 34 799
75 23 902
41 65 647
11 10 773
24 19 815
26 46 458
74 19 881
15 68 632
25 43 968
29 32 114
69 68 683
29 51 381
0 64 918
10 7 638
75 35 603
46 25 694
45 16 557
9 14 602
4 15 433
38 37 182
46 10 99
0 12 732
59 25 564
73 32 535
13 39 274
24 4 365
30 32 571
62 57 94
5 24 544
33 37 356
60 69 890
19 50 231
30 14 408
3 44 709
52 8 827
72 33 364
1 12 584
37 7 96
39 33 436
41 33 346
41 27 177
62 35 149
57 61 828
32 45 261
38 49 196
50 42 322
12 64 182
40 0 481
33 39 298
8 36 57
39 47 155
0 67 831
17 16 31
16 57 144
19 26 586
46 29 921
72 10 724
31 55 874
33 60 229
51 20 606
59 56 14
10 55 345
69 41 971
53 8 935
47 8 414
8 6 78
14 24 342
13 59 315
34 70 116
60 27 511
23 62 365
54 23 343
46 48 541
5 6 687
63 32 4
12 75 944
70 22 15
16 59 523
58 38 476
66 48 418
4 16 376
70 51 128
63 34 457
8 19 861
55 35 726
35 53 153
44 70 809
49 5 984
42 54 516
69 31 681
74 55 282
20 32 93
52 68 267
68 32 748
16 72 632
7 59 237
45 52 935
62 38 668
16 1 121
66 46 653
16 60 880
35 21 956
20 4 503
55 33 280
40 76 969
71 12 902
68 69 571
46 71 92
63 29 438
58 27 947
53 60 451
28 8 408
9 63 397
25 75 876
70 42 788
3 24 800
66 6 741
9 12 359
10 68 733
53 55 97
5 64 674
41 47 752
11 70 88
53 1 547
40 1 243
66 49 98
42 76 398
76 11 500
4 70 721
31 74 381
18 16 961
54 51 451
13 1 304
71 14 697
27 30 463
14 47 110
45 74 657
39 6 536
62 9 684
58 37 881
71 44 640
62 66 933
29 18 689
72 46 809
38 10 721
23 36 808
11 46 975
47 76 333
1 19 890
60 55 572
56 69 5
75 8 896
14 40 59
32 34 790
1 32 328
57 6 148
31 22 71
37 74 29
50 74 389
18 3 662
30 12 290
55 16 244
10 65 495
76 62 732
21 14 319
43 35 103
65 54 153
58 50 376
54 47 691
61 19 470
55 64 138
28 64 656
55 73 923
30 66 366
14 55 670
71 19 952
29 46 643
4 47 200
52 54 37
76 61 214
9 48 248
42 48 114
54 25 900
49 6 947
31 12 547
58 31 416
32 24 504
19 36 312
23 30 424
38 74 477
7 54 641
7 23 429
75 66 3
73 60 898
68 39 606
59 4 235
71 37 739
27 28 93
22 72 670
41 51 674
69 13 781
29 6 304
76 37 608
36 53 953
42 32 680
10 25 502
0 27 324
14 7 412
24 71 664
57 14 937
41 42 213
9 42 772
36 7 455
55 22 493
42 15 534
4 25 681
16 6 979
63 52 26
30 45 474
43 56 71
20 15 656
74 24 808
16 55 883
67 73 553
9 45 761
14 53 927
48 22 361
42 35 516
20 67 220
75 30 656
28 73 286
35 34 923
23 58 998
15 2 654
24 46 131
26 70 981
9 32 850
71 27 962
12 63 398
51 4 773
19 4 609
39 18 769
38 8 455
73 27 44
58 66 140
40 4 938
70 75 263
26 30 791
60 6 861
5 53 640
40 73 331
26 10 891
2 10 413
18 44 386
71 42 289
65 57 676
42 26 167
63 42 346
63 69 240
26 18 708
71 29 99
10 50 631
12 0 452
5 46 894
60 59 696
21 70 524
61 35 716
11 59 22
29 15 252
61 15 282
74 25 502
27 60 175
43 67 289
63 76 172
1 13 502
35 62 635
73 13 539
12 60 498
70 61 516
50 67 300
74 49 392
28 5 779
30 5 905
66 43 926
32 69 130
36 15 762
28 6 13
35 61 792
53 33 615
76 12 759
5 23 643
36 11 344
17 12 747
17 15 4
55 63 253
27 14 167
23 42 9
33 13 949
4 65 222
63 31 350
52 38 403
28 72 199
40 58 653
0 4 397
33 1 380
25 1 823
22 68 994
13 49 872
40 7 438
58 23 313
56 22 643
71 49 348
17 39 106
44 41 466
5 36 992
68 3 253
44 57 964
47 7 387
56 53 208
11 20 684
53 11 749
17 3 237
33 17 850
8 4 237
18 47 483
61 72 241
37 28 232
4 10 297
68 12 797
27 48 446
75 57 270
0 14 176
0 66 759
6 8 268
57 48 124
63 22 627
48 44 675
65 20 884
47 34 473
46 21 320
48 66 260
43 60 449
43 70 486
67 2 693
32 65 406
14 23 631
39 26 355
47 41 676
20 40 57
76 19 766
28 24 589
46 60 713
40 33 705
63 58 804
48 54 136
72 28 237
58 5 686
14 64 36
17 8 99
59 41 973
24 21 923
40 55 185
59 14 473
62 44 771
3 34 977
45 57 252
71 26 587
7 47 396
70 72 794
31 7 177
46 27 520
30 40 534
28 69 280
72 54 134
28 54 145
75 7 499
73 2 72
43 1 773
38 44 442
61 33 73
2 32 272
73 25 475
60 38 768
19 49 633
60 74 298
5 12 810
65 7 403
51 44 744
7 24 604
6 51 192
36 61 6
54 43 630
73 19 828
13 0 488
32 54 153
29 0 916
15 71 438
19 44 597
68 76 108
64 50 856
34 65 429
37 2 372
27 25 530
56 0 847
57 41 736
4 53 775
48 53 587
73 33 696
74 9 457
26 42 660
41 50 216
27 33 999
3 36 264
4 43 430
13 54 299
48 39 161
34 32 737
12 2 377
50 70 555
70 53 754
50 20 860
31 177
70 844
66 775
33 530
72 525
61 548
37 284
35 418
21 936
63 691
52 703
30 468
24 840
12 449
41 128
57 284
30 368
10 286
61 87
59 275
19 17
73 591
70 698
51 945
69 573
32 385
63 603
73 1000
64 428
61 758
64 142
74 260
21 676
10 110
33 713
65 422
25 245
20 756
37 40
56 424
51 79
71 560
29 453
11 957
62 187
73 971
23 845
26 218
59 251
42 969
38 164
20 686
30 905
73 979
69 317
22 948
76 826
49 482
21 104
53 271
36 739
48 989
48 751
25 652
42 176
35 327
32 154
49 1000
13 185
44 864
18 172
69 490
38 381
27 710
76 452
41 4
68 420
61 16
61 8
61 8
61 18
61 14
61 74
61 20
61 33
61 67
61 74
61 3
61 46
61 35
61 6
61 74
61 38
61 60
61 42
61 12
61 52
61 23
61 49
61 48
61 26
61 25
61 73
61 44
61 12
61 30
61 12
61 41
61 65
61 10
61 24
61 21
61 35
61 25
61 74
61 68
61 76
61 20
61 13
61 9
61 12
61 72
61 56
61 35
61 1
61 58
61 74
61 43
61 43
61 26
61 44
61 57
61 22
61 71
61 39
61 18
61 16
61 30
61 18
61 44
61 69
61 68
61 35
61 28
61 26
61 48
61 39
61 41
61 1
61 65
61 21
61 4
61 5
61 5
61 2
61 5
61 39
61 72
61 4
61 10
61 2
61 6
61 74
61 13
61 48
61 73
61 10
61 22
61 53
61 36
61 57
61 37
61 21
61 37
61 35
61 1
61 49
61 48
61 47
61 26
61 48
61 76
61 34
61 72
61 57
61 60
61 0
61 1
61 42
61 56
61 54
61 58
61 4
61 17
61 59
61 21
61 16
61 65
61 13
61 16
61 45
61 59
61 58
61 4
61 72
61 76
61 65
61 70
61 19
61 49
61 7
61 67
61 29
61 64
61 24
61 42
61 65
61 46
61 5
61 55
61 73
61 47
61 3
61 39
61 10
61 39
61 66
61 35
61 14
61 25
61 66
61 62
61 75
61 59
61 59
61 4
61 55
61 45
61 35
61 69
61 66
61 9
61 16
61 58
61 15
61 42
61 68
61 4
61 67
61 5
61 29
61 8
61 46
61 33
61 36
61 34
61 44
61 34
61 53
61 63
61 53
61 11
61 50
61 32
61 29
61 13
61 44
61 21
61 56
61 51
61 67
61 13
61 57
61 32
61 50
61 64
61 69
61 22
61 4
61 52
61 62
61 19
61 36
61 66
61 68
61 11
61 59
61 22
61 46
61 64
61 71
61 23
61 5
61 16
61 44
61 0
61 50
61 42
61 10
61 32
61 0
61 10
61 72
61 65
61 75
61 15
61 15
61 67
61 5
61 10
61 67
61 51
61 49
61 6
61 39
61 76
61 35
61 58
61 38
61 29
61 24
61 28
61 25
61 74
61 57
61 9
61 55
61 44
61 31
61 43
61 75
61 3
61 12
61 55
61 14
61 64
61 36
61 72
61 14
61 8
61 68
61 70
61 72
61 72
61 10
61 68
61 9
61 50
61 23
61 40
61 55
61 24
61 62
61 41
61 17
61 50
61 27
61 14
61 31
61 65
61 63
61 10
61 3
61 13
61 67
61 73
61 8
61 50
61 33
61 1
61 45
61 45
61 36
61 68
61 54
61 14
61 67
61 11
61 35
61 72
61 14
61 22
61 6
61 14
61 42
61 15
61 24
61 73
61 11
61 29
61 0
61 14
61 19
61 11
61 7
61 3
61 11
61 18
61 22
61 74
61 64
61 11
61 7
61 0
61 60
61 6
61 76
61 12
61 24
61 6
61 6
61 67
61 75
61 37
61 15
61 19
61 74
61 44
61 2
61 72
61 8
61 50
61 2
61 65
61 33
61 67
61 72
61 28
61 13
61 37
61 52
61 25
61 64
61 69
61 69
61 68
61 28
61 22
61 62
61 5
61 27
61 53
61 26
61 47
61 42
61 14
61 26
61 25
61 40
61 9
61 42
61 63
61 41
61 2
61 62
61 48
61 74
61 47
61 13
61 50
61 27
61 52
61 27
61 53
61 23
61 59
61 18
61 3
61 27
61 71
61 39
61 31
61 75
61 47
61 59
61 73
61 58
61 21
61 70
61 41
61 43
61 56
61 14
61 76
61 75
61 29
61 63
61 54
61 19
61 0
61 32
61 46
61 69
61 13
61 50
61 6
61 69
61 3
61 1
61 1
61 1
61 38
61 71
61 31
61 25
61 65
61 66
61 73
61 58
61 16
61 0
61 46
61 66
61 27
61 72
61 20
61 6
61 40
61 54
61 59
61 17
61 25
61 4
61 44
61 49
61 19
61 62
61 47
61 15
61 71
61 25
61 56
61 7
61 10
61 9
61 2
61 54
61 0
61 3
61 13
61 55
61 37
61 18
61 68
61 58
61 29
61 16
61 30
61 68
61 10
61 29
61 20
61 46
61 66
61 51
61 32
61 15
61 57
61 72
61 5
61 17
61 73
61 48
61 24
61 5
61 49
61 13
61 26
61 7
61 17
61 19
61 75
61 7
61 39
61 53
61 73
61 27
61 33
61 46
61 18
61 60
61 27
61 49
61 23
61 21
61 28
61 47
61 71
61 49
61 71
61 11
61 8
61 60
61 72
61 2
61 41
61 41
61 28
61 12
61 36
61 73
61 12
61 46
61 52
61 49
61 71
61 34
61 41
61 9
61 6
61 64
61 13
61 17
61 73
61 75
61 13
61 74
61 1
61 17
61 38
61 9
61 24
61 16
61 5
61 37
61 39
61 22
61 41
61 43
61 42
61 34
61 76
61 50
61 45
61 13
61 35
61 22
61 25
61 8
61 3
61 5
61 65
61 69
61 43
61 55
61 70
61 74
61 22
61 43
61 71
61 20
61 72
61 19
61 40
61 8
61 3
61 23
61 25
61 71
61 33
61 74
61 23
61 32
61 33
61 63
61 56
61 48
61 17
61 3
61 25
61 20
61 44
61 2
61 65
61 73
61 39
61 30
61 75
61 4
61 71
61 33
61 51
61 33
61 59
61 73
61 43
61 59
61 59
61 14
61 39
61 36
61 23
61 54
61 51
61 47
61 50
61 43
61 21
61 73
61 46
61 40
61 49
61 49
61 71
61 14
61 56
61 56
61 69
61 40
61 71
61 67
61 63
61 33
61 74
61 6
61 56
61 36
61 0
61 41
61 23
61 31
61 4
61 13
61 44
61 18
61 5
61 59
61 36
61 20
61 72
61 44
61 33
61 40
61 48
61 7
61 23
61 43
61 38
61 22
61 21
61 74
61 47
61 76
61 18
61 41
61 26
61 46
61 47
61 24
61 57
61 23
61 25
61 9
61 72
61 7
61 4
61 65
61 25
61 32
61 47
61 38
61 52
61 42
61 69
61 26
61 34
61 41
61 16
61 48
61 26
61 48
61 47
61 13
61 52
61 31
61 29
61 3
61 45
61 14
61 76
61 14
61 38
61 29
61 3
61 21
61 40
61 15
61 46
61 45
61 42
61 12
61 74
61 62
61 26
61 57
61 52
61 14
61 34
61 65
61 41
61 40
61 40
61 75
61 51
61 42
61 46
61 17
61 55
61 36
61 7
61 51
61 27
61 37
61 60
61 21
61 38
61 19
61 4
61 76
61 74
61 13
61 39
61 8
61 12
61 43
61 49
61 28
61 18
61 67
61 6
61 36
61 56
61 32
61 21
61 26
61 24
61 37
61 7
61 43
61 76
61 16
61 32
61 62
61 12
61 38
61 49
61 21
61 42
61 27
61 71
61 50
61 6
61 32
61 76
61 47
61 46
61 68
61 52
61 47
61 22
61 17
61 70
61 74
61 67
61 16
61 34
61 29
61 4
61 1
61 15
61 44
61 12
61 65
61 67
61 60
61 49
61 44
61 44
61 57
61 16
61 75
61 66
61 33
61 58
61 20
61 46
61 10
61 15
61 70
61 15
61 64
61 22
61 66
61 11
61 5
61 52
61 31
61 43
61 36
61 43
61 63
61 58
61 57
61 5
61 54
61 13
61 56
61 72
61 72
61 54
61 43
61 27
61 13
61 6
61 51
61 46
61 33
61 6
61 36
61 42
61 34
61 51
61 14
61 40
61 30
61 76
61 18
61 3
61 42
61 16
61 41
61 35
61 14
61 30
61 63
61 68
61 12
61 45
61 62
61 23
61 8
61 51
61 70
61 9
61 8
61 38
61 2
61 4
61 15
61 75
61 68
61 41
61 14
61 21
61 62
61 35
61 37
61 74
61 63
61 12
61 11
61 49
61 71
61 1
61 5
61 39
61 26
61 34
61 34
61 35
61 3
61 47
61 35
61 45
61 42
61 9
61 8
61 13
61 68
61 1
61 33
61 47
61 22
61 29
61 41
61 75
61 74
61 58
61 48
61 56
61 36
61 63
61 13
61 17
61 36
61 72
61 41
61 39
61 7
61 46
61 63
61 52
61 36
61 66
61 40
61 63
61 62
61 17
61 21
61 22
61 68
61 28
61 74
61 33
61 67
61 55
61 76
61 22
61 74
61 12
61 17
61 17
61 43
61 32
61 27
61 58
61 20
61 15
61 23
61 75
61 75
61 76
61 22
61 35
61 6
61 66
61 29
61 33
61 7
61 40
61 33
61 22
61 43
61 3
61 40
61 14
61 8
61 41
61 2
61 11
61 7
61 34
61 6
61 62
61 17
61 13
61 55
61 55
61 49
61 44
61 75
61 65
61 6
61 46
61 15
61 29
61 46
61 64
61 23
61 68
61 62
61 9
61 16
61 47
61 72
61 38
61 52
61 68
61 55
61 10
61 23
61 47
61 65
61 70
61 30
61 72
61 73
61 9
61 30
61 58
61 62
61 21
61 34
61 19
61 57
61 71
61 22
61 44
61 60
61 11
61 34
61 12
61 11
61 48
61 28
61 16
61 34
61 63
61 71
61 9
61 57
61 1
61 50
61 40
61 68
61 6
61 24
61 37
61 21
61 47
61 18
61 71
61 67
61 45
61 74
61 9
61 56
61 74
61 41
61 1
61 74
61 66
61 48
61 63
61 11
61 60
61 65
61 23
61 4
61 25
61 56
61 50
61 43
61 44
61 27
61 35
61 57
61 42
61 67
61 6
61 7
61 63
61 22
61 72
61 11
61 50
61 40
61 32
61 49
61 75
61 44
61 33
61 10
61 52
61 60
61 53
61 48
61 41
61 18
61 17
61 13
61 39
61 30
61 21
61 34
61 59
61 10
61 46
61 6
61 51
61 68
61 27
61 65
61 23
61 15
61 28
61 38
61 10
61 66
61 51
61 12
61 9
61 52
61 49
61 3
61 49
61 25
61 30
61 11
61 55
61 51
61 47
61 53
61 57
61 37
61 55
61 51
61 46
61 13
61 15
61 31
61 3
61 13
61 55
61 32
61 52
61 7
61 18
61 37
61 36
61 16
61 43
61 45
61 46
61 15
61 75
61 40
61 66
61 15
61 2
61 28
61 20
61 57
61 25
61 28
61 49
61 35
61 3
61 63
61 52
61 71
61 56
61 13
61 33
61 37
61 55
61 53
61 75
61 23
61 73
61 13
61 56
61 57
61 55
61 36
61 19
61 6
61 74
61 29
61 30
61 23
61 33
61 29
61 64
61 58
61 65
61 67
61 21
61 30
61 66
61 63
61 62
61 60
61 10
61 18
61 25
61 35
61 51
61 25
61 21
61 46
61 39
61 52
61 51
61 25
61 26
61 67
61 42
61 50
61 19
61 27
61 46
61 58
61 46
61 65
61 11
61 18
61 37
61 43
61 28
61 53
61 32
61 7
61 1
61 64
61 7
61 55
61 37
61 38
61 39
61 55
61 11
61 14
61 7
61 12
61 37
61 8
61 8
61 11
61 20
61 20
61 20
61 15
61 62
61 55
61 65
61 18
61 29
61 19
61 12
61 22
61 43
61 33
61 18
61 36
61 16
61 47
61 31
61 52
61 17
61 60
61 8
61 56
61 0
61 39
61 33
61 14
61 21
61 28
61 14
61 38
61 70
61 69
61 67
61 0
61 18
61 46
61 58
61 26
61 1
61 2
61 24
61 34
61 71
61 14
61 19
61 2
61 13
61 20
61 48
61 1
61 43
61 24
61 16
61 28
61 33
61 38
61 46
61 12
61 73
61 46
61 4
61 1
61 45
61 62
61 63
61 30
61 63
61 30
61 47
61 43
61 37
61 52
61 26
61 2
61 8
61 5
61 28
61 23
61 5
61 13
61 46
61 6
61 44
61 67
61 68
61 36
61 66
61 56
61 54
61 47
61 76
61 19
61 9
61 24
61 43
61 67
61 55
61 6
61 44
61 0
61 0
61 9
61 17
61 72
61 64
61 13
61 28
61 16
61 41
61 13
61 9
61 62
61 6
61 9
61 23
61 27
61 4
61 70
61 12
61 3
61 51
61 60
61 1
61 5
61 9
61 27
61 33
61 69
61 19
61 68
61 75
61 4
61 46
61 48
61 25
61 63
61 11
61 52
61 53
61 17
61 12
61 71
61 39
61 15
61 43
61 17
61 9
61 7
61 68
61 75
61 51
61 54
61 30
61 45
61 1
61 71
61 71
61 69
61 68
61 75
61 50
61 74
61 25
61 51
61 50
61 57
61 26
61 49
61 73
61 65
61 46
61 40
61 32
61 32
61 23
61 37
61 45
61 66
61 45
61 54
61 17
61 60
61 50
61 58
61 19
61 32
61 69
61 30
61 15
61 29
61 21
61 3
61 37
61 16
61 50
61 71
61 52
61 23
61 70
61 46
61 31
61 71
61 2
61 46
61 67
61 39
61 72
61 28
61 26
61 12
61 2
61 56
61 40
61 47
61 8
61 44
61 70
61 28
61 60
61 20
61 17
61 47
61 39
61 49
61 44
61 47
61 67
61 7
61 37
61 52
61 39
61 15
61 60
61 40
61 44
61 20
61 26
61 18
61 37
61 25
61 68
61 45
61 59
61 3
61 74
61 5
61 70
61 31
61 41
61 64
61 28
61 49
61 7
61 33
61 43
61 28
61 11
61 21
61 76
61 17
61 10
61 44
61 26
61 29
61 43
61 30
61 59
61 70
61 8
61 67
61 58
61 50
61 17
61 39
61 74
61 52
61 44
61 51
61 64
61 26
61 18
61 38
61 11
61 15
61 33
61 20
61 59
61 36
61 29
61 63
61 67
61 34
61 75
61 13
61 16
61 1
61 53
61 10
61 37
61 38
61 68
61 10
61 35
61 67
61 9
61 55
61 4
61 22
61 54
61 64
61 36
61 6
61 74
61 38
61 24
61 14
61 43
61 34
61 55
61 50
61 8
61 74
61 22
61 74
61 11
61 24
61 20
61 51
61 4
61 11
61 42
61 29
61 14
61 27
61 40
61 31
61 65
61 19
61 28
61 12
61 45
61 58
61 28
61 23
61 29
61 52
61 29
61 32
61 56
61 66
61 4
61 18
61 35
61 12
61 50
61 69
61 73
61 29
61 65
61 58
61 19
61 17
61 37
61 26
61 74
61 6
61 70
61 22
61 66
61 70
61 65
61 55
61 30
61 35
61 68
61 74
61 5
61 28
61 42
61 29
61 29
61 1
61 26
61 12
61 51
61 11
61 32
61 47
61 58
61 36
61 6
61 28
61 4
61 22
61 8
61 46
61 0
61 75
61 29
61 1
61 30
61 24
61 25
61 27
61 54
61 14
61 20
61 67
61 3
61 4
61 1
61 70
61 2
61 75
61 6
61 28
61 67
61 66
61 65
61 25
61 39
61 41
61 24
61 33
61 20
61 2
61 16
61 45
61 25
61 69
61 48
61 27
61 69
61 22
61 4
61 47
61 31
61 56
61 74
61 4
61 67
61 41
61 50
61 14
61 52
61 14
61 54
61 44
61 52
61 37
61 28
61 40
61 31
61 56
61 74
61 10
61 76
61 43
61 12
61 45
61 63
61 38
61 29
61 32
61 24
61 7
61 65
61 19
61 71
61 12
61 16
61 34
61 71
61 8
61 13
61 51
61 18
61 34
61 1
61 15
61 7
61 9
61 26
61 46
61 11
61 20
61 18
61 52
61 62
61 14
61 27
61 73
61 49
61 18
61 27
61 63
61 4
61 39
61 24
61 66
61 58
61 37
61 60
61 20
61 13
61 26
61 59
61 56
61 36
61 25
61 63
61 58
61 22
61 70
61 44
61 57
61 34
61 71
61 59
61 66
61 23
61 5
61 55
61 30
61 41
61 73
61 75
61 51
61 0
61 54
61 56
61 36
61 42
61 14
61 27
61 44
61 46
61 29
61 40
61 24
61 57
61 65
61 34
61 57
61 51
61 67
61 38
61 1
61 34
61 31
61 25
61 20
61 22
61 53
61 76
61 43
61 54
61 57
61 43
61 55
61 0
61 71
61 38
61 76
61 17
61 35
61 51
61 55
61 23
61 32
61 26
61 7
61 73
61 41
61 46
61 59
61 25
61 10
61 11
61 39
61 68
61 74
61 25
61 38
61 6
61 12
61 18
61 2
61 75
61 69
61 66
61 13
61 38
61 66
61 51
61 33
61 36
61 72
61 11
61 33
61 76
61 36
61 74
61 70
61 9
61 47
61 55
61 43
61 45
61 63
61 11
61 75
61 50
61 76
61 16
61 39
61 17
61 50
61 0
61 8
61 76
61 63
61 7
61 73
61 24
61 27
61 47
61 0
61 26
61 70
61 24
61 66
61 33
61 0
61 10
61 36
61 37
61 13
61 9
61 27
61 48
61 20
61 31
61 17
61 4
61 74
61 27
61 55
61 72
61 62
61 23
61 53
61 22
61 11
61 46
61 47
61 28
61 32
61 45
61 18
61 32
61 63
61 25
61 49
61 38
61 38
61 59
61 44
61 31
61 54
61 44
61 56
61 70
61 48
61 9
61 59
61 42
61 63
61 21
61 3
61 13
61 62
61 15
61 11
61 58
61 74
61 19
61 41
61 10
61 2
61 20
61 63
61 21
61 10
61 26
61 36
61 29
61 73
61 1
61 46
61 50
61 19
61 45
61 73
61 23
61 17
61 51
61 62
61 11
61 1
61 30
61 13
61 64
61 64
61 34
61 3
61 21
61 25
61 43
61 60
61 51
61 35
61 15
61 70
61 65
61 11
61 69
61 2
61 72
61 11
61 73
61 41
61 64
61 73
61 64
61 18
61 51
61 27
61 75
61 63
61 24
61 74
61 58
61 29
61 22
61 66
61 30
61 20
61 5
61 8
61 21
61 65
61 26
61 23
61 50
61 20
61 65
61 3
61 45
61 37
61 51
61 31
61 48
61 68
61 22
61 53
61 43
61 45
61 10
61 71
61 34
61 30
61 27
61 43
61 27
61 46
61 39
61 3
61 40
61 31
61 48
61 50
61 17
61 69
61 56
61 69
61 18
61 67
61 72
61 55
61 45
61 3
61 37
61 15
61 53
61 10
61 29
61 38
61 54
61 55
61 55
61 33
61 30
61 45
61 45
61 10
61 62
61 46
61 56
61 72
61 24
61 27
61 19
61 76
61 69
61 58
61 54
61 34
61 40
61 46
61 76
61 5
61 26
61 42
61 74
61 74
61 29
61 4
61 7
61 1
61 34
61 33
61 16
61 42
61 50
61 45
61 6
61 63
61 39
61 36
61 68
61 46
61 65
61 25
61 54
61 75
61 57
61 13
61 21
61 35
61 19
61 57
61 52
61 75
61 29
61 8
61 44
61 12
61 11
61 14
61 68
61 31
61 67
61 7
61 44
61 66
61 49
61 22
61 38
61 54
61 16
61 52
61 39
61 56
61 59
61 47
61 19
61 9
61 9
61 57
61 72
61 52
61 70
61 5
61 12
61 75
61 39
61 52
61 33
61 33
61 72
61 13
61 5
61 64
61 30
61 19
61 35
61 29
61 41
61 60
61 67
61 9
61 42
61 66
61 56
61 8
61 35
61 50
61 8
61 8
61 53
61 59
61 24
61 70
61 50
61 33
61 65
61 27
61 69
61 14
61 54
61 46
61 38
61 8
61 10
61 10
61 53
61 19
61 0
61 6
61 22
61 67
61 43
61 60
61 52
61 48
61 22
61 22
61 12
61 2
61 25
61 21
61 56
61 14
61 16
61 32
61 1
61 71
61 44
61 18
61 27
61 15
61 33
61 65
61 29
61 54
61 55
61 5
61 42
61 68
61 15
61 19
61 12
61 10
61 9
61 21
61 51
61 62
61 39
61 39
61 5
61 12
61 47
61 48
61 20
61 15
61 67
61 37
61 37
61 6
61 38
61 21
61 36
61 68
61 65
61 41
61 35
61 3
61 73
61 17
61 64
61 28
61 31
61 26
61 2
61 49
61 12
61 71
61 64
61 10
61 42
61 36
61 47
61 67
61 0
61 15
61 41
61 6
61 74
61 34
61 21
61 28
61 7
61 16
61 41
61 3
61 71
61 56
61 24
61 58
61 32
61 30
61 68
61 59
61 62
61 38
61 74
61 6
61 31
61 25
61 71
61 72
61 2
61 40
61 45
61 42
61 6
61 65
61 11
61 36
61 47
61 36
61 54
61 29
61 52
61 73
61 4
61 72
61 11
61 13
61 68
61 48
61 50
61 64
61 6
61 21
61 76
61 68
61 31
61 18
61 76
61 48
61 32
61 16
61 0
61 9
61 48
61 38
61 56
61 10
61 53
61 50
61 34
61 2
61 12
61 2
61 44
61 4
61 14
61 38
61 38
61 54
61 20
61 66
61 0
61 27
61 8
61 38
61 34
61 30
61 52
61 15
61 25
61 66
61 70
61 23
61 30
61 42
61 42
61 59
61 54
61 18
61 58
61 23
61 13
61 56
61 26
61 43
61 21
61 62
61 28
61 73
61 21
61 32
61 0
61 41
61 33
61 0
61 74
61 3
61 10
61 16
61 43
61 37
61 9
61 27
61 43
61 5
61 1
61 36
61 27
61 44
61 56
61 39
61 41
61 33
61 31
61 24
61 55
61 6
61 17
61 50
61 30
61 72
61 52
61 0
61 25
61 58
61 52
61 24
61 0
61 71
61 73
61 67
61 72
61 14
61 8
61 4
61 27
61 20
61 41
61 38
61 32
61 22
61 47
61 52
61 35
61 55
61 33
61 35
61 21
61 54
61 75
61 3
61 1
61 21
61 24
61 21
61 66
61 17
61 72
61 55
61 22
61 20
61 39
61 7
61 17
61 47
61 32
61 52
61 39
61 2
61 15
61 22
61 15
61 70
61 36
61 59
61 38
61 30
61 65
61 42
61 11
61 14
61 5
61 72
61 41
61 23
61 56
61 71
61 50
61 73
61 34
61 41
61 31
61 22
61 16
61 68
61 75
61 50
61 40
61 74
61 12
61 46
61 3
61 72
61 28
61 29
61 35
61 66
61 53
61 55
61 37
61 5
61 40
61 68
61 32
61 33
61 66
61 56
61 63
61 47
61 25
61 56
61 21
61 32
61 50
61 73
61 8
61 32
61 27
61 54
61 60
61 27
61 55
61 0
61 44
61 23
61 66
61 8
61 5
61 45
61 36
61 66
61 44
61 43
61 48
61 25
61 44
61 28
61 13
61 74
61 64
61 75
61 36
61 47
61 12
61 72
61 65
61 51
61 38
61 16
61 54
61 54
61 57
61 74
61 7
61 72
61 39
61 37
61 45
61 41
61 43
61 25
61 21
61 40
61 0
61 52
61 7
61 9
61 15
61 74
61 21
61 12
61 41
61 21
61 46
61 1
61 34
61 62
61 3
61 25
61 70
61 71
61 59
61 0
61 35
61 57
61 47
61 46
61 69
61 41
61 21
61 36
61 10
61 13
61 13
61 37
61 26
61 55
61 55
61 74
61 15
61 59
61 0
61 30
61 13
61 64
61 60
61 7
61 8
61 44
61 70
61 71
61 39
61 50
61 65
61 76
61 39
61 73
61 33
61 49
61 20
61 24
61 1
61 57
61 16
61 37
61 43
61 25
61 68
61 8
61 44
61 65
61 6
61 21
61 16
61 69
61 9
61 2
61 76
61 33
61 55
61 19
61 37
61 37
61 37
61 9
61 33
61 67
61 42
61 63
61 67
61 47
61 31
61 50
61 34
61 41
61 39
61 47
61 47
61 3
61 31
61 72
61 9
61 2
61 24
61 72
61 23
61 26
61 13
61 35
61 73
61 35
61 9
61 40
61 11
61 5
61 3
61 8
61 40
61 52
61 47
61 13
61 33
61 32
61 11
61 41
61 0
61 51
61 22
61 55
61 0
61 76
61 16
61 38
61 11
61 60
61 15
61 11
61 0
61 27
61 75
61 57
61 15
61 35
61 42
61 23
61 35
61 21
61 60
61 16
61 51
61 29
61 14
61 36
61 23
61 48
61 26
61 39
61 60
61 17
61 29
61 66
61 21
61 12
61 44
61 17
61 19
61 20
61 20
61 30
61 40
61 28
61 68
61 9
61 24
61 47
61 39
61 63
61 24
61 21
61 19
61 32
61 51
61 16
61 8
61 56
61 15
61 34
61 53
61 63
61 69
61 33
61 56
61 60
61 43
61 49
61 41
61 27
61 72
61 31
61 52
61 55
61 71
61 1
61 6
61 15
61 75
61 35
61 29
61 57
61 50
61 16
61 16
61 2
61 2
61 76
61 73
61 30
61 28
61 57
61 57
61 42
61 31
61 30
61 33
61 63
61 7
61 68
61 24
61 18
61 14
61 66
61 12
61 43
61 34
61 31
61 37
61 3
61 40
61 36
61 75
61 43
61 30
61 75
61 48
61 3
61 17
61 34
61 16
61 19
61 17
61 37
61 47
61 60
61 49
61 31
61 2
61 50
61 17
61 29
61 42
61 25
61 25
61 74
61 33
61 40
61 23
61 34
61 75
61 26
61 15
61 52
61 47
61 52
61 46
61 20
61 70
61 53
61 46
61 45
61 4
61 45
61 55
61 2
61 31
61 65
61 39
61 21
61 37
61 8
61 12
61 65
61 43
61 37
61 67
61 74
61 45
61 48
61 29
61 45
61 10
61 58
61 67
61 29
61 10
61 23
61 73
61 22
61 33
61 38
61 4
61 18
61 75
61 23
61 8
61 66
61 43
61 66
61 59
61 33
61 38
61 21
61 3
61 20
61 8
61 58
61 10
61 43
61 70
61 11
61 43
61 39
61 8
61 43
61 5
61 1
61 63
61 15
61 63
61 26
61 49
61 25
61 45
61 52
61 35
61 34
61 44
61 25
61 59
61 56
61 11
61 45
61 72
61 2
61 51
61 3
61 44
61 13
61 25
61 76
61 68
61 33
61 73
61 30
61 67
61 14
61 7
61 34
61 58
61 32
61 56
61 36
61 52
61 2
61 1
61 33
61 7
61 15
61 3
61 36
61 24
61 56
61 19
61 71
61 43
61 59
61 7
61 33
61 35
61 17
61 75
61 4
61 65
61 40
61 73
61 42
61 29
61 73
61 13
61 15
61 40
61 37
61 55
61 23
61 22
61 24
61 26
61 55
61 11
61 31
61 13
61 38
61 10
61 74
61 74
61 7
61 30
61 9
61 73
61 37
61 19
61 67
61 5
61 7
61 63
61 73
61 38
61 20
61 55
61 32
61 72
61 75
61 17
61 67
61 57
61 37
61 57
61 1
61 58
61 69
61 52
61 54
61 74
61 7
61 66
61 43
61 26
61 6
61 60
61 14
61 33
61 16
61 49
61 41
61 11
61 66
61 1
61 25
61 62
61 75
61 71
61 25
61 35
61 49
61 59
61 41
61 65
61 30
61 68
61 34
61 66
61 38
61 50
61 59
61 34
61 56
61 35
61 13
61 57
61 74
61 2
61 67
61 2
61 47
61 54
61 9
61 52
61 18
61 34
61 17
61 41
61 34
61 12
61 64
61 65
61 28
61 34
61 56
61 32
61 52
61 48
61 76
61 37
61 51
61 21
61 46
61 10
61 45
61 16
61 70
61 35
61 24
61 23
61 2
61 67
61 24
61 53
61 65
61 47
61 66
61 63
61 44
61 25
61 3
61 9
61 14
61 16
61 66
61 27
61 63
61 5
61 25
61 6
61 27
61 71
61 47
61 1
61 62
61 52
61 25
61 71
61 42
61 32
61 3
61 40
61 53
61 71
61 74
61 46
61 39
61 68
61 46
61 46
61 26
61 54
61 55
61 55
61 24
61 40
61 63
61 38
61 24
61 73
61 54
61 69
61 63
61 59
61 1
61 33
61 30
61 7
61 33
61 13
61 21
61 18
61 75
61 45
61 66
61 22
61 23
61 41
61 47
61 12
61 43
61 4
61 21
61 42
61 42
61 41
61 10
61 41
61 23
61 26
61 69
61 63
61 18
61 11
61 51
61 29
61 65
61 28
61 5
61 43
61 40
61 55
61 50
61 71
61 20
61 9
61 25
61 4
61 62
61 40
61 38
61 41
61 15
61 20
61 67
61 33
61 67
61 39
61 75
61 71
61 15
61 51
61 57
61 45
61 76
61 38
61 59
61 36
61 58
61 22
61 76
61 49
61 55
61 45
61 2
61 59
61 2
61 48
61 53
61 62
61 68
61 48
61 42
61 76
61 58
61 40
61 46
61 28
61 58
61 76
61 54
61 44
61 49
61 10
61 58
61 69
61 75
61 37
61 58
61 51
61 16
61 55
61 66
61 12
61 48
61 32
61 29
61 33
61 28
61 8
61 1
61 32
61 68
61 40
61 39
61 52
61 24
61 60
61 20
61 18
61 16
61 31
61 50
61 56
61 34
61 60
61 27
61 31
61 4
61 14
61 50
61 44
61 56
61 71
61 64
61 38
61 47
61 3
61 54
61 47
61 69
61 10
61 12
61 65
61 4
61 71
61 22
61 33
61 40
61 40
61 1
61 30
61 30
61 46
61 32
61 21
61 6
61 70
61 73
61 31
61 47
61 76
61 45
61 31
61 72
61 43
61 31
61 18
61 44
61 22
61 0
61 50
61 16
61 24
61 4
61 27
61 48
61 29
61 21
61 71
61 19
61 15
61 72
61 2
61 8
61 45
61 24
61 22
61 2
61 18
61 30
61 17
61 47
61 26
61 31
61 60
61 41
61 20
61 64
61 25
61 49
61 1
61 24
61 11
61 28
61 7
61 73
61 28
61 18
61 2
61 25
61 43
61 21
61 7
61 24
61 7
61 10
61 48
61 40
61 57
61 14
61 45
61 64
61 47
61 62
61 6
61 18
61 31
61 21
61 0
61 73
61 75
61 27
61 33
61 59
61 24
61 44
61 38
61 73
61 12
61 24
61 54
61 38
61 3
61 37
61 68
61 43
61 32
61 18
61 36
61 30
61 60
61 52
61 75
61 65
61 67
61 26
61 56
61 54
61 30
61 28
61 66
61 30
61 8
61 23
61 29
61 64
61 3
61 58
61 72
61 55
61 29
61 38
61 68
61 72
61 58
61 24
61 56
61 2
61 65
61 39
61 54
61 26
61 18
61 57
61 45
61 17
61 3
61 21
61 4
61 33
61 25
61 11
61 13
61 59
61 5
61 30
61 22
61 7
61 28
61 50
61 0
61 69
61 54
61 29
61 60
61 71
61 34
61 2
61 40
61 72
61 72
61 47
61 73
61 38
61 57
61 12
61 67
61 34
61 1
61 22
61 23
61 0
61 6
61 22
61 47
61 28
61 57
61 56
61 41
61 3
61 19
61 28
61 69
61 24
61 46
61 64
61 63
61 51
61 12
61 13
61 10
61 13
61 60
61 31
61 8
61 43
61 48
61 2
61 26
61 29
61 52
61 2
61 53
61 54
61 32
61 27
61 28
61 12
61 64
61 23
61 31
61 19
61 37
61 76
61 43
61 59
61 7
61 73
61 11
61 60
61 19
61 8
61 25
61 50
61 27
61 56
61 30
61 21
61 48
61 72
61 40
61 4
61 76
61 3
61 65
61 12
61 11
61 8
61 49
61 74
61 55
61 7
61 60
61 23
61 27
61 4
61 44
61 58
61 71
61 56
61 25
61 22
61 71
61 33
61 48
61 17
61 40
61 8
61 26
61 31
61 70
61 38
61 68
61 45
61 71
61 25
61 32
61 57
61 32
61 28
61 43
61 58
61 46
61 35
61 33
61 12
61 47
61 4
61 55
61 43
61 6
61 14
61 38
61 49
61 3
61 49
61 60
61 75
61 50
61 67
61 29
61 71
61 4
61 20
61 40
61 36
61 33
61 8
61 70
61 13
61 42
61 29
61 27
61 41
61 69
61 29
61 29
61 68
61 27
61 7
61 75
61 73
61 2
61 40
61 47
61 7
61 58
61 56
61 63
61 33
61 46
61 48
61 5
61 9
61 21
61 47
61 3
61 30
61 50
61 47
61 76
61 34
61 34
61 37
61 23
61 72
61 50
61 16
61 69
61 18
61 57
61 66
61 13
61 24
61 63
61 1
61 70
61 65
61 38
61 34
61 76
61 23
61 12
61 22
61 11
61 0
61 20
61 37
61 27
61 74
61 13
61 22
61 26
61 2
61 3
61 1
61 41
61 70
61 16
61 53
61 25
61 64
61 76
61 36
61 13
61 69
61 28
61 21
61 74
61 42
61 11
61 49
61 6
61 36
61 16
61 13
61 49
61 73
61 68
61 13
61 14
61 48
61 40
61 60
61 46
61 63
61 45
61 48
61 52
61 66
61 21
61 60
61 74
61 3
61 11
61 59
61 47
61 6
61 58
61 69
61 23
61 21
61 12
61 31
61 39
61 40
61 25
61 28
61 52
61 36
61 51
61 41
61 37
61 17
61 51
61 0
61 64
61 7
61 58
61 48
61 14
61 33
61 28
61 41
61 13
61 48
61 76
61 7
61 43
61 18
61 28
61 76
61 74
61 65
61 8
61 72
61 62
61 37
61 57
61 37
61 41
61 24
61 50
61 28
61 32
61 32
61 47
61 10
61 27
61 1
61 2
61 54
61 63
61 52
61 76
61 56
61 2
61 72
61 25
61 57
61 35
61 59
61 26
61 43
61 21
61 36
61 24
61 17
61 68
61 30
61 57
61 9
61 60
61 57
61 65
61 62
61 46
61 24
61 17
61 15
61 25
61 53
61 16
61 33
61 65
61 43
61 50
61 56
61 35
61 27
61 17
61 24
61 56
61 71
61 67
61 29
61 68
61 47
61 2
61 34
61 23
61 62
61 50
61 41
61 34
61 48
61 52
61 4
61 56
61 39
61 22
61 41
61 29
61 3
61 19
61 46
61 2
61 59
61 14
61 63
61 40
61 53
61 37
61 68
61 71
61 12
61 55
61 40
61 34
61 69
61 76
61 36
61 52
61 44
61 24
61 0
61 9
61 20
61 49
61 66
61 33
61 0
61 23
61 1
61 12
61 49
61 49
61 63
61 24
61 38
61 36
61 20
61 18
61 48
61 33
61 14
61 59
61 18
61 47
61 12
61 44
61 31
61 44
61 66
61 72
61 7
61 35
61 0
61 18
61 8
61 64
61 14
61 20
61 63
61 72
61 17
61 39
61 8
61 4
61 67
61 58
61 16
61 9
61 2
61 19
61 66
61 22
61 16
61 73
61 16
61 28
61 36
61 18
61 20
61 68
61 54
61 39
61 15
61 60
61 71
61 60
61 72
61 76
61 32
61 30
61 17
61 71
61 76
61 59
61 19
61 29
61 71
61 17
61 76
61 25
61 69
61 36
61 44
61 55
61 16
61 51
61 64
61 42
61 53
61 5
61 18
61 10
61 15
61 44
61 75
61 45
61 64
61 53
61 5
61 58
61 18
61 47
61 40
61 48
61 11
61 28
61 57
61 49
61 27
61 37
61 27
61 57
61 58
61 23
61 22
61 70
61 63
61 13
61 15
61 14
61 0
61 9
61 40
61 69
61 1
61 74
61 36
61 21
61 59
61 27
61 32
61 73
61 31
61 19
61 27
61 65
61 40
61 27
61 66
61 55
61 33
61 48
61 27
61 21
61 7
61 4
61 14
61 20
61 10
61 7
61 19
61 13
61 64
61 54
61 24
61 37
61 51
61 66
61 50
61 4
61 74
61 49
61 48
61 30
61 0
61 45
61 65
61 58
61 17
61 45
61 57
61 71
61 38
61 74
61 42
61 41
61 33
61 12
61 24
61 18
61 55
61 50
61 22
61 73
61 28
61 22
61 69
61 54
61 17
61 25
61 39
61 31
61 34
61 11
61 59
61 42
61 67
61 30
61 36
61 31
61 62
61 65
61 60
61 28
61 21
61 51
61 49
61 6
61 22
61 27
61 76
61 6
61 50
61 2
61 12
61 32
61 41
61 50
61 11
61 35
61 68
61 7
61 73
61 64
61 43
61 69
61 73
61 3
61 50
61 24
61 4
61 39
61 75
61 63
61 70
61 59
61 24
61 70
61 57
61 7
61 68
61 1
61 74
61 58
61 38
61 14
61 24
61 62
61 63
61 45
61 54
61 17
61 54
61 30
61 53
61 56
61 75
61 48
61 14
61 56
61 7
61 23
61 7
61 55
61 53
61 6
61 65
61 27
61 36
61 55
61 39
61 8
61 31
61 53
61 30
61 2
61 32
61 18
61 46
61 10
61 38
61 15
61 7
61 54
61 70
61 33
61 66
61 48
61 8
61 4
61 1
61 4
61 22
61 41
61 57
61 66
61 47
61 0
61 63
61 44
61 57
61 76
61 8
61 54
61 63
61 70
61 18
61 17
61 47
61 58
61 23
61 75
61 75
61 65
61 51
61 53
61 32
61 73
61 5
61 5
61 29
61 72
61 54
61 68
61 65
61 64
61 64
61 27
61 14
61 40
61 60
61 49
61 71
61 71
61 65
61 60
61 2
61 33
61 16
61 51
61 69
61 74
61 3
61 5
61 23
61 40
61 56
61 69
61 11
61 46
61 68
61 6
61 75
61 59
61 2
61 75
61 25
61 40
61 72
61 76
61 14
61 50
61 8
61 33
61 30
61 74
61 26
61 15
61 14
61 47
61 17
61 23
61 15
61 4
61 9
61 1
61 32
61 37
61 1
61 56
61 42
61 56
61 55
61 68
61 4
61 25
61 39
61 31
61 29
61 7
61 13
61 56
61 54
61 74
61 50
61 27
61 28
61 11
61 17
61 73
61 38
61 48
61 16
61 32
61 18
61 28
61 5
61 13
61 42
61 42
61 38
61 71
61 39
61 41
61 57
61 8
61 54
61 19
61 40
61 76
61 71
61 73
61 22
61 42
61 4
61 69
61 50
61 43
61 7
61 11
61 75
61 63
61 10
61 41
61 74
61 1
61 67
61 72
61 45
61 35
61 64
61 58
61 19
61 33
61 63
61 52
61 68
61 9
61 19
61 73
61 75
61 5
61 30
61 20
61 28
61 44
61 2
61 55
61 12
61 60
61 49
61 41
61 53
61 21
61 70
61 2
61 25
61 27
61 10
61 63
61 48
61 0
61 33
61 23
61 50
61 18
61 52
61 26
61 68
61 7
61 27
61 64
61 31
61 58
61 22
61 52
61 74
61 17
61 31
61 6
61 33
61 18
61 51
61 28
61 49
61 67
61 44
61 34
61 47
61 71
61 62
61 62
61 21
61 52
61 57
61 37
61 35
61 41
61 37
61 50
61 14
61 35
61 14
61 25
61 59
61 54
61 21
61 1
61 25
61 20
61 33
61 70
61 67
61 20
61 69
61 66
61 42
61 11
61 9
61 66
61 51
61 32
61 76
61 24
61 73
61 45
61 74
61 55
61 19
61 45
61 71
61 56
61 20
61 41
61 54
61 63
61 12
61 3
61 67
61 49
61 74
61 47
61 35
61 54
61 27
61 32
61 67
61 29
61 0
61 27
61 14
61 52
61 72
61 42
61 32
61 59
61 38
61 14
61 51
61 41
61 43
61 43
61 69
61 27
61 37
61 32
61 74
61 58
61 51
61 45
61 22
61 15
61 9
61 9
61 63
61 62
61 10
61 12
61 48
61 4
61 11
61 40
61 18
61 7
61 16
61 72
61 65
61 37
61 59
61 52
61 18
61 49
61 56
61 49
61 60
61 43
61 57
61 52
61 15
61 75
61 46
61 6
61 38
61 53
61 68
61 0
61 12
61 47
61 52
61 55
61 76
61 41
61 31
61 33
61 26
61 60
61 8
61 9
61 66
61 27
61 37
61 33
61 35
61 20
61 48
61 12
61 65
61 20
61 73
61 18
61 51
61 38
61 66
61 74
61 56
61 75
61 1
61 41
61 11
61 38
61 37
61 25
61 3
61 30
61 43
61 42
61 8
61 65
61 51
61 60
61 55
61 75
61 35
61 55
61 16
61 32
61 36
61 25
61 48
61 8
61 14
61 13
61 2
61 65
61 55
61 76
61 39
61 28
61 51
61 26
61 33
61 25
61 3
61 11
61 65
61 60
61 60
61 47
61 70
61 48
61 44
61 18
61 41
61 46
61 35
61 57
61 31
61 69
61 47
61 20
61 68
61 42
61 51
61 67
61 15
61 69
61 64
61 16
61 45
61 15
61 17
61 13
61 50
61 54
61 66
61 27
61 62
61 53
61 6
61 71
61 23
61 67
61 32
61 54
61 26
61 27
61 64
61 48
61 33
61 40
61 35
61 17
61 3
61 29
61 32
61 46
61 68
61 29
61 41
61 19
61 4
61 68
61 0
61 52
61 64
61 46
61 56
61 3
61 68
61 46
61 0
61 29
61 65
61 73
61 74
61 15
61 72
61 58
61 26
61 52
61 3
61 45
61 24
61 49
61 41
61 32
61 42
61 60
61 12
61 54
61 34
61 25
61 40
61 19
61 51
61 21
61 8
61 72
61 52
61 69
61 1
61 2
61 13
61 24
61 44
61 60
61 2
61 26
61 13
61 5
61 10
61 0
61 44
61 44
61 40
61 60
61 47
61 1
61 43
61 22
61 31
61 10
61 62
61 7
61 65
61 32
61 75
61 18
61 54
61 16
61 72
61 59
61 19
61 3
61 34
61 26
61 44
61 44
61 51
61 7
61 7
61 51
61 49
61 46
61 22
61 3
61 22
61 39
61 48
61 42
61 48
61 11
61 63
61 40
61 13
61 44
61 3
61 17
61 73
61 55
61 14
61 37
61 60
61 1
61 42
61 48
61 2
61 59
61 57
61 39
61 49
61 48
61 30
61 23
61 8
61 69
61 49
61 73
61 1
61 6
61 64
61 8
61 0
61 49
61 15
61 27
61 18
61 73
61 31
61 19
61 36
61 67
61 27
61 70
61 29
61 9
61 75
61 71
61 10
61 39
61 17
61 12
61 44
61 38
61 11
61 62
61 4
61 21
61 66
61 24
61 57
61 18
61 28
61 14
61 12
61 55
61 12
61 67
61 37
61 44
61 16
61 19
61 10
61 66
61 9
61 63
61 57
61 54
61 40
61 48
61 1
61 19
61 68
61 34
61 65
61 14
61 27
61 1
61 43
61 51
61 14
61 1
61 55
61 23
61 58
61 62
61 42
61 72
61 44
61 8
61 17
61 18
61 39
61 5
61 59
61 0
61 68
61 70
61 48
61 71
61 74
61 50
61 28
61 75
61 6
61 59
61 56
61 62
61 72
61 54
61 63
61 13
61 36
61 34
61 8
61 9
61 11
61 43
61 19
61 50
61 25
61 6
61 45
61 62
61 41
61 63
61 56
61 64
61 73
61 73
61 0
61 34
61 26
61 14
61 37
61 62
61 26
61 70
61 62
61 73
61 51
61 9
61 6
61 63
61 75
61 0
61 71
61 48
61 3
61 49
61 29
61 54
61 65
61 48
61 47
61 32
61 45
61 31
61 42
61 47
61 17
61 46
61 9
61 44
61 53
61 49
61 57
61 25
61 51
61 44
61 56
61 45
61 32
61 60
61 43
61 1
61 36
61 11
61 46
61 45
61 73
61 66
61 24
61 42
61 47
61 24
61 11
61 46
61 59
61 0
61 1
61 51
61 10
61 2
61 16
61 17
61 38
61 1
61 58
61 71
61 6
61 65
61 62
61 51
61 46
61 6
61 71
61 74
61 37
61 59
61 49
61 9
61 47
61 35
61 12
61 62
61 12
61 52
61 11
61 27
61 31
61 24
61 28
61 52
61 24
61 4
61 33
61 9
61 48
61 69
61 50
61 48
61 0
61 22
61 47
61 42
61 40
61 76
61 5
61 12
61 55
61 63
61 55
61 49
61 1
61 52
61 28
61 50
61 10
61 27
61 8
61 43
61 55
61 63
61 57
61 34
61 74
61 8
61 18
61 55
61 65
61 35
61 31
61 63
61 44
61 48
61 19
61 22
61 24
61 33
61 26
61 60
61 66
61 51
61 60
61 45
61 40
61 58
61 28
61 34
61 7
61 23
61 38
61 70
61 43
61 52
61 11
61 35
61 53
61 74
61 71
61 10
61 0
61 44
61 13
61 8
61 37
61 73
61 70
61 49
61 10
61 34
61 76
61 15
61 12
61 11
61 57
61 3
61 9
61 53
61 47
61 11
61 4
61 57
61 28
61 6
61 45
61 68
61 10
61 45
61 43
61 44
61 16
61 2
61 27
61 72
61 15
61 64
61 69
61 23
61 29
61 36
61 24
61 7
61 65
61 60
61 76
61 33
61 50
61 43
61 1
61 28
61 4
61 19
61 30
61 76
61 21
61 76
61 9
61 39
61 34
61 24
61 29
61 24
61 70
61 24
61 46
61 26
61 15
61 45
61 30
61 50
61 14
61 21
61 69
61 35
61 52
61 34
61 54
61 69
61 74
61 49
61 25
61 46
61 59
61 60
61 9
61 8
61 31
61 16
61 12
61 49
61 68
61 31
61 50
61 3
61 59
61 3
61 9
61 57
61 27
61 59
61 66
61 28
61 34
61 34
61 44
61 59
61 10
61 22
61 57
61 7
61 21
61 18
61 16
61 52
61 3
61 26
61 28
61 37
61 13
61 69
61 55
61 20
61 14
61 74
61 3
61 2
61 27
61 33
61 40
61 35
61 20
61 67
61 68
61 66
61 30
61 59
61 75
61 10
61 73
61 33
61 62
61 59
61 68
61 44
61 43
61 34
61 70
61 23
61 18
61 34
61 76
61 70
61 29
61 45
61 10
61 3
61 76
61 54
61 41
61 21
61 49
61 6
61 23
61 3
61 58
61 11
61 14
61 49
61 46
61 7
61 31
61 2
61 52
61 2
61 54
61 76
61 46
61 9
61 32
61 30
61 27
61 28
61 40
61 66
61 73
61 70
61 37
61 51
61 7
61 70
61 51
61 34
61 21
61 64
61 29
61 7
61 48
61 34
61 44
61 18
61 18
61 16
61 27
61 33
61 75
61 14
61 45
61 34
61 42
61 70
61 64
61 71
61 1
61 28
61 0
61 52
61 69
61 20
61 21
61 47
61 50
61 58
61 12
61 12
61 14
61 1
61 59
61 2
61 29
61 56
61 37
61 15
61 71
61 1
61 48
61 40
61 18
61 23
61 48
61 54
61 4
61 18
61 54
61 8
61 63
61 46
61 74
61 6
61 63
61 54
61 58
61 49
61 66
61 32
61 28
61 73
61 36
61 74
61 55
61 63
61 75
61 19
61 37
61 27
61 34
61 20
61 74
61 5
61 74
61 65
61 9
61 72
61 53
61 60
61 0
61 36
61 46
61 0
61 7
61 11
61 46
61 47
61 68
61 1
61 3
61 43
61 2
61 60
61 35
61 8
61 19
61 13
61 27
61 46
61 10
61 36
61 42
61 9
61 50
61 9
61 54
61 46
61 52
61 1
61 56
61 27
61 14
61 37
61 36
61 63
61 25
61 52
61 26
61 46
61 7
61 46
61 15
61 20
61 12
61 43
61 37
61 55
61 23
61 59
61 75
61 5
61 38
61 57
61 19
61 44
61 20
61 68
61 74
61 16
61 9
61 17
61 13
61 53
61 4
61 0
61 50
61 12
61 71
61 12
61 42
61 57
61 71
61 1
61 60
61 71
61 1
61 48
61 0
61 34
61 51
61 2
61 70
61 1
61 8
61 23
61 59
61 39
61 53
61 53
61 22
61 39
61 47
61 69
61 12
61 38
61 56
61 74
61 33
61 26
61 12
61 31
61 19
61 22
61 35
61 34
61 32
61 49
61 45
61 43
61 4
61 12
61 14
61 59
61 60
61 9
61 31
61 23
61 53
61 39
61 36
61 33
61 32
61 49
61 75
61 23
61 26
61 0
61 21
61 28
61 3
61 44
61 26
61 42
61 65
61 62
61 68
61 43
61 71
61 5
61 31
61 64
61 23
61 37
61 68
61 31
61 33
61 25
61 10
61 70
61 13
61 72
61 65
61 8
61 74
61 73
61 47
61 38
61 48
61 5
61 41
61 0
61 75
61 4
61 10
61 41
61 32
61 28
61 18
61 34
61 15
61 36
61 63
61 76
61 34
61 2
61 53
61 10
61 28
61 53
61 19
61 49
61 73
61 65
61 3
61 49
61 3
61 54
61 42
61 22
61 51
61 49
61 65
61 25
61 35
61 63
61 5
61 66
61 60
61 48
61 72
61 19
61 4
61 64
61 66
61 17
61 13
61 7
61 19
61 29
61 8
61 23
61 38
61 23
61 71
61 7
61 12
61 45
61 12
61 72
61 71
61 47
61 75
61 1
61 62
61 53
61 22
61 6
61 71
61 33
61 17
61 3
61 74
61 42
61 1
61 13
61 21
61 51
61 22
61 58
61 0
61 34
61 30
61 47
61 8
61 28
61 3
61 1
61 69
61 31
61 46
61 35
61 24
61 16
61 31
61 37
61 40
61 68
61 17
61 12
61 66
61 33
61 31
61 60
61 29
61 67
61 8
61 25
61 68
61 10
61 64
61 17
61 0
61 20
61 31
61 9
61 75
61 43
61 24
61 64
61 67
61 38
61 62
61 25
61 17
61 30
61 44
61 68
61 69
61 44
61 70
61 2
61 45
61 36
61 42
61 21
61 66
61 36
61 7
61 17
61 1
61 34
61 27
61 72
61 10
61 15
61 48
61 7
61 34
61 2
61 33
61 74
61 38
61 44
61 65
61 2
61 74
61 20
61 3
61 32
61 10
61 6
61 64
61 12
61 25
61 49
61 70
61 51
61 31
61 75
61 66
61 75
61 28
61 20
61 35
61 53
61 1
61 62
61 47
61 28
61 27
61 51
61 32
61 69
61 39
61 72
61 13
61 27
61 41
61 48
61 15
61 57
61 42
61 9
61 64
61 17
61 19
61 8
61 42
61 62
61 60
61 62
61 21
61 62
61 19
61 50
61 66
61 54
61 28
61 58
61 35
61 12
61 16
61 75
61 66
61 53
61 51
61 23
61 30
61 45
61 42
61 24
61 16
61 17
61 23
61 14
61 73
61 76
61 60
61 18
61 23
61 41
61 43
61 10
61 25
61 32
61 31
61 59
61 75
61 31
61 34
61 54
61 76
61 53
61 68
61 26
61 6
61 13
61 38
61 67
61 5
61 33
61 74
61 12
61 51
61 19
61 42
61 60
61 11
61 48
61 75
61 59
61 9
61 60
61 63
61 52
61 32
61 40
61 5
61 58
61 22
61 40
61 5
61 37
61 9
61 30
61 69
61 51
61 0
61 33
61 68
61 62
61 56
61 1
61 32
61 48
61 19
61 36
61 39
61 26
61 21
61 58
61 63
61 55
61 51
61 60
61 35
61 5
61 28
61 8
61 52
61 56
61 40
61 7
61 21
61 10
61 4
61 67
61 43
61 32
61 12
61 73
61 73
61 72
61 16
61 33
61 48
61 5
61 32
61 36
61 62
61 8
61 18
61 37
61 28
61 64
61 26
61 31
61 31
61 39
61 27
61 37
61 34
61 8
61 69
61 20
61 25
61 65
61 58
61 44
61 55
61 34
61 69
61 67
61 27
61 65
61 4
61 7
61 2
61 22
61 35
61 9
61 39
61 71
61 69
61 76
61 1
61 12
61 67
61 28
61 28
61 43
61 23
61 30
61 53
61 57
61 38
61 7
61 69
61 19
61 64
61 23
61 28
61 34
61 62
61 46
61 76
61 71
61 7
61 58
61 1
61 38
61 20
61 24
61 57
61 18
61 58
61 2
61 55
61 23
61 28
61 43
61 68
61 12
61 20
61 27
61 15
61 45
61 16
61 2
61 27
61 72
61 44
61 72
61 4
61 48
61 69
61 64
61 40
61 9
61 17
61 59
61 21
61 47
61 16
61 9
61 30
61 38
61 41
61 72
61 31
61 59
61 71
61 72
61 25
61 74
61 27
61 3
61 14
61 62
61 47
61 11
61 50
61 57
61 55
61 66
61 41
61 49
61 43
61 12
61 55
61 75
61 63
61 15
61 75
61 62
61 67
61 68
61 76
61 76
61 11
61 27
61 71
61 62
61 12
61 73
61 66
61 24
61 21
61 44
61 33
61 29
61 40
61 76
61 62
61 17
61 68
61 50
61 25
61 72
61 37
61 5
61 0
61 45
61 35
61 50
61 14
61 48
61 14
61 40
61 34
61 68
61 34
61 62
61 0
61 67
61 52
61 20
61 47
61 11
61 14
