488 2675 30
7 464 623
445 466 964
288 183 401
124 156 149
86 407 405
283 413 889
486 9 82
486 22 941
128 250 866
342 304 589
214 97 30
225 355 558
307 187 697
161 153 727
62 184 820
83 24 64
297 389 705
337 122 91
42 443 15
93 18 830
428 375 59
190 482 981
83 62 669
199 407 952
269 61 9
468 119 572
350 430 178
310 372 604
453 440 846
328 329 870
194 116 679
396 307 811
445 417 50
73 213 951
257 126 224
435 307 243
159 23 996
95 396 286
163 262 200
134 130 107
313 128 101
44 145 830
212 232 592
42 150 518
299 61 605
481 460 730
77 460 243
247 259 952
15 185 817
88 453 475
273 234 885
401 295 88
200 180 348
332 273 811
34 157 452
422 277 440
467 348 41
128 238 445
113 426 867
176 347 327
251 222 649
23 244 249
380 130 824
359 230 422
385 249 984
397 90 938
386 278 912
327 18 989
227 443 514
417 108 645
469 225 131
195 349 237
256 449 197
449 147 82
328 434 216
127 30 71
249 321 128
187 440 361
101 6 79
479 38 394
226 386 205
218 200 10
97 464 257
211 101 179
83 124 679
309 468 190
167 313 815
389 34 694
307 325 40
470 34 80
65 376 70
90 322 308
22 308 720
442 258 936
150 346 550
265 407 42
100 294 656
264 400 360
472 338 976
30 468 949
74 383 725
283 144 218
13 332 677
9 175 308
422 145 545
96 356 536
83 278 890
350 400 124
387 330 949
387 165 376
432 129 703
105 420 444
304 64 626
96 384 286
313 29 890
125 395 581
62 181 68
487 96 169
73 335 311
5 378 728
142 102 838
130 355 96
315 299 699
29 487 279
90 318 231
131 176 694
14 446 540
125 304 895
11 453 975
34 178 266
377 44 979
253 391 452
92 135 600
71 59 292
137 148 241
246 155 452
280 270 519
317 444 440
24 16 734
33 311 458
339 261 831
113 401 32
246 425 967
266 98 672
8 173 702
380 210 817
339 296 983
86 287 592
303 434 406
292 133 666
392 165 753
63 227 528
140 163 193
42 319 249
107 19 101
92 368 139
465 15 691
471 483 227
208 117 125
50 485 602
432 480 804
81 310 87
360 125 578
430 47 610
155 274 709
254 395 988
98 112 397
150 442 425
309 7 880
426 228 901
2 409 236
340 80 999
226 313 189
480 183 670
468 216 410
348 97 433
266 256 11
430 324 387
44 416 128
21 23 575
483 208 840
219 66 541
28 367 679
353 166 417
332 112 783
83 248 7
346 175 230
37 167 943
181 446 278
375 223 770
365 485 219
288 383 328
467 144 460
166 177 55
457 47 923
208 381 884
8 218 71
97 210 336
37 2 234
440 377 40
387 486 166
251 285 648
226 115 865
256 105 146
115 148 540
139 479 16
400 402 482
393 59 105
59 319 222
233 17 402
85 91 270
82 283 812
302 396 192
366 278 380
89 94 47
291 306 449
470 455 475
449 213 44
425 68 263
356 357 533
20 176 151
56 421 284
453 145 495
425 171 491
52 153 201
447 453 369
12 237 754
194 42 390
104 301 863
328 132 584
412 173 612
449 109 289
207 48 621
304 137 315
386 90 16
422 230 102
468 433 701
401 67 222
52 327 142
149 310 339
455 255 33
38 376 488
303 210 943
59 154 689
418 226 760
195 484 506
114 439 174
260 27 454
161 115 456
16 151 433
385 26 284
64 87 459
351 164 513
28 281 136
313 242 380
476 234 757
222 277 231
72 336 344
410 264 668
361 255 556
195 392 321
146 154 80
237 450 740
440 18 185
305 99 240
463 159 786
375 266 155
198 448 857
352 316 805
285 198 605
275 29 301
28 189 163
34 179 598
229 52 348
224 146 774
322 64 975
117 467 108
288 312 232
449 372 658
35 131 944
142 330 96
157 305 19
359 198 382
194 17 186
319 241 809
384 23 616
257 217 132
65 268 54
102 351 465
112 238 872
228 235 752
185 379 37
136 159 230
399 147 215
88 124 939
263 395 597
153 290 514
474 127 648
96 406 825
422 30 567
8 46 380
317 112 78
130 204 392
199 112 557
131 227 207
388 91 502
42 100 806
10 41 3
106 0 550
62 127 207
450 101 25
122 56 874
288 398 590
54 458 461
161 439 587
320 409 330
423 289 182
433 36 173
201 239 46
478 333 821
258 367 745
227 67 604
473 352 291
117 84 257
294 283 849
75 455 595
279 86 106
482 404 53
442 9 461
217 120 447
41 217 715
462 196 382
378 373 587
3 125 129
443 28 119
373 470 767
127 471 58
33 14 472
406 460 259
220 399 994
71 273 44
96 315 608
165 76 31
414 166 297
112 182 433
320 395 865
3 178 819
6 403 12
438 253 439
257 100 190
5 82 832
271 36 145
34 343 820
368 217 990
183 448 530
195 372 777
213 378 129
4 406 647
270 380 42
401 484 188
176 197 773
207 168 566
81 253 696
124 139 615
424 286 910
319 106 746
308 71 326
402 137 208
226 251 498
302 199 388
253 68 599
135 176 917
423 215 335
307 185 625
38 422 435
405 428 700
390 406 722
413 125 28
299 239 290
163 182 505
451 471 830
144 236 117
150 316 461
88 426 43
405 94 961
78 379 511
294 368 249
115 181 438
156 386 330
412 443 448
241 86 374
387 259 759
150 423 609
4 300 732
127 243 207
446 372 419
212 94 98
99 325 361
420 307 554
420 7 829
400 0 61
286 212 84
195 27 226
75 409 788
122 274 551
221 61 613
327 440 21
290 49 177
211 449 724
412 470 510
46 430 826
398 373 292
126 66 272
60 224 287
194 15 85
259 392 46
485 428 539
110 103 924
188 101 281
99 21 7
23 47 368
197 93 970
300 96 865
241 14 590
456 339 462
255 447 811
398 38 207
458 59 574
372 53 932
236 104 134
438 468 227
395 312 788
220 269 845
264 176 716
407 188 68
348 214 497
393 244 354
13 107 761
180 302 66
88 193 118
306 309 161
274 469 52
239 354 24
191 135 687
165 418 676
346 458 816
420 250 669
79 244 206
194 421 77
155 461 408
43 347 988
118 321 701
140 354 546
98 324 495
97 58 305
3 5 368
486 142 775
228 390 88
154 175 646
120 19 79
433 294 304
24 477 576
484 146 547
59 341 668
283 244 698
351 427 891
278 258 630
121 276 730
129 19 545
295 411 859
78 107 237
373 120 296
213 65 692
319 315 453
71 323 212
265 380 270
22 375 77
346 92 349
7 1 247
370 252 17
0 339 557
245 460 519
56 159 943
323 184 437
71 287 307
14 236 79
346 84 951
109 67 18
357 127 884
152 425 76
440 251 525
444 215 215
228 244 928
173 254 31
105 76 543
271 261 605
120 433 302
47 48 45
318 200 386
394 24 760
213 442 577
10 307 249
267 390 68
250 100 120
295 218 253
297 447 858
346 211 671
241 435 631
157 254 683
255 475 787
294 14 810
125 117 487
293 408 664
379 285 91
399 470 53
278 467 335
261 346 493
259 195 659
325 230 122
309 75 413
258 321 350
57 286 267
478 279 802
478 287 557
90 401 105
113 437 91
367 319 803
148 365 5
23 205 893
306 103 910
470 249 987
45 57 740
176 269 317
417 226 188
144 388 909
396 133 802
443 94 753
364 178 225
171 210 894
416 136 820
334 161 506
321 481 818
310 234 672
389 308 867
419 378 992
51 473 351
424 403 520
264 337 156
318 452 307
36 395 752
42 234 821
478 328 51
309 83 228
71 98 763
353 203 919
324 395 57
219 168 635
441 379 320
340 102 345
3 32 305
411 482 273
440 226 230
58 348 942
392 454 443
275 435 584
435 423 104
245 154 399
192 24 5
265 417 723
414 144 915
95 230 168
136 78 613
424 400 792
56 230 28
403 162 492
352 90 915
180 199 228
285 214 38
266 170 136
469 411 911
142 117 382
72 360 119
294 41 885
174 339 228
482 376 250
14 454 869
53 326 654
323 444 939
89 323 188
300 4 610
338 197 659
50 404 918
242 449 647
182 153 391
305 369 485
451 289 107
432 423 310
11 272 717
101 56 344
55 329 270
36 38 667
430 180 510
396 295 444
291 128 809
178 468 93
339 17 839
29 240 779
293 30 378
407 7 976
291 428 578
126 177 185
481 142 833
267 63 1
75 128 154
317 38 372
63 356 797
209 369 609
426 182 417
180 95 786
127 353 889
264 221 303
365 380 587
431 216 843
172 217 729
191 254 339
20 12 729
437 342 573
356 416 252
142 126 253
447 383 911
124 141 395
13 410 411
403 232 382
4 21 408
28 136 574
404 92 124
152 451 651
372 300 388
292 212 58
244 191 439
53 256 718
302 215 285
428 426 835
478 342 490
1 269 134
478 162 825
463 360 250
347 321 435
164 113 485
335 261 636
218 173 382
273 302 266
391 214 141
191 405 247
318 224 476
19 390 717
329 285 701
242 99 110
154 87 513
403 460 58
386 43 642
107 331 845
99 425 315
67 380 676
31 302 530
371 319 210
120 59 181
444 139 277
278 411 587
408 237 733
436 173 820
309 441 401
123 364 142
430 24 344
69 313 106
233 144 938
282 431 587
466 295 854
245 199 531
386 256 770
197 151 767
284 49 525
329 414 89
191 137 259
463 323 485
152 50 193
196 76 995
42 260 661
209 231 212
388 360 708
390 215 286
244 3 636
73 202 208
449 465 680
221 58 287
320 403 929
66 130 588
79 384 296
292 132 413
252 170 157
280 415 302
363 230 930
84 394 412
81 236 140
37 212 240
461 196 56
374 49 261
255 417 759
190 286 450
339 162 911
15 274 460
484 457 867
325 98 959
42 73 43
245 323 779
23 325 837
177 246 502
315 301 933
120 463 199
29 216 247
371 274 76
300 270 217
107 477 914
177 285 567
368 384 303
428 148 760
217 186 870
226 426 383
305 63 940
411 292 13
100 12 187
327 298 148
358 299 54
445 85 987
64 156 236
221 97 588
49 232 431
330 429 878
231 5 92
453 11 892
57 68 947
349 375 798
192 82 897
19 208 200
282 199 546
402 337 301
48 111 418
384 474 831
351 225 863
64 50 848
250 198 204
324 470 245
206 220 877
449 276 621
269 194 853
411 479 344
467 223 999
140 108 429
243 372 729
17 444 224
405 193 910
328 337 354
182 374 365
400 204 957
364 286 63
416 148 13
452 229 180
399 438 298
365 279 257
90 63 905
474 284 438
165 17 492
313 52 884
478 426 722
310 259 325
239 455 832
365 401 268
379 38 931
99 177 35
182 158 185
154 229 704
128 430 949
323 224 535
317 418 218
93 62 883
211 472 177
399 90 911
340 406 555
254 23 456
367 348 401
68 445 104
150 342 776
444 348 270
191 13 837
220 6 470
419 8 436
168 273 43
268 87 492
130 102 767
29 396 549
414 248 817
320 341 585
22 364 552
453 193 477
370 409 968
285 263 972
381 74 840
164 102 375
247 103 717
58 220 961
263 199 872
235 301 430
280 160 413
183 222 749
379 418 959
134 194 561
357 459 283
409 357 983
279 16 347
438 369 306
432 456 129
201 403 244
305 289 212
104 76 683
446 366 41
162 291 846
199 213 924
385 235 958
472 40 77
153 215 591
401 271 416
95 243 738
394 398 407
66 192 476
270 436 160
298 88 133
443 222 687
356 304 268
256 109 848
22 401 685
168 73 840
344 261 238
58 73 621
134 402 881
280 462 870
241 163 862
123 254 50
108 211 179
224 363 65
30 24 392
237 54 529
424 90 649
325 482 285
181 432 456
51 239 388
378 271 812
460 107 390
131 249 650
196 200 485
71 357 484
183 402 550
175 329 497
416 26 892
324 66 582
256 160 781
464 185 382
37 139 618
242 227 35
157 255 583
324 25 415
71 283 542
98 352 749
112 431 611
467 217 941
71 456 1
84 306 619
35 456 713
288 242 733
29 378 465
178 376 63
431 26 903
305 184 210
96 58 349
394 288 349
47 162 118
18 31 918
33 459 494
95 455 772
103 435 238
302 171 103
152 403 825
452 290 727
358 389 689
64 298 290
19 416 362
257 29 902
278 124 739
46 164 399
393 310 291
182 121 860
183 51 842
379 270 230
387 405 279
338 439 106
198 481 913
114 207 389
296 268 683
261 479 937
59 425 747
390 341 471
295 148 842
102 361 897
158 93 997
171 190 947
7 379 595
329 336 88
216 393 237
281 442 438
183 156 977
420 332 939
163 87 627
448 382 667
400 252 744
288 67 462
32 395 795
185 134 450
176 444 926
147 94 919
396 123 75
320 141 889
398 349 821
115 453 345
130 116 350
260 63 660
113 197 987
485 46 607
360 107 679
157 216 437
284 51 127
309 57 697
294 99 4
438 148 515
405 457 154
73 19 901
63 270 487
114 231 836
430 211 717
300 438 501
171 43 18
205 270 415
322 247 287
161 456 107
358 48 362
131 258 254
464 290 587
112 199 501
129 449 491
388 227 273
73 292 426
7 74 949
33 319 729
112 280 892
14 420 876
462 383 510
23 249 539
245 251 420
177 454 275
108 406 371
292 484 440
106 278 711
266 252 145
403 62 368
206 34 741
233 204 401
467 130 394
477 214 915
54 456 586
91 31 589
304 416 757
135 279 832
352 60 665
112 411 751
331 465 50
384 218 316
384 154 283
199 328 408
403 445 825
149 323 589
23 216 91
337 44 311
476 25 532
426 211 840
16 91 359
312 220 671
468 461 252
434 212 41
31 4 338
87 298 770
358 363 134
141 413 387
483 44 661
24 106 118
420 30 977
342 20 281
276 370 832
381 477 926
174 7 598
87 387 585
339 275 404
7 210 500
246 397 159
246 187 457
124 71 732
183 295 206
9 123 930
143 297 4
80 412 284
157 4 937
187 23 152
3 412 412
400 327 575
27 301 277
268 222 639
53 465 807
432 164 786
349 95 557
293 120 39
443 169 757
244 355 369
172 477 923
345 329 700
427 481 895
293 468 783
58 140 477
356 363 323
164 154 165
368 301 330
66 91 190
294 182 934
104 443 303
75 352 527
263 302 249
314 130 280
321 147 352
279 393 37
379 172 370
167 198 581
293 430 831
240 72 794
471 188 573
15 262 781
29 69 417
49 388 505
72 261 325
452 385 427
204 212 497
152 235 861
206 273 376
264 37 339
261 292 108
149 332 554
14 193 723
459 356 425
477 294 177
95 102 830
184 251 375
51 393 587
15 3 448
100 358 86
432 444 876
117 380 802
220 77 873
270 477 340
273 408 128
466 181 634
362 79 81
121 303 41
448 7 227
375 45 76
353 367 818
52 115 768
272 66 10
451 71 118
342 224 447
88 43 828
383 37 661
184 340 190
275 288 846
217 204 118
135 0 22
343 382 557
8 229 363
205 151 994
334 391 194
162 479 804
64 264 108
448 144 370
352 465 811
104 422 322
472 222 874
302 238 65
316 385 881
135 429 809
316 160 667
216 439 52
333 23 119
487 355 120
271 296 708
337 270 758
22 337 720
455 340 278
67 148 665
372 246 399
189 243 864
338 23 88
471 361 185
311 2 310
431 353 128
329 469 200
411 436 777
78 353 642
423 476 753
0 88 131
268 70 378
291 207 563
190 161 874
33 80 165
422 195 636
311 303 74
209 73 68
353 476 451
332 351 686
148 211 737
31 52 990
139 83 704
116 390 991
42 391 821
222 408 277
480 74 162
349 181 685
388 385 372
386 308 409
147 28 44
400 483 688
166 375 891
193 198 87
222 402 108
169 308 193
181 285 991
28 174 437
140 4 351
150 173 565
1 396 215
250 90 365
63 27 280
78 44 979
464 429 822
272 191 599
186 36 482
434 53 162
467 277 385
269 179 419
205 435 558
477 148 92
37 352 290
429 391 460
35 260 750
117 252 496
15 65 158
386 337 389
86 163 494
40 374 111
452 76 58
17 485 931
296 260 919
217 381 338
276 372 410
77 420 348
220 40 879
18 320 977
300 460 88
14 134 415
14 6 98
181 118 131
79 234 869
165 449 994
323 333 133
156 419 783
164 463 895
388 389 404
367 115 743
158 325 637
359 77 719
79 339 211
88 369 30
83 219 519
223 270 776
427 469 232
442 56 382
149 142 170
354 226 663
245 320 771
242 337 908
273 51 680
304 220 808
256 49 186
344 452 660
175 92 138
237 100 418
452 387 193
353 164 688
15 336 672
259 232 396
350 415 216
349 293 230
231 428 776
211 225 816
403 302 359
377 379 970
432 8 238
34 340 883
207 64 79
73 77 456
87 320 399
85 224 415
209 106 299
454 103 89
225 185 482
167 294 996
422 264 674
286 226 640
84 227 369
312 199 588
289 45 627
327 386 503
16 97 470
212 48 350
455 182 857
273 318 108
445 438 537
383 413 288
143 387 160
131 260 126
58 205 875
190 301 309
42 417 844
118 299 31
474 207 416
4 216 829
480 38 854
82 234 117
323 427 303
87 366 168
193 34 640
377 151 170
36 273 737
301 320 438
79 75 768
362 220 611
218 342 6
336 322 470
85 234 416
34 171 798
149 249 981
107 320 646
149 206 736
199 160 804
120 366 867
22 95 668
139 408 227
326 141 788
258 126 504
17 121 678
367 232 824
252 242 583
173 20 934
296 313 1000
158 311 43
351 122 898
132 219 264
87 272 297
454 446 559
232 105 550
366 201 104
298 59 495
453 331 843
467 262 472
393 211 124
195 35 261
190 483 248
451 297 691
467 259 912
122 131 220
148 75 751
96 440 207
467 206 429
359 253 953
200 345 619
34 284 212
185 20 349
89 38 710
443 62 366
56 223 707
361 433 583
35 101 507
201 438 396
224 106 283
415 245 335
29 431 234
474 215 839
468 110 99
53 458 702
155 102 90
429 51 223
329 355 853
17 483 958
167 327 128
88 13 721
180 109 5
32 93 250
19 149 126
110 259 368
65 351 989
427 80 931
164 368 533
334 128 87
246 288 541
218 487 894
17 185 462
477 54 223
97 66 901
452 222 57
118 264 155
398 271 550
407 254 434
40 365 882
316 113 81
223 412 743
128 204 313
353 460 444
61 455 878
3 297 708
25 29 464
324 401 466
309 375 49
12 423 469
186 293 805
6 62 439
227 150 976
46 321 602
217 326 238
89 207 105
383 183 487
205 332 741
480 175 369
349 296 175
333 406 314
24 270 529
204 239 810
284 354 905
200 282 715
152 447 245
308 414 984
3 96 924
390 318 213
3 409 144
359 161 285
138 405 713
457 479 238
75 212 777
400 186 318
177 103 255
13 159 529
176 76 391
51 364 304
257 379 892
71 284 673
78 305 328
158 57 543
154 36 592
354 91 253
296 194 1
111 215 165
222 274 321
483 250 109
287 75 781
6 323 701
473 36 893
288 483 94
191 281 296
393 155 938
476 428 37
40 23 971
337 253 827
443 156 8
403 246 972
34 466 958
254 359 153
407 64 735
176 218 921
193 267 293
196 311 811
302 76 784
475 293 165
209 52 14
37 31 836
264 21 589
249 119 620
312 275 463
453 396 152
203 386 769
413 261 925
114 258 444
84 468 49
286 86 319
242 200 883
468 235 55
5 442 845
226 36 395
395 166 469
32 164 532
433 285 865
48 118 89
248 240 885
154 436 661
108 25 60
178 24 999
220 82 185
461 182 382
259 2 629
411 0 458
359 443 361
315 193 752
166 353 390
25 305 65
57 164 726
369 326 540
479 62 91
140 284 462
390 382 635
217 258 943
237 397 610
90 348 34
40 28 86
246 467 960
269 205 288
391 469 453
5 114 341
71 236 464
103 14 90
176 368 360
273 248 132
382 383 100
368 105 865
61 237 506
121 6 270
332 238 401
162 179 550
35 380 63
358 472 345
180 87 72
267 333 612
473 63 737
40 349 448
361 383 668
274 137 314
52 37 742
95 266 198
212 324 395
92 459 649
405 218 640
289 360 887
236 9 916
323 122 278
192 478 795
448 427 745
366 236 434
285 326 461
388 70 264
18 208 395
80 314 527
464 75 491
58 364 737
38 430 335
431 283 344
282 84 503
55 181 81
430 475 334
386 424 888
12 458 457
483 75 653
124 241 433
185 29 267
322 110 923
203 236 835
285 4 678
115 369 497
28 375 989
398 358 924
405 200 720
220 81 928
133 365 764
350 369 227
296 82 105
16 72 585
74 361 92
394 285 853
199 359 562
57 198 218
268 83 59
86 110 337
277 77 223
246 196 220
96 240 595
31 125 582
282 48 229
50 296 310
136 291 511
196 46 37
303 454 393
66 219 573
76 452 690
418 8 629
66 210 859
473 165 852
76 297 65
33 419 783
55 64 686
281 73 653
292 160 866
214 120 550
48 61 579
76 139 215
15 422 779
93 108 813
141 81 215
338 469 255
24 274 46
261 429 539
145 142 710
428 18 703
102 225 752
375 401 66
468 359 158
372 23 696
257 79 243
472 157 748
253 283 608
276 273 296
148 131 234
391 148 716
178 184 491
462 120 847
229 429 409
479 328 146
251 252 652
427 325 42
310 235 672
13 377 193
395 58 767
21 103 788
485 280 273
149 466 924
283 258 739
124 413 865
439 364 855
257 244 783
406 77 298
342 223 302
306 156 74
266 42 915
404 159 192
415 148 643
188 353 546
186 199 155
406 404 46
22 249 729
238 29 594
68 272 296
376 454 746
144 402 924
226 456 743
5 389 673
232 76 709
23 152 335
405 340 926
114 93 285
469 106 801
11 269 541
245 103 846
102 24 976
288 246 998
324 345 219
140 184 862
329 63 857
30 239 949
441 312 204
174 337 952
59 21 268
255 184 270
453 473 428
198 142 710
58 186 259
28 161 898
266 443 934
352 366 676
375 125 284
77 262 364
417 482 23
15 408 171
372 5 943
264 25 452
337 244 956
357 436 350
257 233 893
21 91 713
197 178 336
135 270 219
166 487 174
346 452 419
147 206 814
216 0 249
17 56 74
363 159 247
76 433 797
190 57 616
74 378 252
72 367 829
105 360 274
473 2 901
23 158 497
353 257 307
420 386 565
53 367 412
196 479 588
257 483 698
3 252 856
449 431 81
301 157 681
111 383 474
72 381 207
369 94 175
273 369 689
286 33 225
190 440 536
53 13 700
64 9 252
4 358 21
89 48 922
7 176 163
477 220 433
311 218 510
305 424 953
379 184 778
400 133 382
264 439 836
36 455 62
169 152 739
49 337 290
480 122 638
419 436 351
350 2 766
234 302 581
376 467 440
180 451 368
415 268 558
299 71 104
260 338 781
339 216 63
61 79 973
282 233 986
19 409 151
447 161 335
170 173 577
236 212 278
452 136 934
209 399 188
0 181 754
195 102 623
441 6 482
379 93 101
228 369 721
303 14 195
451 295 964
285 394 774
301 147 864
216 20 881
467 477 921
72 388 676
97 239 630
447 70 956
204 103 774
210 312 130
63 175 79
323 273 273
373 2 74
199 277 711
126 40 234
226 103 233
420 330 788
132 79 737
439 356 259
259 411 485
394 152 161
193 217 206
160 231 818
436 422 991
112 438 680
434 322 947
27 373 715
261 142 905
338 334 152
32 20 51
35 71 197
41 436 391
382 97 752
485 254 87
54 441 888
65 216 259
159 305 387
384 386 56
452 80 830
90 372 832
156 189 173
84 42 614
269 295 480
146 166 925
10 94 25
314 86 503
375 238 387
322 331 232
362 240 506
34 465 13
118 253 1
127 386 952
138 50 224
436 140 50
190 115 603
338 153 405
33 269 562
450 302 134
413 316 274
412 330 673
89 10 811
114 233 768
209 251 461
44 213 82
475 146 260
187 317 698
299 73 358
218 476 856
111 325 126
478 233 604
109 293 604
350 209 689
248 315 887
421 106 684
117 192 603
253 422 593
414 212 648
262 170 680
107 360 423
35 416 786
8 325 599
381 454 57
406 482 983
374 297 934
370 361 732
221 306 657
285 350 764
435 139 195
135 146 118
427 84 637
168 275 64
349 221 332
59 62 769
375 158 692
144 366 809
196 191 772
408 387 648
73 291 493
213 353 991
269 2 542
148 28 221
441 435 886
97 92 559
158 205 61
193 171 311
482 116 786
2 311 513
467 107 429
279 308 275
463 8 604
354 320 856
311 292 605
248 310 757
394 243 439
441 231 649
455 10 925
279 41 230
187 310 483
398 332 19
67 464 947
242 404 268
439 413 104
318 431 950
185 81 459
392 178 872
414 134 277
247 20 213
218 308 239
1 321 30
358 362 624
75 366 328
254 128 322
359 171 524
350 123 261
384 345 156
63 171 986
16 190 470
207 479 171
340 33 537
386 10 459
144 268 814
142 303 179
144 315 461
124 182 265
92 456 539
198 159 300
263 243 83
410 154 848
12 386 470
378 277 489
114 200 210
436 359 270
324 377 563
73 157 786
464 342 912
448 31 44
203 108 996
339 442 520
134 90 336
466 217 344
36 160 272
461 362 770
37 375 291
244 456 253
275 445 393
468 93 704
57 147 298
404 338 812
414 465 523
285 170 260
120 379 389
228 45 974
141 261 539
276 26 618
315 166 189
21 125 960
282 234 359
236 300 645
295 280 859
113 27 223
340 69 73
285 352 776
280 440 189
366 301 715
119 314 673
287 158 893
89 404 784
432 412 54
173 264 262
179 132 708
176 202 123
247 283 47
382 190 24
271 264 440
74 132 930
487 259 342
467 154 827
472 3 808
440 288 929
273 172 610
150 55 732
436 438 68
467 40 762
37 351 66
233 114 36
386 244 327
450 35 222
357 196 525
162 385 947
56 304 171
445 177 991
120 299 482
28 316 902
453 297 471
315 100 228
465 187 923
197 324 439
468 479 771
35 231 609
156 330 975
431 56 981
449 310 815
446 371 242
293 152 495
168 392 684
375 142 158
406 410 174
77 463 838
226 157 177
100 324 43
157 133 992
235 162 746
68 256 721
103 229 898
298 200 798
402 430 174
331 15 943
267 476 912
188 429 481
380 464 758
164 318 985
83 481 38
253 13 270
177 236 148
50 130 111
5 429 563
182 151 832
370 236 99
280 20 955
127 67 871
173 120 636
349 286 752
177 107 864
423 6 522
452 7 369
84 317 395
296 459 597
134 252 465
200 356 218
302 83 134
272 224 529
215 373 369
429 1 619
227 456 105
130 345 507
3 123 226
306 229 972
146 62 350
139 197 990
29 189 38
417 416 125
341 244 84
148 114 559
206 482 919
53 69 908
79 201 594
375 290 489
269 381 563
471 228 838
136 127 748
464 13 623
364 8 827
290 156 827
398 389 820
477 372 873
57 192 59
174 75 838
7 344 849
99 268 528
247 97 511
175 351 468
3 190 754
231 76 481
222 217 127
404 464 714
190 110 16
412 478 95
233 68 291
198 227 447
348 88 392
101 191 985
126 149 645
342 269 83
176 175 419
239 219 752
276 227 445
307 32 549
280 323 234
201 13 796
183 14 634
155 67 913
447 445 985
82 156 809
203 276 910
466 298 272
265 423 91
376 381 762
31 438 517
140 382 753
280 385 362
315 306 452
16 59 918
45 189 633
122 233 242
1 64 200
318 480 762
33 42 917
485 339 603
392 353 476
112 73 965
363 436 453
210 343 284
80 11 304
394 56 884
48 47 857
440 258 285
90 95 660
249 13 109
188 145 242
288 31 987
408 243 583
111 304 42
324 111 123
278 281 152
393 386 480
397 426 756
471 163 868
90 6 688
444 433 618
114 273 36
39 22 282
49 314 903
43 302 992
300 220 70
189 139 164
401 485 107
263 200 401
31 350 457
477 308 345
374 299 56
56 485 752
21 458 49
104 319 606
351 271 181
7 457 958
465 271 701
136 382 491
360 259 91
480 275 901
309 35 816
74 485 942
57 273 537
114 420 845
252 266 890
103 358 411
87 409 217
367 272 278
144 194 841
431 333 320
458 135 868
378 53 455
191 32 137
485 264 907
105 43 362
326 219 309
348 460 380
152 126 60
60 297 306
52 269 148
485 344 248
256 48 378
314 11 119
408 366 357
407 285 276
279 102 937
384 365 855
459 417 128
154 269 450
56 106 413
242 213 799
265 94 481
64 470 565
0 350 108
134 256 605
430 85 713
94 260 701
344 117 818
447 122 567
265 223 764
297 295 846
435 416 533
388 162 136
223 156 460
480 237 883
477 128 763
171 57 806
49 95 837
330 307 810
388 427 847
149 218 333
116 27 234
417 359 457
282 383 702
146 375 570
123 271 896
98 456 393
464 407 260
384 121 102
29 244 264
204 377 9
145 417 860
90 119 283
378 151 655
139 278 15
259 452 529
346 297 787
452 111 362
8 183 194
235 292 149
150 87 409
277 29 137
345 455 482
41 268 165
156 47 954
484 158 59
61 446 564
83 65 268
12 54 718
314 241 428
480 8 79
180 75 936
257 269 39
133 346 24
324 58 935
307 269 461
371 348 297
437 422 330
145 444 174
365 117 876
268 362 73
292 432 421
163 416 504
52 398 282
38 276 476
159 319 234
460 262 247
163 228 142
214 201 489
99 396 504
3 461 152
396 246 389
286 302 424
313 432 85
335 202 398
72 247 834
171 308 857
484 131 962
215 465 474
148 428 448
470 188 321
181 75 804
130 388 933
183 408 662
124 250 551
176 410 484
312 236 397
430 360 378
161 449 368
90 200 73
70 200 146
437 439 523
462 38 57
119 373 5
217 431 517
3 468 265
217 378 962
91 16 929
33 140 736
29 83 162
322 277 565
14 273 599
63 427 15
369 343 930
75 461 900
294 350 506
204 254 56
240 145 698
301 50 728
126 48 550
348 39 110
157 161 124
8 175 237
390 144 77
459 205 317
262 274 96
465 266 853
439 245 13
462 442 582
101 360 701
316 372 936
239 297 73
339 283 309
103 430 168
356 348 924
200 424 794
347 252 393
291 147 820
60 75 533
382 229 311
201 51 214
340 257 913
404 423 321
468 366 745
180 61 614
69 20 716
18 253 693
46 186 731
164 483 876
43 301 329
405 197 467
155 363 867
137 184 664
113 481 720
26 194 740
101 76 674
20 319 850
261 36 549
394 94 411
256 21 840
457 194 928
465 88 634
79 190 789
381 106 636
392 120 621
128 444 606
428 354 663
48 208 444
169 427 872
159 477 179
168 171 992
147 320 862
2 142 802
220 61 260
27 127 295
408 262 792
255 230 656
333 277 974
375 406 317
429 409 639
476 281 791
91 141 513
348 379 417
205 296 78
469 142 262
315 402 408
316 69 91
253 195 213
16 68 530
251 318 873
174 233 640
3 237 715
295 233 297
115 458 253
418 211 846
245 224 809
401 45 881
175 34 871
66 284 339
202 387 581
277 361 370
74 130 960
387 54 818
343 243 288
366 377 79
64 167 577
386 306 75
310 282 474
457 391 765
223 404 373
276 68 851
268 125 867
282 72 894
323 353 542
315 3 837
47 291 34
96 314 903
43 100 477
10 215 631
136 300 592
254 345 957
143 421 964
235 343 937
477 164 645
405 407 238
339 385 554
187 414 741
28 467 776
426 155 763
247 278 310
455 4 812
28 288 154
437 86 242
199 334 684
160 43 820
89 228 509
9 171 579
332 173 76
127 136 407
398 352 673
310 122 360
224 155 343
356 145 89
224 210 437
66 100 232
275 208 248
329 46 748
136 391 810
287 394 95
203 198 571
369 86 6
291 459 777
293 302 614
394 36 358
421 220 578
334 317 816
333 75 112
80 228 432
100 378 695
200 137 975
347 269 142
89 6 436
459 42 899
89 350 993
271 83 875
9 3 967
364 398 327
23 185 376
231 167 954
79 251 764
300 222 713
256 485 284
91 322 743
302 55 131
337 301 268
256 201 262
261 190 620
150 377 917
11 121 738
437 236 389
251 343 488
43 161 227
207 242 216
88 163 200
358 159 416
63 287 444
76 179 338
279 428 245
224 370 195
455 297 527
410 451 188
72 332 88
279 61 56
127 203 818
94 341 76
440 181 963
474 311 651
242 269 786
205 454 48
49 374 68
166 229 28
434 134 409
60 471 276
26 461 43
412 482 306
192 135 450
261 304 694
227 487 59
268 145 151
182 140 283
453 41 762
282 159 112
72 256 865
227 86 374
450 38 667
200 193 247
368 2 397
421 285 573
306 108 518
319 220 472
175 38 259
434 399 693
77 361 589
189 227 128
424 201 831
113 84 503
290 44 279
153 168 258
292 428 166
338 32 215
200 86 686
151 70 411
248 432 972
254 297 312
197 34 139
179 312 740
4 433 302
215 41 100
389 286 921
33 257 582
121 50 951
475 170 507
54 267 40
124 24 292
315 459 183
206 4 906
449 42 585
390 364 223
105 27 479
161 206 224
322 0 500
261 59 516
422 8 322
99 80 442
174 248 52
170 93 780
461 292 382
53 396 485
16 247 565
64 366 651
60 113 894
410 413 714
199 59 835
400 280 282
457 291 355
182 412 874
113 269 714
140 142 852
226 77 926
388 30 155
378 462 144
340 271 196
332 163 162
73 201 824
443 224 192
426 337 711
354 253 154
173 269 47
56 413 401
67 140 469
148 222 605
31 262 144
471 325 187
305 329 763
82 278 260
396 326 687
410 263 824
405 425 321
225 251 29
264 258 863
70 180 558
119 275 291
373 305 473
67 113 186
479 109 181
4 422 497
384 129 398
350 426 422
225 78 512
147 187 768
451 328 25
351 357 544
366 404 245
183 116 388
483 107 934
254 25 635
145 194 402
306 248 245
53 239 555
367 138 785
187 76 302
280 297 391
226 281 281
307 131 750
6 390 62
162 41 424
93 219 678
231 181 572
120 412 980
398 435 496
81 27 857
196 261 983
133 45 569
363 469 457
452 49 473
434 36 177
469 336 326
385 216 183
255 157 788
286 294 452
90 407 534
50 71 596
190 140 658
348 146 153
90 236 161
333 465 714
359 365 655
483 40 753
252 116 51
180 5 939
375 293 103
455 383 690
440 17 977
318 189 174
177 331 372
239 308 794
119 236 614
357 453 656
96 232 489
456 214 102
323 248 728
110 55 953
298 233 98
230 84 490
418 387 729
14 279 2
151 85 117
212 85 674
30 386 583
256 260 828
39 358 159
481 171 385
256 306 925
392 193 246
383 483 199
320 156 237
91 297 858
43 200 990
129 54 47
93 385 80
196 468 281
161 313 410
403 209 136
154 420 703
427 355 897
95 70 795
400 359 813
433 106 594
82 294 988
375 346 269
21 453 607
405 368 906
158 256 490
53 282 915
32 359 618
127 264 698
369 321 18
76 463 60
120 283 704
413 254 8
159 311 196
348 160 825
99 163 608
482 484 597
203 146 193
382 446 740
329 214 43
113 55 577
292 427 772
195 111 477
312 319 177
260 388 211
115 299 493
74 245 293
57 378 553
96 461 874
428 288 787
96 449 993
102 314 133
284 379 802
250 205 670
18 407 511
320 477 408
109 133 102
357 118 88
301 251 874
109 125 816
454 487 800
128 455 448
95 17 43
60 132 565
395 151 375
78 219 937
128 263 865
40 247 676
172 165 485
338 161 892
311 84 779
96 263 808
275 152 358
456 207 59
417 34 600
115 7 650
382 422 553
36 170 168
168 163 270
450 104 911
474 141 927
17 452 244
366 10 767
288 286 61
461 209 705
37 298 113
163 183 956
422 28 946
325 298 25
141 474 663
114 239 656
50 385 866
461 20 145
426 303 761
422 114 940
45 84 144
52 44 426
217 222 995
151 261 91
438 193 251
348 93 122
417 449 526
272 41 125
49 239 814
62 333 197
344 275 56
300 197 196
72 304 178
310 158 983
452 260 289
172 469 670
481 404 153
132 4 778
212 172 98
130 314 29
46 90 555
130 161 494
67 68 6
43 246 101
229 133 791
262 366 616
355 430 216
32 162 271
127 337 766
282 298 632
392 22 356
223 266 895
384 243 881
305 9 530
217 263 978
64 102 645
345 59 322
174 482 494
37 93 100
157 419 331
371 100 313
258 445 495
19 245 831
393 111 370
382 453 222
126 12 5
11 214 800
477 23 491
396 147 102
451 81 925
303 197 960
365 272
129 178
334 105
195 740
81 618
126 328
174 862
328 305
189 193
155 822
476 402
30 613
7 997
420 174
279 942
235 343
151 394
242 274
137 858
374 748
391 75
354 468
296 317
85 737
152 545
147 99
476 387
314 177
87 571
463 15
443 827
30 693
109 257
308 640
346 617
102 608
195 43
116 296
84 429
313 756
112 718
182 982
239 610
366 1
232 562
168 549
337 295
184 821
196 426
182 735
284 359
44 444
221 890
268 636
198 561
141 717
319 25
294 834
262 539
289 688
487 222
426 907
281 55
278 579
123 571
399 358
479 551
13 657
461 649
358 41
351 813
227 213
107 78
410 998
110 424
225 275
19 197
291 439
255 83
294 564
262 602
221 2
73 308
44 759
476 924
400 297
360 261
164 748
431 705
380 961
103 748
249 679
212 380
303 102
328 90
298 901
216 425
221 475
170 136
248 824
474 714
463 723
3 978
48 737
210 189
155 807
166 728
256 991
276 952
449 471
458 584
105 543
307 869
178 188
34 884
108 536
158 284
342 199
33 52
127 294
153 47
406 693
126 919
5 648
3 803
475 406
451 876
342 835
216 434
395 690
153 850
279 737
117 531
418 997
207 468
59 204
55 601
211 219
354 393
318 925
166 249
382 38
397 117
52 725
257 497
396 249
391 109
168 556
196 321
176 541
43 44
123 842
198 293
23 991
306 815
248 979
243 344
232 224
94 185
69 526
240 501
436 606
33 808
130 903
215 571
16 202
385 217
395 29
327 326
320 889
1 661
467 214
34 444
436 951
181 911
104 88
279 1000
52 598
417 138
212 982
246 181
163 700
20 307
225 141
84 397
380 262
421 78
63 489
55 234
53 223
224 655
429 230
456 50
132 591
6 542
208 22
256 23
402 443
465 511
445 567
344 78
243 538
125 958
130 907
455 991
463 116
422 297
124 357
224 895
251 271
401 464
359 975
264 357
48 668
325 951
333 379
5 453
405 994
265 359
158 127
184 609
360 931
445 372
399 503
127 81
112 939
127 273
342 46
97 474
221 286
45 274
245 540
143 494
474 526
382 107
315 35
62 393
304 834
438 518
384 637
95 932
48 160
106 772
405 165
69 452
331 605
39 178
302 11
133 698
11 84
307 820
15 664
283 223
305 163
38 687
458 610
278 271
37 390
146 472
173 63
59 272
11 117
481 30
471 43
258 653
69 350
467 474
383 326
10 770
289 103
388 152
9 612
481 351
285 227
22 978
447 260
106 101
317 682
5 313
10 151
100 657
457 897
470 622
86 900
209 969
287 623
157 355
198 928
92 755
144 816
340 471
180 472
388 499
74 589
17 892
79 177
375 444
434 256
477 976
53 238
438 885
147 966
394 939
343 874
221 588
259 321
56 350
84 441
88 538
133 630
254 679
66 596
301 273
337 459
218 862
376 105
201 765
413 911
385 610
141 587
433 496
345 995
68 25
198 943
434 855
82 593
367 496
415 721
184 665
253 919
398 801
420 173
205 626
437 252
1 974
90 724
461 537
314 202
248 646
142 902
173 280
34 632
93 854
421 510
239 586
12 714
297 985
271 654
166 410
355 442
23 309
440 639
323 15
307 830
207 786
123 524
208 138
52 253
314 421
87 581
95 547
192 126
224 933
332 850
480 148
235 241
440 691
65 712
308 30
463 788
19 407
100 358
442 696
382 754
208 722
156 34
378 183
258 836
22 889
315 136
481 748
148 91
186 805
139 533
405 738
89 619
389 865
65 392
105 905
303 353
369 727
348 262
255 484
170 965
7 266
277 110
41 773
473 465
286 80
444 746
184 335
130 492
257 803
385 504
17 599
324 372
298 923
13 71
166 237
81 358
350 497
65 813
466 712
111 762
309 152
294 650
106 388
54 329
69 439
105 305
309 550
307 943
43 178
236 509
416 368
27 24
92 119
345 722
181 898
416 155
417 335
95 873
461 22
381 745
426 927
433 274
64 427
243 940
310 131
177 824
253 110
24 201
136 663
376 11
22 793
453 184
28 510
326 571
461 61
149 73
208 689
401 253
347 384
406 943
392 353
470 454
28 391
466 853
335 320
253 781
374 651
213 439
186 520
100 603
483 746
382 102
147 854
127 366
371 369
3 233
152 61
88 528
421 882
132 385
440 681
423 983
157 575
277 777
138 683
7 207
463 880
136 142
233 865
396 598
217 422
237 335
302 13
239 769
411 426
344 414
87 448
99 385
162 387
130 192
24 374
269 193
136 372
282 326
87 50
136 45
24 409
136 111
99 39
411 417
136 482
344 371
87 281
411 457
269 339
162 204
162 118
87 435
99 413
24 455
87 169
282 352
87 466
162 8
