27 491 1
26 8 696
1 6 715
10 9 649
4 2 805
23 6 725
19 1 912
26 21 775
20 12 670
8 0 900
23 18 38
22 25 649
10 16 491
23 19 158
6 19 362
20 15 766
3 11 285
19 21 302
7 6 14
16 1 443
25 13 659
15 16 951
23 4 486
22 11 195
3 22 861
9 3 239
18 20 670
4 17 621
15 26 216
3 14 38
17 24 414
3 15 601
11 13 773
15 7 903
7 15 829
21 1 452
11 15 348
11 10 585
3 7 242
25 19 776
26 4 882
21 5 477
10 24 174
4 5 284
18 17 93
10 15 724
2 24 883
6 14 38
17 26 710
9 21 833
24 2 63
9 7 258
1 15 459
8 3 987
16 15 754
5 7 595
24 1 916
10 14 6
6 1 155
23 21 170
2 26 235
14 20 699
10 23 67
21 26 245
20 11 516
3 18 249
9 6 616
10 8 894
19 14 204
19 20 846
22 17 404
17 25 99
6 20 62
14 2 581
17 15 530
7 5 400
4 19 6
7 12 190
13 0 511
20 25 383
1 25 101
10 13 432
6 2 175
14 26 231
12 14 17
2 6 375
10 19 251
8 24 732
20 8 581
9 23 668
25 15 200
10 25 192
4 25 65
0 13 923
6 10 303
2 12 685
12 15 45
3 4 31
17 13 443
21 17 855
22 2 622
26 5 546
22 1 769
2 17 470
21 7 450
20 24 453
18 13 44
21 9 620
5 26 284
5 23 455
20 10 661
18 19 538
20 18 279
12 26 777
12 21 460
11 23 493
1 24 160
14 1 82
2 10 208
11 25 536
13 5 327
9 2 144
12 5 877
9 22 439
18 16 563
16 4 320
16 22 397
6 21 848
19 18 587
11 8 247
13 25 587
16 18 716
13 17 593
7 10 133
25 26 983
3 0 500
4 11 579
20 16 218
5 19 667
15 2 376
17 4 353
26 9 8
8 12 472
21 14 428
8 19 528
25 14 679
19 23 528
9 20 516
3 5 876
9 16 260
26 20 9
15 5 457
26 1 716
4 22 158
19 10 350
18 9 733
13 6 39
17 12 647
14 18 857
21 25 152
23 15 235
3 20 980
22 6 937
22 3 567
19 5 488
16 25 437
0 2 282
21 23 819
1 2 565
14 3 972
8 25 881
16 5 376
19 16 819
20 5 771
23 8 861
20 7 662
7 17 383
16 12 259
26 18 20
15 6 948
11 19 933
20 14 782
9 0 415
2 15 274
26 13 278
5 25 235
18 7 621
9 17 146
7 19 27
2 3 455
14 9 565
12 19 325
15 19 733
7 20 589
18 1 7
7 25 677
18 3 649
11 7 236
13 10 743
15 17 536
6 4 877
5 14 282
11 17 874
0 4 2
1 4 356
15 10 86
24 10 901
24 21 48
20 19 3
20 22 534
3 1 717
15 18 903
25 4 635
12 22 227
25 7 257
23 24 298
2 4 3
8 1 808
2 22 403
9 4 873
17 22 977
14 23 597
5 4 963
1 19 95
13 21 981
2 13 358
18 0 6
20 3 224
9 15 0
22 26 735
1 12 549
5 12 61
11 18 102
23 9 817
9 12 881
4 20 423
16 2 908
12 17 561
12 1 503
24 5 35
1 11 189
4 8 47
5 1 363
25 1 877
25 22 581
0 10 703
25 17 43
12 18 468
0 23 217
11 2 10
20 17 47
0 14 921
19 15 707
6 24 847
18 14 656
12 0 30
7 22 687
15 3 905
24 8 700
21 3 15
21 8 138
8 22 942
26 3 825
4 15 118
26 19 317
2 5 163
10 21 392
23 16 646
16 0 941
7 0 726
11 12 924
17 8 298
1 17 895
24 22 313
18 10 867
24 6 696
18 21 945
2 7 708
0 20 764
14 0 440
20 9 907
24 17 813
12 6 571
12 3 165
10 17 338
1 5 224
5 9 422
6 9 619
16 13 906
25 20 81
22 13 207
16 26 994
25 8 795
13 15 624
4 16 783
23 20 795
5 0 581
13 22 751
22 0 528
12 13 187
3 25 414
0 6 18
14 4 598
22 10 475
16 8 682
0 25 994
13 24 178
21 22 667
11 26 518
18 22 448
23 10 672
23 1 810
15 22 63
22 8 788
19 8 659
24 13 590
5 18 622
5 22 354
0 24 215
20 0 698
3 10 717
5 20 855
4 3 179
2 18 630
25 9 705
15 8 370
16 23 903
2 25 513
9 18 699
15 13 970
0 19 426
19 17 409
21 20 907
21 24 292
1 26 476
2 16 352
4 18 266
9 26 768
22 14 54
14 25 283
25 3 339
25 11 260
26 17 275
18 2 544
15 0 598
6 8 201
9 24 284
26 6 803
15 9 958
6 3 549
0 9 682
7 16 358
6 0 621
5 21 631
24 16 443
21 13 946
24 9 133
22 15 460
1 13 242
12 25 894
19 24 790
16 19 641
24 25 132
0 8 669
8 14 572
14 15 620
7 14 663
20 2 819
3 23 617
1 21 441
14 8 707
26 24 750
24 0 299
10 6 612
9 10 444
1 7 36
11 14 889
0 18 991
18 6 521
17 19 861
0 21 32
11 6 181
16 6 151
21 12 717
23 13 337
2 21 900
16 21 640
15 25 401
7 24 270
14 6 540
6 11 539
10 22 4
23 3 369
22 4 109
14 22 878
11 0 946
5 16 180
8 10 644
3 17 4
5 17 920
13 20 547
7 4 130
24 14 962
21 4 224
22 5 91
19 7 611
14 21 9
22 24 567
26 23 922
19 22 686
2 9 409
3 19 250
12 24 607
22 23 14
17 9 393
17 2 28
25 10 682
8 16 461
0 16 607
21 6 529
1 23 545
2 20 577
16 7 982
14 5 254
8 7 159
4 1 62
25 0 153
13 1 376
8 2 122
13 12 748
10 3 548
9 14 239
5 8 254
11 16 214
24 7 872
4 26 209
12 7 363
6 12 201
12 4 194
21 2 262
19 12 982
17 3 502
7 9 51
23 5 296
13 26 445
18 5 249
15 21 523
14 10 898
18 25 228
13 19 485
12 8 543
8 9 626
20 26 116
21 10 849
24 18 714
23 2 625
20 23 818
15 11 839
14 7 521
24 26 60
11 1 49
3 21 598
13 18 950
4 12 243
7 26 350
25 24 57
25 18 794
19 3 75
15 1 147
17 16 646
25 2 383
12 20 245
8 11 533
13 7 599
6 13 523
23 12 409
13 11 798
10 7 590
19 2 651
6 17 927
4 7 527
26 7 34
13 2 244
8 13 667
4 6 610
12 2 122
4 13 405
13 16 916
1 0 533
8 26 632
11 22 389
1 8 351
21 205
6 101
9 630
21 31
18 47
21 263
26 354
3 760
26 439
13 501
14 887
7 128
21 742
17 594
20 161
20 272
23 205
3 112
15 266
26 957
15 928
14 129
15 396
26 672
4 741
20 350
7 768
16 17
