156 2850 7
100 142 1
35 61 1
95 36 1
126 119 1
37 108 1
31 25 1
131 7 1
105 112 1
136 31 1
84 127 1
154 21 1
60 65 1
73 19 1
133 137 1
65 35 1
150 31 1
51 10 1
78 62 1
6 115 1
14 41 1
22 150 1
40 90 1
8 66 1
44 115 1
18 88 1
28 61 1
61 36 1
91 145 1
45 86 1
58 84 1
138 0 1
121 77 1
9 12 1
39 142 1
112 98 1
91 127 1
86 101 1
94 140 1
121 154 1
14 139 1
112 133 1
116 108 1
155 150 1
142 11 1
127 83 1
126 146 1
74 119 1
124 148 1
149 46 1
8 73 1
152 24 1
94 155 1
92 120 1
33 121 1
7 17 1
30 96 1
152 131 1
150 49 1
102 138 1
58 134 1
17 105 1
94 86 1
61 149 1
97 55 1
136 44 1
91 110 1
57 31 1
126 22 1
155 126 1
49 56 1
108 113 1
129 85 1
84 93 1
21 99 1
17 54 1
54 55 1
141 64 1
132 23 1
116 138 1
67 0 1
121 34 1
46 23 1
107 84 1
149 55 1
0 8 1
50 32 1
93 53 1
119 102 1
63 56 1
88 35 1
41 12 1
110 103 1
58 8 1
60 69 1
81 65 1
0 17 1
149 124 1
13 36 1
24 83 1
77 153 1
103 9 1
140 3 1
18 45 1
20 78 1
55 18 1
119 51 1
104 39 1
65 42 1
81 144 1
34 111 1
20 79 1
90 139 1
45 53 1
116 89 1
107 26 1
78 103 1
8 60 1
145 121 1
115 25 1
150 81 1
101 62 1
117 0 1
13 134 1
57 21 1
81 141 1
131 95 1
42 112 1
98 125 1
12 3 1
102 67 1
89 69 1
82 97 1
121 80 1
138 68 1
132 18 1
65 91 1
118 18 1
145 0 1
57 36 1
102 129 1
3 33 1
76 97 1
78 1 1
68 117 1
35 46 1
47 35 1
12 32 1
127 54 1
133 55 1
9 96 1
21 155 1
111 128 1
123 107 1
96 16 1
52 4 1
151 60 1
106 109 1
131 91 1
141 85 1
64 90 1
129 15 1
95 25 1
92 60 1
126 135 1
127 84 1
72 118 1
36 17 1
72 122 1
89 75 1
99 142 1
132 14 1
29 107 1
145 14 1
119 97 1
61 150 1
103 10 1
57 66 1
140 49 1
21 45 1
43 24 1
149 23 1
142 94 1
16 85 1
86 111 1
123 46 1
41 80 1
34 123 1
145 113 1
72 14 1
113 18 1
61 100 1
76 132 1
145 116 1
102 142 1
71 136 1
141 88 1
102 82 1
32 58 1
110 123 1
87 108 1
34 154 1
76 41 1
85 61 1
150 133 1
136 73 1
42 77 1
31 51 1
22 2 1
58 16 1
44 152 1
13 2 1
57 135 1
22 17 1
104 52 1
65 90 1
1 51 1
3 83 1
77 72 1
38 117 1
19 80 1
40 45 1
1 27 1
43 71 1
80 86 1
33 51 1
46 146 1
70 107 1
124 127 1
25 65 1
6 21 1
5 112 1
19 134 1
74 87 1
150 76 1
58 136 1
35 103 1
32 78 1
76 140 1
23 125 1
110 18 1
40 112 1
24 110 1
18 111 1
49 68 1
33 35 1
29 25 1
95 151 1
2 105 1
139 110 1
153 101 1
80 78 1
75 38 1
59 46 1
83 152 1
107 32 1
62 64 1
90 117 1
30 57 1
153 22 1
72 116 1
94 151 1
126 70 1
73 123 1
120 121 1
59 25 1
154 105 1
31 15 1
74 57 1
49 154 1
65 153 1
70 134 1
131 6 1
110 68 1
5 22 1
117 15 1
151 70 1
58 29 1
28 108 1
28 20 1
1 18 1
32 41 1
24 37 1
71 123 1
76 58 1
44 6 1
81 37 1
138 78 1
59 21 1
38 29 1
64 12 1
25 29 1
31 12 1
88 41 1
109 149 1
80 44 1
4 103 1
91 76 1
8 96 1
48 15 1
80 76 1
102 147 1
17 70 1
119 23 1
123 121 1
70 125 1
50 116 1
103 65 1
54 134 1
131 1 1
65 52 1
80 92 1
151 89 1
154 89 1
64 107 1
25 92 1
133 4 1
124 62 1
145 125 1
107 129 1
26 4 1
19 22 1
122 104 1
78 67 1
68 8 1
142 128 1
70 11 1
150 132 1
105 128 1
6 106 1
34 101 1
13 30 1
58 135 1
63 49 1
99 88 1
67 88 1
39 28 1
63 143 1
118 98 1
141 30 1
114 40 1
128 87 1
93 120 1
19 73 1
112 94 1
57 125 1
153 79 1
67 31 1
32 83 1
78 58 1
29 1 1
54 47 1
1 30 1
47 14 1
1 15 1
8 41 1
140 96 1
136 93 1
45 149 1
58 120 1
144 16 1
59 154 1
26 18 1
68 2 1
45 114 1
103 11 1
142 106 1
3 39 1
23 89 1
54 136 1
88 7 1
142 64 1
125 49 1
59 95 1
38 129 1
3 99 1
96 154 1
40 144 1
91 100 1
64 110 1
56 112 1
104 22 1
137 56 1
120 65 1
28 37 1
135 86 1
87 0 1
91 12 1
28 15 1
56 129 1
130 143 1
100 14 1
36 104 1
24 129 1
99 101 1
115 145 1
127 1 1
124 22 1
79 113 1
103 69 1
149 13 1
15 146 1
53 150 1
4 33 1
132 133 1
151 137 1
31 86 1
40 134 1
42 73 1
45 155 1
124 135 1
50 84 1
104 155 1
27 44 1
136 97 1
44 140 1
114 65 1
121 78 1
13 146 1
138 75 1
147 103 1
131 126 1
129 43 1
101 31 1
134 118 1
98 141 1
52 71 1
94 150 1
27 72 1
27 112 1
50 134 1
100 26 1
42 55 1
52 129 1
21 124 1
6 132 1
77 53 1
146 54 1
0 136 1
25 14 1
24 125 1
57 4 1
8 140 1
65 1 1
149 150 1
2 91 1
60 3 1
52 143 1
129 70 1
54 96 1
24 101 1
65 86 1
20 105 1
9 3 1
121 75 1
130 144 1
85 111 1
103 87 1
149 33 1
77 129 1
84 122 1
126 38 1
10 119 1
96 121 1
96 81 1
138 44 1
142 110 1
119 38 1
75 60 1
133 129 1
28 143 1
85 82 1
112 13 1
144 30 1
106 16 1
9 117 1
88 49 1
0 102 1
126 31 1
3 148 1
39 41 1
50 60 1
61 30 1
87 83 1
153 32 1
105 135 1
3 67 1
78 40 1
118 137 1
144 78 1
102 4 1
26 104 1
104 79 1
31 92 1
73 75 1
99 78 1
7 56 1
4 118 1
137 61 1
61 73 1
91 43 1
113 43 1
150 11 1
80 51 1
13 128 1
21 101 1
40 52 1
21 41 1
8 143 1
28 50 1
32 150 1
74 19 1
77 43 1
41 101 1
152 114 1
152 13 1
91 97 1
62 132 1
124 104 1
78 29 1
129 68 1
10 50 1
141 33 1
154 150 1
75 49 1
49 48 1
114 23 1
32 48 1
14 141 1
128 22 1
94 121 1
65 55 1
0 100 1
61 124 1
24 143 1
108 84 1
88 14 1
71 66 1
67 108 1
34 155 1
126 79 1
144 17 1
69 43 1
9 127 1
61 20 1
113 107 1
152 66 1
47 86 1
154 26 1
75 9 1
89 100 1
77 79 1
128 143 1
105 130 1
122 39 1
94 30 1
71 15 1
22 132 1
23 144 1
16 69 1
12 140 1
151 27 1
62 127 1
106 120 1
114 83 1
43 54 1
80 27 1
85 3 1
44 129 1
84 19 1
1 17 1
57 3 1
70 22 1
17 51 1
62 51 1
109 59 1
107 83 1
42 143 1
103 89 1
109 27 1
21 13 1
92 21 1
78 61 1
39 144 1
83 122 1
13 120 1
104 110 1
1 45 1
64 66 1
30 80 1
138 116 1
141 16 1
28 92 1
108 30 1
150 144 1
44 127 1
145 68 1
7 101 1
71 8 1
126 33 1
14 84 1
96 137 1
87 27 1
96 44 1
91 9 1
58 122 1
63 125 1
3 71 1
82 155 1
35 43 1
57 123 1
105 127 1
94 16 1
79 6 1
116 145 1
147 121 1
114 67 1
145 81 1
54 127 1
114 102 1
72 29 1
7 67 1
119 154 1
61 21 1
31 71 1
150 78 1
13 26 1
142 35 1
83 118 1
14 146 1
111 27 1
13 74 1
45 143 1
53 85 1
65 56 1
115 136 1
116 135 1
70 115 1
139 96 1
139 93 1
82 118 1
112 33 1
23 74 1
127 111 1
84 18 1
23 153 1
146 138 1
11 15 1
57 63 1
85 56 1
116 129 1
110 50 1
0 45 1
71 74 1
84 62 1
49 87 1
122 62 1
30 71 1
61 68 1
46 147 1
82 100 1
90 113 1
61 16 1
90 21 1
89 153 1
82 153 1
1 64 1
84 124 1
61 72 1
20 87 1
17 106 1
46 45 1
113 130 1
9 41 1
85 109 1
140 126 1
148 58 1
144 108 1
110 107 1
35 89 1
95 8 1
8 39 1
19 99 1
97 73 1
130 65 1
92 2 1
48 123 1
117 59 1
153 152 1
117 63 1
33 138 1
126 105 1
46 67 1
39 69 1
131 147 1
24 105 1
20 35 1
28 127 1
18 141 1
136 128 1
49 21 1
92 76 1
17 68 1
145 29 1
17 78 1
20 24 1
111 57 1
155 136 1
74 92 1
2 9 1
36 23 1
24 38 1
149 78 1
53 148 1
11 77 1
123 25 1
36 89 1
75 112 1
155 37 1
35 125 1
91 20 1
17 79 1
87 41 1
126 3 1
118 62 1
103 56 1
133 62 1
82 37 1
128 50 1
122 82 1
128 123 1
101 149 1
45 118 1
154 36 1
112 44 1
109 52 1
133 31 1
42 43 1
55 81 1
13 154 1
143 112 1
118 100 1
128 56 1
148 125 1
89 24 1
112 32 1
140 18 1
148 127 1
61 34 1
133 128 1
63 8 1
10 55 1
58 64 1
90 132 1
120 51 1
110 41 1
93 123 1
56 100 1
77 54 1
20 101 1
6 144 1
32 23 1
142 47 1
36 134 1
75 80 1
38 150 1
83 101 1
10 34 1
109 81 1
33 60 1
104 47 1
36 39 1
137 100 1
40 124 1
112 145 1
98 76 1
145 107 1
116 29 1
62 96 1
99 125 1
26 148 1
150 92 1
120 18 1
117 31 1
104 109 1
103 123 1
22 91 1
74 4 1
150 130 1
140 62 1
15 119 1
79 90 1
30 115 1
141 129 1
30 14 1
5 113 1
54 81 1
67 134 1
10 37 1
45 79 1
11 132 1
150 154 1
117 147 1
125 131 1
89 45 1
98 42 1
131 89 1
147 155 1
50 25 1
118 9 1
92 15 1
11 102 1
15 77 1
30 56 1
19 74 1
14 44 1
19 149 1
137 47 1
138 25 1
54 16 1
101 27 1
50 65 1
73 102 1
137 81 1
78 135 1
36 155 1
60 151 1
66 53 1
46 125 1
117 3 1
100 18 1
137 108 1
127 40 1
119 151 1
148 49 1
87 130 1
36 13 1
118 27 1
61 125 1
119 19 1
87 45 1
16 118 1
126 147 1
69 66 1
7 75 1
129 96 1
124 146 1
30 97 1
128 137 1
39 73 1
58 143 1
30 25 1
130 22 1
1 21 1
47 9 1
48 59 1
110 16 1
48 79 1
71 101 1
60 103 1
67 82 1
17 151 1
102 30 1
108 121 1
12 54 1
135 75 1
43 109 1
40 127 1
24 118 1
124 39 1
151 78 1
144 63 1
19 129 1
133 81 1
27 108 1
88 123 1
135 117 1
83 71 1
57 42 1
111 106 1
11 1 1
153 142 1
3 142 1
106 86 1
110 91 1
126 47 1
145 34 1
139 103 1
115 46 1
139 120 1
105 11 1
101 41 1
154 144 1
61 51 1
132 29 1
147 125 1
128 26 1
64 26 1
105 47 1
61 91 1
32 27 1
129 126 1
35 139 1
103 5 1
100 139 1
40 4 1
81 31 1
62 130 1
42 150 1
142 0 1
28 24 1
25 43 1
103 153 1
120 52 1
65 123 1
11 147 1
74 27 1
146 94 1
142 112 1
12 100 1
149 48 1
138 52 1
129 12 1
148 69 1
138 130 1
19 56 1
77 61 1
81 60 1
70 26 1
78 80 1
22 50 1
17 150 1
17 5 1
111 99 1
59 49 1
29 78 1
117 20 1
99 97 1
113 71 1
54 13 1
112 26 1
47 56 1
103 109 1
65 94 1
115 91 1
47 93 1
92 53 1
152 120 1
32 11 1
106 40 1
85 121 1
70 138 1
53 98 1
14 10 1
62 1 1
28 139 1
61 116 1
60 53 1
73 74 1
130 147 1
46 16 1
80 20 1
151 54 1
59 152 1
115 3 1
40 109 1
136 17 1
47 50 1
89 143 1
89 37 1
99 95 1
54 1 1
101 91 1
92 62 1
33 124 1
130 38 1
113 74 1
69 64 1
94 136 1
99 89 1
6 108 1
100 36 1
94 153 1
92 25 1
8 84 1
86 143 1
68 104 1
121 88 1
13 5 1
20 83 1
28 5 1
149 4 1
105 4 1
148 47 1
16 9 1
23 39 1
61 121 1
133 32 1
70 94 1
5 155 1
15 83 1
25 53 1
138 100 1
31 147 1
23 0 1
37 10 1
43 5 1
150 27 1
150 125 1
139 142 1
117 12 1
38 73 1
42 7 1
34 59 1
12 16 1
84 131 1
58 98 1
8 77 1
53 69 1
77 15 1
29 27 1
50 124 1
35 134 1
34 70 1
134 12 1
92 20 1
83 87 1
58 38 1
5 65 1
100 124 1
47 116 1
54 109 1
51 142 1
12 48 1
137 90 1
130 80 1
134 72 1
85 42 1
136 21 1
63 144 1
27 147 1
112 103 1
22 43 1
139 136 1
18 9 1
95 120 1
9 11 1
76 68 1
137 153 1
25 68 1
12 49 1
32 121 1
69 7 1
107 54 1
9 20 1
101 127 1
53 153 1
90 120 1
38 111 1
41 61 1
84 56 1
106 32 1
1 134 1
89 23 1
79 25 1
149 129 1
20 75 1
16 20 1
114 134 1
116 33 1
39 3 1
101 118 1
140 107 1
54 107 1
2 56 1
108 95 1
40 74 1
137 83 1
153 154 1
64 1 1
3 63 1
5 146 1
112 128 1
30 153 1
50 66 1
53 135 1
60 27 1
128 51 1
16 40 1
58 111 1
78 32 1
80 139 1
121 9 1
143 19 1
84 60 1
60 111 1
30 128 1
127 19 1
8 49 1
34 73 1
104 120 1
0 80 1
46 83 1
143 9 1
149 2 1
104 41 1
49 139 1
5 64 1
152 142 1
71 63 1
112 108 1
94 105 1
126 96 1
134 89 1
144 129 1
104 82 1
18 110 1
45 43 1
0 135 1
68 25 1
116 59 1
88 2 1
56 147 1
14 123 1
122 117 1
134 22 1
142 71 1
70 111 1
19 63 1
88 113 1
70 133 1
155 60 1
80 115 1
92 66 1
143 154 1
54 48 1
45 26 1
52 101 1
7 27 1
145 54 1
102 149 1
12 108 1
48 66 1
20 19 1
117 130 1
78 117 1
43 128 1
48 141 1
85 30 1
28 130 1
95 103 1
6 93 1
69 145 1
77 96 1
130 78 1
66 91 1
126 36 1
29 77 1
79 44 1
114 20 1
78 60 1
88 136 1
131 87 1
96 11 1
130 98 1
106 105 1
19 48 1
47 117 1
149 11 1
84 133 1
21 24 1
37 153 1
108 104 1
65 89 1
112 22 1
83 12 1
53 21 1
53 59 1
128 30 1
123 20 1
56 45 1
72 71 1
35 111 1
99 62 1
123 28 1
124 152 1
95 43 1
131 114 1
100 98 1
55 79 1
2 71 1
111 33 1
12 14 1
99 106 1
131 72 1
22 125 1
13 71 1
106 60 1
59 94 1
13 47 1
79 140 1
16 3 1
84 130 1
152 75 1
72 22 1
114 8 1
66 121 1
77 76 1
16 100 1
0 98 1
20 66 1
7 38 1
7 77 1
4 100 1
86 108 1
22 54 1
52 45 1
144 141 1
102 8 1
24 33 1
149 118 1
1 47 1
108 136 1
60 75 1
2 107 1
63 1 1
13 153 1
58 140 1
57 140 1
122 101 1
126 124 1
44 110 1
69 71 1
65 84 1
8 115 1
113 144 1
58 113 1
60 133 1
44 51 1
117 65 1
105 98 1
48 44 1
109 87 1
34 102 1
119 90 1
116 148 1
6 80 1
79 87 1
77 26 1
92 74 1
119 66 1
14 99 1
126 2 1
105 20 1
72 67 1
112 107 1
78 21 1
34 22 1
70 81 1
130 123 1
92 133 1
153 151 1
4 24 1
43 115 1
133 152 1
89 29 1
27 47 1
49 117 1
81 0 1
38 13 1
71 133 1
135 69 1
143 111 1
85 94 1
149 63 1
153 8 1
22 79 1
145 22 1
15 69 1
46 89 1
8 101 1
124 93 1
128 132 1
148 89 1
23 103 1
146 50 1
20 33 1
92 154 1
92 102 1
107 80 1
71 127 1
126 145 1
58 108 1
92 105 1
113 17 1
151 39 1
57 22 1
104 50 1
62 73 1
76 127 1
105 96 1
127 124 1
3 1 1
136 75 1
32 128 1
71 102 1
83 137 1
24 20 1
11 104 1
93 3 1
11 29 1
128 122 1
148 146 1
136 115 1
152 29 1
143 129 1
84 139 1
132 87 1
115 80 1
149 146 1
102 103 1
15 149 1
135 151 1
46 141 1
47 68 1
27 19 1
8 55 1
58 112 1
38 32 1
46 112 1
49 18 1
135 35 1
84 115 1
8 36 1
108 25 1
87 43 1
20 8 1
69 132 1
52 22 1
75 116 1
145 2 1
78 68 1
140 111 1
148 56 1
154 155 1
123 126 1
3 129 1
81 9 1
21 114 1
7 65 1
50 105 1
27 31 1
139 58 1
101 110 1
121 33 1
50 5 1
0 93 1
154 83 1
67 25 1
66 118 1
30 107 1
26 113 1
91 55 1
93 115 1
17 28 1
33 77 1
48 53 1
19 135 1
139 105 1
20 85 1
95 100 1
19 127 1
7 54 1
12 87 1
117 106 1
96 8 1
71 57 1
42 145 1
8 151 1
54 25 1
42 71 1
97 125 1
155 24 1
126 24 1
3 132 1
38 141 1
73 30 1
37 31 1
97 83 1
70 1 1
132 43 1
69 109 1
74 8 1
131 105 1
26 33 1
14 71 1
71 106 1
5 138 1
63 80 1
141 20 1
101 71 1
76 100 1
86 153 1
93 35 1
109 28 1
19 91 1
4 138 1
36 35 1
4 125 1
61 75 1
53 38 1
89 33 1
1 96 1
93 138 1
7 68 1
112 34 1
146 2 1
4 107 1
133 3 1
139 63 1
68 141 1
106 124 1
2 100 1
50 99 1
15 63 1
145 21 1
23 91 1
65 114 1
4 92 1
76 7 1
60 79 1
155 89 1
74 148 1
90 1 1
51 99 1
10 129 1
65 80 1
0 56 1
99 42 1
143 34 1
135 133 1
65 5 1
28 91 1
65 54 1
60 147 1
95 113 1
97 67 1
78 113 1
31 133 1
111 142 1
5 126 1
118 34 1
4 85 1
112 139 1
149 110 1
147 18 1
76 15 1
42 89 1
70 16 1
85 29 1
131 0 1
69 65 1
33 111 1
6 20 1
23 17 1
26 110 1
78 147 1
9 71 1
120 135 1
60 56 1
58 11 1
73 36 1
45 70 1
138 140 1
96 116 1
20 7 1
138 23 1
144 118 1
2 10 1
24 2 1
151 109 1
132 118 1
105 10 1
16 60 1
29 105 1
11 38 1
100 155 1
154 53 1
34 108 1
6 114 1
81 2 1
76 66 1
51 88 1
128 5 1
24 57 1
3 114 1
45 20 1
70 150 1
135 14 1
111 147 1
144 33 1
64 127 1
100 115 1
46 63 1
43 6 1
61 56 1
34 91 1
0 18 1
90 34 1
117 137 1
35 94 1
113 136 1
153 109 1
18 94 1
133 50 1
0 62 1
71 87 1
148 124 1
140 52 1
97 66 1
145 111 1
22 138 1
117 109 1
107 8 1
70 75 1
117 6 1
74 62 1
143 22 1
141 80 1
8 89 1
30 95 1
23 21 1
50 149 1
105 140 1
1 19 1
132 33 1
76 82 1
75 124 1
42 137 1
105 145 1
151 25 1
96 100 1
48 128 1
135 9 1
22 39 1
154 64 1
121 2 1
59 73 1
152 129 1
44 92 1
125 53 1
25 17 1
66 49 1
72 102 1
101 12 1
129 34 1
115 75 1
96 148 1
128 84 1
62 44 1
85 11 1
70 74 1
21 10 1
56 127 1
48 51 1
126 72 1
70 121 1
101 93 1
15 92 1
35 64 1
104 150 1
8 122 1
50 45 1
39 24 1
120 6 1
42 100 1
55 50 1
74 105 1
11 18 1
63 69 1
69 153 1
108 146 1
60 98 1
121 51 1
155 113 1
51 27 1
22 62 1
92 57 1
134 6 1
130 142 1
40 107 1
57 89 1
76 85 1
93 119 1
138 147 1
48 35 1
106 96 1
139 57 1
84 46 1
92 40 1
113 110 1
53 73 1
23 76 1
32 123 1
107 21 1
62 90 1
105 66 1
61 138 1
133 86 1
125 23 1
4 126 1
39 98 1
136 27 1
34 67 1
107 146 1
35 90 1
38 11 1
123 85 1
68 72 1
76 135 1
45 57 1
113 9 1
74 58 1
98 15 1
1 83 1
5 149 1
38 41 1
66 12 1
94 91 1
73 5 1
106 50 1
107 10 1
155 11 1
4 48 1
37 0 1
52 42 1
134 7 1
113 138 1
34 126 1
127 22 1
52 93 1
151 110 1
103 100 1
77 103 1
142 101 1
134 70 1
42 69 1
148 73 1
89 8 1
12 22 1
138 71 1
65 98 1
86 60 1
62 79 1
71 97 1
128 38 1
15 126 1
15 93 1
140 118 1
37 105 1
152 70 1
149 49 1
92 145 1
41 152 1
153 123 1
93 48 1
105 152 1
120 91 1
148 44 1
32 66 1
82 125 1
18 132 1
108 20 1
133 145 1
85 8 1
5 24 1
114 89 1
47 23 1
98 21 1
76 88 1
6 112 1
127 33 1
60 97 1
8 37 1
14 59 1
54 14 1
19 32 1
4 114 1
84 5 1
76 62 1
30 150 1
116 130 1
31 5 1
140 27 1
154 9 1
16 128 1
135 146 1
23 123 1
55 13 1
89 27 1
65 75 1
34 14 1
118 53 1
98 83 1
19 96 1
62 97 1
42 64 1
75 62 1
43 19 1
111 9 1
102 31 1
39 57 1
100 99 1
44 155 1
6 11 1
73 103 1
103 70 1
14 81 1
28 110 1
81 114 1
114 94 1
123 154 1
140 38 1
86 115 1
55 84 1
42 153 1
74 55 1
14 106 1
135 22 1
92 143 1
58 101 1
75 103 1
67 155 1
124 151 1
90 75 1
99 22 1
47 66 1
154 56 1
132 27 1
109 48 1
121 67 1
54 83 1
92 138 1
40 138 1
73 62 1
28 105 1
117 111 1
15 109 1
2 65 1
141 124 1
97 119 1
7 122 1
68 80 1
77 37 1
123 137 1
51 29 1
93 130 1
66 132 1
123 143 1
123 151 1
128 14 1
40 91 1
142 136 1
43 17 1
110 112 1
148 119 1
153 75 1
139 101 1
139 71 1
6 62 1
61 110 1
69 135 1
152 44 1
93 109 1
51 35 1
133 70 1
123 78 1
130 36 1
0 99 1
54 94 1
76 3 1
141 1 1
112 29 1
63 75 1
24 6 1
71 54 1
71 26 1
132 8 1
145 149 1
93 10 1
58 73 1
10 139 1
82 40 1
150 62 1
79 136 1
94 98 1
82 5 1
54 128 1
22 6 1
135 98 1
75 94 1
74 46 1
42 108 1
3 69 1
23 55 1
19 137 1
141 14 1
45 19 1
17 125 1
75 59 1
36 49 1
15 11 1
1 42 1
51 68 1
47 24 1
88 8 1
123 71 1
73 22 1
135 0 1
66 127 1
114 118 1
44 109 1
151 150 1
104 35 1
144 58 1
145 123 1
49 39 1
136 70 1
154 69 1
128 138 1
125 58 1
83 18 1
40 69 1
112 41 1
50 125 1
33 11 1
115 94 1
146 80 1
97 46 1
15 141 1
18 28 1
83 110 1
60 34 1
136 129 1
124 11 1
79 147 1
83 47 1
80 35 1
86 14 1
112 40 1
50 94 1
145 83 1
17 22 1
126 97 1
151 143 1
132 123 1
122 112 1
98 13 1
128 133 1
56 41 1
129 18 1
38 90 1
86 82 1
13 117 1
29 129 1
155 148 1
111 110 1
52 149 1
2 16 1
30 54 1
83 13 1
93 107 1
15 134 1
29 59 1
82 64 1
74 13 1
16 154 1
64 147 1
34 33 1
142 62 1
98 37 1
30 143 1
21 19 1
141 51 1
32 79 1
112 150 1
63 128 1
153 18 1
137 145 1
0 75 1
129 17 1
77 97 1
100 31 1
91 131 1
146 24 1
109 39 1
121 116 1
54 117 1
70 38 1
15 117 1
67 36 1
13 125 1
71 56 1
66 16 1
147 50 1
82 58 1
59 31 1
103 83 1
124 132 1
21 74 1
152 85 1
77 116 1
113 77 1
124 5 1
101 51 1
38 88 1
4 55 1
125 152 1
32 5 1
38 130 1
118 13 1
22 130 1
1 3 1
56 57 1
89 73 1
130 39 1
154 149 1
129 89 1
129 20 1
134 126 1
96 15 1
153 107 1
98 90 1
129 37 1
35 117 1
155 132 1
143 149 1
30 34 1
68 131 1
111 80 1
63 12 1
138 50 1
46 10 1
155 58 1
145 128 1
106 3 1
95 117 1
99 103 1
65 12 1
86 102 1
98 30 1
78 139 1
30 121 1
98 16 1
121 20 1
112 15 1
92 125 1
75 19 1
79 59 1
114 28 1
99 138 1
112 73 1
144 72 1
153 9 1
119 24 1
129 142 1
17 0 1
33 61 1
17 32 1
49 16 1
17 38 1
67 41 1
142 15 1
117 53 1
27 20 1
117 139 1
154 140 1
153 122 1
128 12 1
6 119 1
80 7 1
152 92 1
148 132 1
49 1 1
75 105 1
21 29 1
139 24 1
21 89 1
5 72 1
57 2 1
125 103 1
17 133 1
152 88 1
53 19 1
10 70 1
154 24 1
58 94 1
141 52 1
118 2 1
35 121 1
3 42 1
105 17 1
113 19 1
30 64 1
78 125 1
44 26 1
46 150 1
71 124 1
126 143 1
96 104 1
70 126 1
117 112 1
136 107 1
47 11 1
132 105 1
78 33 1
153 0 1
20 116 1
9 135 1
65 79 1
80 38 1
49 35 1
135 45 1
74 151 1
89 78 1
67 122 1
100 140 1
96 86 1
74 110 1
36 95 1
67 154 1
145 51 1
16 130 1
153 103 1
33 125 1
127 134 1
83 72 1
148 120 1
107 74 1
68 112 1
139 122 1
73 91 1
5 130 1
110 83 1
11 33 1
75 117 1
38 62 1
75 42 1
134 30 1
78 126 1
41 93 1
45 52 1
48 115 1
46 13 1
46 126 1
98 140 1
110 150 1
30 82 1
69 2 1
81 97 1
76 11 1
106 29 1
92 100 1
72 98 1
60 54 1
22 64 1
39 134 1
136 125 1
37 93 1
46 128 1
59 101 1
70 60 1
57 51 1
79 102 1
142 46 1
68 151 1
75 35 1
103 48 1
142 144 1
141 43 1
10 128 1
146 103 1
52 142 1
7 33 1
78 0 1
35 112 1
132 125 1
147 105 1
85 45 1
19 17 1
127 115 1
110 135 1
148 31 1
42 25 1
128 120 1
111 120 1
2 137 1
67 57 1
40 108 1
139 10 1
131 43 1
84 153 1
134 153 1
138 77 1
106 35 1
20 39 1
35 41 1
42 60 1
144 139 1
149 153 1
145 93 1
75 50 1
67 91 1
85 131 1
138 10 1
132 127 1
35 15 1
12 106 1
53 81 1
110 128 1
72 46 1
134 144 1
11 57 1
122 103 1
33 85 1
24 92 1
11 83 1
12 8 1
82 59 1
140 106 1
0 26 1
41 134 1
33 41 1
61 45 1
96 117 1
88 42 1
112 101 1
130 115 1
126 144 1
27 53 1
136 68 1
14 144 1
47 33 1
113 35 1
96 136 1
55 155 1
45 0 1
104 123 1
82 24 1
1 120 1
99 122 1
56 108 1
52 155 1
141 95 1
39 29 1
71 76 1
21 80 1
113 98 1
76 52 1
149 44 1
91 34 1
19 70 1
24 58 1
8 71 1
108 55 1
135 81 1
7 90 1
88 104 1
41 109 1
90 2 1
14 53 1
89 107 1
63 33 1
0 2 1
155 144 1
61 2 1
78 8 1
39 115 1
35 126 1
130 83 1
115 37 1
54 90 1
148 150 1
54 33 1
102 89 1
63 91 1
63 135 1
28 30 1
117 87 1
107 122 1
17 118 1
54 8 1
7 104 1
119 94 1
144 136 1
38 26 1
64 56 1
16 42 1
94 46 1
146 152 1
8 16 1
49 20 1
63 31 1
50 154 1
44 105 1
31 87 1
12 56 1
143 100 1
131 4 1
112 126 1
118 146 1
109 5 1
121 6 1
64 125 1
149 99 1
104 43 1
71 128 1
33 34 1
155 0 1
6 43 1
29 101 1
105 126 1
150 88 1
87 129 1
69 47 1
99 86 1
153 41 1
13 103 1
43 85 1
120 133 1
104 103 1
81 24 1
134 93 1
80 37 1
149 121 1
148 79 1
130 14 1
129 24 1
13 135 1
22 60 1
154 103 1
5 54 1
5 33 1
63 92 1
49 55 1
119 99 1
92 99 1
3 79 1
47 75 1
107 150 1
72 61 1
11 52 1
62 61 1
80 88 1
117 92 1
75 67 1
91 116 1
103 18 1
66 22 1
70 78 1
149 0 1
117 35 1
91 48 1
142 65 1
52 105 1
23 108 1
105 16 1
112 53 1
84 108 1
18 8 1
104 122 1
29 122 1
84 149 1
81 47 1
64 18 1
38 8 1
126 55 1
137 118 1
94 93 1
48 78 1
21 150 1
38 116 1
96 114 1
120 131 1
52 67 1
32 3 1
80 0 1
44 72 1
35 56 1
0 32 1
142 24 1
70 151 1
96 153 1
136 12 1
88 138 1
119 42 1
119 73 1
90 41 1
61 109 1
108 154 1
105 24 1
138 39 1
148 16 1
42 61 1
121 10 1
17 98 1
112 80 1
98 29 1
23 31 1
57 100 1
140 24 1
63 32 1
99 94 1
93 128 1
45 113 1
98 147 1
62 111 1
149 106 1
91 22 1
101 115 1
82 54 1
85 92 1
5 45 1
70 30 1
53 13 1
56 124 1
83 66 1
77 106 1
100 123 1
0 148 1
125 59 1
150 111 1
121 65 1
66 137 1
53 134 1
149 100 1
7 18 1
77 63 1
125 6 1
13 39 1
49 133 1
137 37 1
102 70 1
66 36 1
49 72 1
50 135 1
12 29 1
3 8 1
146 71 1
73 119 1
64 14 1
142 67 1
153 105 1
51 101 1
18 120 1
6 63 1
31 100 1
91 2 1
19 9 1
121 32 1
106 125 1
30 36 1
100 58 1
115 114 1
102 120 1
148 151 1
113 152 1
55 131 1
60 144 1
105 137 1
41 105 1
117 50 1
49 110 1
130 7 1
136 7 1
28 47 1
5 76 1
37 75 1
97 128 1
12 44 1
65 76 1
57 37 1
18 103 1
77 115 1
28 41 1
144 28 1
94 115 1
111 88 1
124 27 1
11 64 1
118 93 1
86 81 1
143 103 1
85 18 1
64 34 1
42 113 1
74 16 1
105 106 1
78 50 1
56 150 1
95 60 1
11 63 1
23 83 1
105 108 1
30 48 1
111 63 1
73 44 1
148 3 1
80 134 1
31 152 1
14 33 1
85 68 1
151 132 1
32 120 1
69 59 1
30 49 1
72 154 1
1 106 1
121 40 1
4 44 1
103 12 1
126 118 1
115 142 1
9 45 1
70 42 1
58 48 1
29 131 1
24 87 1
144 140 1
136 19 1
13 126 1
128 119 1
19 53 1
125 87 1
80 33 1
35 40 1
85 152 1
103 135 1
111 21 1
23 56 1
54 103 1
134 35 1
44 143 1
48 137 1
53 152 1
114 116 1
6 129 1
21 71 1
116 50 1
76 103 1
84 86 1
145 126 1
28 22 1
107 103 1
152 139 1
65 71 1
131 103 1
57 13 1
1 31 1
152 113 1
122 45 1
70 76 1
26 44 1
63 106 1
86 110 1
69 147 1
155 28 1
127 131 1
25 127 1
152 140 1
134 56 1
45 69 1
111 2 1
145 40 1
144 123 1
1 148 1
69 134 1
29 100 1
42 58 1
81 75 1
78 99 1
38 131 1
43 44 1
49 144 1
152 155 1
115 93 1
148 97 1
0 97 1
147 84 1
148 108 1
29 50 1
155 31 1
120 41 1
69 4 1
50 77 1
133 132 1
16 36 1
49 142 1
13 62 1
98 64 1
126 83 1
73 153 1
65 128 1
2 66 1
4 130 1
130 28 1
57 90 1
41 52 1
121 136 1
54 5 1
29 84 1
11 28 1
64 89 1
38 76 1
36 107 1
80 137 1
26 91 1
46 98 1
87 107 1
44 15 1
133 29 1
137 139 1
12 58 1
56 126 1
51 145 1
88 111 1
21 37 1
57 50 1
123 16 1
99 25 1
87 133 1
77 13 1
155 2 1
58 39 1
121 49 1
124 53 1
12 109 1
34 95 1
59 88 1
59 116 1
107 138 1
52 35 1
88 145 1
59 29 1
132 98 1
80 79 1
116 118 1
137 44 1
102 119 1
113 73 1
2 63 1
15 39 1
46 44 1
114 139 1
126 14 1
144 132 1
125 3 1
53 45 1
86 46 1
32 148 1
140 8 1
102 118 1
95 93 1
50 37 1
148 22 1
152 125 1
59 150 1
39 32 1
112 123 1
68 43 1
94 87 1
36 105 1
12 135 1
146 102 1
145 6 1
121 3 1
142 44 1
10 109 1
61 93 1
56 60 1
144 87 1
5 13 1
90 98 1
77 81 1
31 33 1
121 148 1
8 132 1
13 95 1
117 129 1
80 9 1
47 82 1
36 150 1
46 99 1
73 112 1
80 120 1
87 18 1
40 12 1
120 124 1
12 0 1
95 42 1
27 17 1
3 87 1
53 25 1
110 100 1
23 12 1
6 8 1
8 152 1
4 148 1
87 50 1
83 89 1
32 90 1
10 39 1
115 58 1
87 75 1
3 130 1
123 8 1
58 74 1
33 69 1
102 150 1
69 87 1
112 20 1
62 19 1
28 100 1
155 134 1
102 52 1
139 86 1
95 87 1
5 87 1
15 89 1
95 1 1
138 20 1
100 86 1
0 82 1
63 57 1
132 71 1
3 49 1
53 76 1
101 98 1
18 155 1
54 119 1
25 20 1
19 29 1
61 115 1
145 102 1
48 106 1
24 52 1
13 6 1
17 86 1
73 52 1
59 63 1
147 108 1
63 145 1
26 100 1
129 112 1
73 90 1
90 89 1
127 47 1
53 88 1
134 99 1
40 147 1
25 123 1
22 81 1
45 64 1
76 71 1
136 112 1
120 49 1
78 18 1
45 30 1
83 36 1
38 127 1
39 109 1
38 146 1
108 53 1
124 111 1
41 143 1
17 123 1
102 26 1
106 51 1
14 155 1
11 130 1
89 59 1
106 116 1
125 82 1
68 100 1
59 3 1
44 29 1
77 34 1
68 108 1
107 118 1
45 46 1
83 140 1
144 6 1
141 73 1
136 30 1
93 76 1
139 115 1
23 94 1
79 106 1
28 146 1
8 0 1
152 54 1
54 84 1
154 147 1
70 14 1
81 134 1
53 94 1
48 25 1
152 154 1
134 2 1
19 1 1
90 122 1
105 77 1
3 119 1
70 18 1
60 77 1
37 142 1
87 82 1
77 78 1
116 114 1
116 14 1
104 53 1
79 36 1
98 60 1
76 30 1
99 28 1
18 96 1
155 94 1
69 105 1
44 128 1
152 91 1
86 155 1
75 27 1
128 127 1
53 57 1
22 34 1
17 3 1
55 68 1
4 131 1
151 94 1
20 97 1
133 94 1
97 84 1
43 58 1
125 148 1
119 30 1
79 117 1
125 40 1
90 108 1
128 29 1
150 112 1
118 130 1
126 51 1
113 104 1
111 44 1
145 134 1
34 83 1
150 24 1
15 153 1
54 44 1
153 125 1
44 28 1
138 81 1
145 154 1
75 135 1
26 19 1
135 139 1
60 7 1
155 92 1
95 64 1
99 155 1
65 18 1
149 79 1
36 40 1
38 35 1
20 59 1
16 18 1
144 94 1
93 94 1
61 108 1
136 109 1
45 87 1
53 7 1
6 18 1
105 110 1
101 132 1
122 29 1
118 147 1
29 120 1
17 137 1
145 62 1
143 54 1
44 68 1
83 29 1
19 13 1
45 97 1
74 128 1
58 155 1
23 67 1
5 150 1
96 48 1
54 24 1
150 106 1
36 97 1
11 97 1
127 2 1
83 8 1
41 92 1
30 22 1
133 154 1
37 100 1
83 28 1
18 75 1
1 6 1
49 140 1
120 104 1
128 88 1
18 152 1
17 30 1
80 34 1
18 129 1
19 11 1
68 49 1
133 117 1
89 0 1
4 105 1
96 31 1
142 89 1
103 25 1
155 120 1
153 49 1
59 12 1
19 67 1
23 150 1
21 108 1
119 28 1
83 54 1
152 33 1
101 142 1
98 45 1
137 36 1
100 95 1
111 103 1
94 120 1
129 41 1
140 95 1
60 19 1
47 20 1
149 127 1
129 146 1
4 106 1
132 149 1
38 1
62 1
17 1
95 1
46 1
145 1
34 1
5 1
13 1
77 1
118 1
106 1
57 1
73 1
30 1
5 1
148 1
59 1
5 1
132 1
85 1
32 1
75 1
99 1
128 1
1 1
39 1
12 1
29 1
7 1
107 1
83 1
27 1
121 1
28 1
38 1
11 1
55 1
137 1
133 1
36 1
31 1
37 1
76 1
61 1
0 1
45 1
74 1
20 1
29 1
88 1
14 1
121 1
106 1
94 1
75 1
91 1
103 1
112 1
109 1
146 1
119 1
146 1
92 1
130 1
26 1
45 1
111 1
77 1
76 1
129 1
89 1
50 1
63 1
47 1
78 1
5 1
56 1
114 1
138 1
61 1
34 1
108 1
138 1
153 1
79 1
87 1
12 1
58 1
149 1
123 1
37 1
115 1
119 1
77 1
137 1
32 1
45 1
22 1
68 1
47 1
4 1
12 1
53 1
140 1
0 1
107 1
65 1
23 1
131 1
64 1
49 1
12 1
5 1
94 1
149 1
61 1
95 1
90 1
5 1
100 1
111 1
121 1
15 1
56 1
85 1
144 1
63 1
68 1
11 1
151 1
32 1
13 1
80 1
91 1
26 1
118 1
92 1
137 1
71 1
39 1
90 1
113 1
4 1
15 1
111 1
130 1
37 1
138 1
38 1
93 1
40 1
33 1
13 1
32 1
73 1
77 100
131 86
38 144
89 47
111 38
100 132
73 23
