410 782 10
296 66 1
163 13 1
78 41 1
184 108 1
348 354 1
27 140 1
402 361 1
403 28 1
308 371 1
303 241 1
336 16 1
5 328 1
58 167 1
343 382 1
177 327 1
21 124 1
59 329 1
150 226 1
96 252 1
104 159 1
154 36 1
19 94 1
244 109 1
84 87 1
141 159 1
122 143 1
56 227 1
106 226 1
136 269 1
50 212 1
226 12 1
181 252 1
96 257 1
19 365 1
205 98 1
58 322 1
136 214 1
165 334 1
352 123 1
276 245 1
201 110 1
255 397 1
229 38 1
64 110 1
365 6 1
26 100 1
263 286 1
29 32 1
408 277 1
189 78 1
140 224 1
191 91 1
73 407 1
139 218 1
370 38 1
371 224 1
207 225 1
169 405 1
187 93 1
96 234 1
29 170 1
394 293 1
52 397 1
232 297 1
105 355 1
255 347 1
277 81 1
14 17 1
347 23 1
214 141 1
26 65 1
85 235 1
267 15 1
188 153 1
91 358 1
359 190 1
397 17 1
407 93 1
327 205 1
148 60 1
383 163 1
35 203 1
7 27 1
137 27 1
145 7 1
313 155 1
351 73 1
227 230 1
372 294 1
205 341 1
247 293 1
292 320 1
373 162 1
208 24 1
361 22 1
173 252 1
318 37 1
226 370 1
148 185 1
109 314 1
210 237 1
19 224 1
195 389 1
105 346 1
250 295 1
398 66 1
191 130 1
401 197 1
407 91 1
62 127 1
305 6 1
96 144 1
210 20 1
78 396 1
218 64 1
315 355 1
373 191 1
129 331 1
120 285 1
113 79 1
115 131 1
209 74 1
280 138 1
283 375 1
394 285 1
345 46 1
139 89 1
31 237 1
217 247 1
393 352 1
182 141 1
407 57 1
36 221 1
106 211 1
172 237 1
205 348 1
189 106 1
86 111 1
252 116 1
290 73 1
49 194 1
183 339 1
59 73 1
75 28 1
382 46 1
195 110 1
250 82 1
40 32 1
239 113 1
99 169 1
286 83 1
98 205 1
66 297 1
22 11 1
380 168 1
135 375 1
224 207 1
73 245 1
199 168 1
375 119 1
102 155 1
45 164 1
280 328 1
118 119 1
409 222 1
178 310 1
342 66 1
88 195 1
314 156 1
282 391 1
275 350 1
261 341 1
9 356 1
371 108 1
389 110 1
220 94 1
182 243 1
374 211 1
198 76 1
66 165 1
210 30 1
131 269 1
103 117 1
183 159 1
318 90 1
257 308 1
168 235 1
330 295 1
325 25 1
91 376 1
368 84 1
109 375 1
377 344 1
284 233 1
316 382 1
223 259 1
305 282 1
370 207 1
31 231 1
185 119 1
381 299 1
36 167 1
147 350 1
276 315 1
73 356 1
233 170 1
279 69 1
40 149 1
356 193 1
151 108 1
240 284 1
106 44 1
285 103 1
302 316 1
311 166 1
5 11 1
334 392 1
249 200 1
163 69 1
366 377 1
8 150 1
357 42 1
331 120 1
325 245 1
313 318 1
173 47 1
262 172 1
409 131 1
340 170 1
290 168 1
292 207 1
81 403 1
355 39 1
194 129 1
11 260 1
70 327 1
309 108 1
382 409 1
8 84 1
280 178 1
94 349 1
98 330 1
14 313 1
305 340 1
157 378 1
89 3 1
352 184 1
4 210 1
344 165 1
88 392 1
225 175 1
161 407 1
68 157 1
345 358 1
46 23 1
98 23 1
264 281 1
115 387 1
233 353 1
331 23 1
78 8 1
311 352 1
55 364 1
277 199 1
178 300 1
122 367 1
57 340 1
349 374 1
380 265 1
30 263 1
86 339 1
182 409 1
122 355 1
9 80 1
283 114 1
25 343 1
161 4 1
287 94 1
291 118 1
137 359 1
96 0 1
162 32 1
76 386 1
192 169 1
272 345 1
373 368 1
316 75 1
352 36 1
88 54 1
328 168 1
354 409 1
83 1 1
367 353 1
92 294 1
149 385 1
80 350 1
192 295 1
173 157 1
395 246 1
224 349 1
303 101 1
175 134 1
226 82 1
394 193 1
361 215 1
2 251 1
63 88 1
187 253 1
280 153 1
95 72 1
206 364 1
348 343 1
157 183 1
401 336 1
381 9 1
102 130 1
288 152 1
207 168 1
356 205 1
148 356 1
279 301 1
93 313 1
271 202 1
308 351 1
323 403 1
75 88 1
138 99 1
129 159 1
295 368 1
105 246 1
198 188 1
408 17 1
39 172 1
114 156 1
155 276 1
112 47 1
196 220 1
172 58 1
186 327 1
262 384 1
76 11 1
43 167 1
375 53 1
206 292 1
274 248 1
75 105 1
39 203 1
336 386 1
20 318 1
329 342 1
57 157 1
196 98 1
398 121 1
115 15 1
396 392 1
99 92 1
307 175 1
289 248 1
135 385 1
65 383 1
155 303 1
168 284 1
99 299 1
196 126 1
408 240 1
299 293 1
382 258 1
61 17 1
306 100 1
185 124 1
330 170 1
361 277 1
161 395 1
319 301 1
66 389 1
50 399 1
270 335 1
392 80 1
181 0 1
32 135 1
221 43 1
15 254 1
343 236 1
65 307 1
378 46 1
73 328 1
141 351 1
241 6 1
168 213 1
246 289 1
377 120 1
360 14 1
232 152 1
133 310 1
339 147 1
312 205 1
101 91 1
295 271 1
201 78 1
336 280 1
212 328 1
91 393 1
377 193 1
157 127 1
388 14 1
137 297 1
188 156 1
156 206 1
346 58 1
24 126 1
266 276 1
107 403 1
169 142 1
274 193 1
258 252 1
229 0 1
80 49 1
76 54 1
394 187 1
31 43 1
47 144 1
138 222 1
405 276 1
335 315 1
345 267 1
57 98 1
192 348 1
97 250 1
169 319 1
53 227 1
271 150 1
263 288 1
133 2 1
104 204 1
189 352 1
287 243 1
208 372 1
40 267 1
312 70 1
16 32 1
139 260 1
387 87 1
19 118 1
269 98 1
135 230 1
317 302 1
350 159 1
297 34 1
69 364 1
389 229 1
15 40 1
311 364 1
142 41 1
191 0 1
200 265 1
83 64 1
148 29 1
254 104 1
253 214 1
162 377 1
45 271 1
49 354 1
303 46 1
368 100 1
404 354 1
223 379 1
138 107 1
165 211 1
293 38 1
245 76 1
408 28 1
72 61 1
225 240 1
289 118 1
40 51 1
173 187 1
399 23 1
285 126 1
1 264 1
211 142 1
143 77 1
346 397 1
387 200 1
203 104 1
205 295 1
265 218 1
56 270 1
326 288 1
253 8 1
152 363 1
116 73 1
300 247 1
121 16 1
268 328 1
48 345 1
193 329 1
283 112 1
47 146 1
332 16 1
233 40 1
87 274 1
268 331 1
4 2 1
300 355 1
115 304 1
201 73 1
190 296 1
280 206 1
151 395 1
286 167 1
200 231 1
324 344 1
257 164 1
145 137 1
163 46 1
320 109 1
134 346 1
296 103 1
204 79 1
351 357 1
132 207 1
286 75 1
262 292 1
259 141 1
370 401 1
120 148 1
343 60 1
207 399 1
165 282 1
92 387 1
96 393 1
145 37 1
337 173 1
166 352 1
397 378 1
227 61 1
103 162 1
316 311 1
146 352 1
105 230 1
127 262 1
337 250 1
233 336 1
124 408 1
193 401 1
377 248 1
347 296 1
36 337 1
340 368 1
239 248 1
216 45 1
406 216 1
53 301 1
124 116 1
59 382 1
282 357 1
324 100 1
328 220 1
257 28 1
332 281 1
375 338 1
402 6 1
338 392 1
227 55 1
335 277 1
101 60 1
319 334 1
207 303 1
127 299 1
127 119 1
257 272 1
368 263 1
357 273 1
29 344 1
10 346 1
2 76 1
190 239 1
202 262 1
61 287 1
158 246 1
205 85 1
256 349 1
201 292 1
197 184 1
320 8 1
129 275 1
193 177 1
287 266 1
359 333 1
207 17 1
131 31 1
187 390 1
347 294 1
0 34 1
161 213 1
155 337 1
171 406 1
96 380 1
212 347 1
234 386 1
301 224 1
173 299 1
121 278 1
297 109 1
31 68 1
42 379 1
37 61 1
304 143 1
358 30 1
402 309 1
371 391 1
400 315 1
228 227 1
24 31 1
266 238 1
127 254 1
304 348 1
18 407 1
113 153 1
8 343 1
178 123 1
122 382 1
331 384 1
342 23 1
79 228 1
277 185 1
204 361 1
125 113 1
388 359 1
310 267 1
57 142 1
62 97 1
272 159 1
140 161 1
86 118 1
268 118 1
335 62 1
151 25 1
292 11 1
286 294 1
6 398 1
50 153 1
313 277 1
84 232 1
269 53 1
106 347 1
360 218 1
380 262 1
132 383 1
115 83 1
382 60 1
235 183 1
265 312 1
392 98 1
24 245 1
104 387 1
148 346 1
293 98 1
235 110 1
10 222 1
85 353 1
320 255 1
177 157 1
293 42 1
145 403 1
168 49 1
186 114 1
57 9 1
354 356 1
297 193 1
110 150 1
198 268 1
404 17 1
268 279 1
340 132 1
28 0 1
172 28 1
331 14 1
348 254 1
51 281 1
405 209 1
256 14 1
389 366 1
242 267 1
5 409 1
409 312 1
165 246 1
238 61 1
19 221 1
100 182 1
154 341 1
4 201 1
136 352 1
47 251 1
22 135 1
378 235 1
131 28 1
188 292 1
326 22 1
156 34 1
252 300 1
277 117 1
261 76 1
387 165 1
309 73 1
210 194 1
276 222 1
233 252 1
119 136 1
185 56 1
377 92 1
210 182 1
206 133 1
159 230 1
201 165 1
23 139 1
211 332 1
39 289 1
54 388 1
183 9 1
130 105 1
285 333 1
318 66 1
241 232 1
66 290 1
381 15 1
294 360 1
218 200 1
334 364 1
0 131 1
90 35 1
188 316 1
106 45 1
282 182 1
37 173 1
385 229 1
168 237 1
175 292 1
309 175 1
0 216 1
390 106 1
364 296 1
0 119 1
71 36 1
240 394 1
278 49 1
23 334 1
399 60 1
194 64 1
95 295 1
254 195 1
79 173 1
404 66 1
377 399 1
129 114 1
86 238 1
371 378 1
1 227 1
366 275 1
115 191 1
71 406 1
392 304 1
264 408 1
23 205 1
315 270 1
356 1 1
33 364 1
129 155 1
204 279 1
152 381 1
248 320 1
322 40 1
166 289 1
1 298 1
81 234 1
325 349 1
268 1 1
10 201 1
85 276 1
8 250 1
217 327 1
10 254 1
323 1
294 1
111 1
218 1
52 1
54 1
138 1
213 1
267 1
51 1
137 1
110 1
11 1
7 1
1 1
337 1
254 1
287 1
176 1
290 1
286 1
316 1
294 1
107 1
47 1
95 1
127 1
119 1
88 1
116 1
235 1
147 1
123 1
47 1
82 1
368 1
248 1
386 1
33 1
27 1
409 1
264 1
337 1
58 1
2 1
392 1
276 1
176 1
148 1
208 1
266 1
200 1
251 1
145 1
217 1
271 1
387 1
60 1
208 1
379 1
192 1
266 1
124 1
294 1
11 1
329 1
347 1
222 1
110 1
282 1
210 1
26 1
176 1
352 1
307 1
373 1
241 1
287 1
251 1
50 1
140 1
12 1
257 1
348 1
244 1
130 1
170 1
12 1
245 1
391 1
11 1
63 1
365 1
251 1
390 1
379 1
360 1
216 1
202 1
80 1
255 1
325 1
168 1
178 1
348 1
200 1
66 1
75 1
325 1
27 1
67 1
147 1
108 1
244 1
244 1
252 1
163 1
75 1
247 1
50 1
111 1
216 1
34 1
169 1
12 1
90 1
144 1
132 1
197 1
73 1
193 1
139 1
63 1
405 1
344 1
210 1
312 1
266 1
395 1
356 1
379 1
240 1
184 1
105 1
16 1
309 1
356 1
55 1
155 1
162 1
287 1
349 1
401 1
396 1
167 1
319 1
174 1
85 1
122 1
404 1
52 1
258 1
70 1
267 1
195 1
170 1
283 1
55 1
393 1
36 1
287 1
271 1
279 1
236 1
45 1
232 1
360 1
41 1
104 1
355 1
320 1
180 1
324 1
227 1
197 1
290 1
170 1
348 1
338 1
265 1
249 1
396 1
174 1
23 1
151 1
361 1
64 1
384 1
226 1
346 1
382 1
288 1
80 1
302 1
157 1
145 1
142 1
234 1
13 1
125 1
377 1
179 1
21 1
282 1
355 1
167 1
45 1
351 1
263 1
26 1
150 1
227 1
177 1
176 1
179 1
5 1
187 1
276 1
393 1
72 1
233 1
227 1
133 1
254 1
127 1
347 1
396 1
349 1
312 1
226 1
187 1
251 1
128 1
1 1
121 1
326 1
316 1
25 1
132 1
70 1
399 1
354 1
106 1
406 1
169 1
388 1
283 1
200 1
167 1
33 1
232 1
274 1
278 1
102 1
241 1
242 1
176 1
381 1
326 1
194 1
185 1
99 1
340 1
108 1
263 1
404 1
45 1
209 1
104 1
347 1
249 1
245 1
396 1
241 1
136 1
144 1
141 1
306 1
151 1
359 1
409 1
16 1
146 1
378 1
202 1
58 1
130 1
63 1
151 1
218 1
269 1
251 1
162 1
219 1
168 1
206 1
43 1
135 1
332 1
31 1
21 1
281 1
335 1
385 1
235 1
304 1
181 1
292 1
32 1
175 1
162 1
272 1
239 1
355 1
159 1
236 1
304 1
46 1
246 1
72 1
21 1
184 1
248 1
388 1
214 1
206 1
66 1
171 1
4 1
211 1
13 1
204 1
39 1
25 1
8 1
78 1
117 1
118 1
319 1
105 1
244 1
22 1
269 1
262 1
86 1
267 1
4 1
243 1
395 1
333 1
221 1
296 1
251 1
134 1
97 1
394 1
133 1
188 1
85 1
195 1
372 1
242 1
321 1
95 1
146 1
227 1
19 1
89 1
169 1
277 1
135 1
370 1
46 1
321 1
58 1
2 1
123 1
317 1
203 1
59 1
172 1
372 1
207 1
390 1
336 1
132 1
160 1
371 1
370 1
190 1
174 1
306 1
24 1
76 1
19 1
44 1
163 1
311 1
282 1
47 1
83 387
302 177
15 202
409 273
230 331
386 349
224 20
79 204
138 180
146 307
