349 1118 5
158 175 1
116 335 1
329 1 1
312 21 1
38 45 1
207 46 1
142 6 1
164 226 1
256 58 1
40 212 1
337 106 1
167 219 1
31 0 1
197 94 1
26 292 1
203 294 1
148 8 1
246 250 1
218 130 1
188 340 1
35 309 1
197 229 1
60 337 1
219 210 1
258 187 1
153 310 1
287 176 1
14 60 1
221 255 1
26 107 1
36 31 1
35 89 1
139 66 1
84 77 1
106 146 1
46 316 1
23 227 1
42 226 1
290 39 1
317 36 1
235 228 1
83 301 1
124 208 1
216 190 1
334 119 1
81 311 1
95 217 1
174 274 1
38 131 1
312 239 1
103 144 1
193 331 1
331 256 1
328 132 1
315 170 1
30 11 1
238 167 1
169 242 1
165 230 1
161 79 1
195 179 1
323 337 1
211 69 1
37 270 1
230 333 1
145 122 1
36 76 1
240 168 1
152 343 1
243 62 1
274 126 1
296 241 1
106 10 1
255 163 1
347 186 1
100 200 1
346 248 1
164 305 1
313 79 1
180 78 1
47 168 1
183 115 1
19 266 1
266 81 1
96 348 1
107 70 1
316 64 1
303 344 1
233 309 1
296 1 1
206 266 1
217 247 1
109 138 1
264 245 1
56 215 1
124 199 1
94 131 1
17 271 1
135 307 1
158 94 1
340 254 1
178 224 1
313 166 1
310 340 1
18 283 1
199 282 1
94 301 1
299 190 1
187 226 1
201 237 1
4 76 1
117 120 1
123 101 1
297 150 1
135 316 1
284 285 1
185 164 1
194 107 1
219 308 1
198 18 1
275 190 1
48 249 1
98 11 1
133 25 1
68 263 1
2 86 1
120 37 1
106 132 1
26 226 1
139 37 1
134 289 1
79 172 1
49 260 1
235 226 1
283 285 1
255 203 1
147 235 1
71 197 1
223 180 1
72 240 1
10 281 1
21 250 1
26 122 1
56 291 1
40 169 1
237 188 1
49 315 1
44 197 1
31 346 1
322 96 1
243 32 1
174 159 1
88 57 1
292 274 1
73 10 1
162 156 1
114 108 1
120 27 1
82 177 1
291 275 1
55 17 1
260 220 1
22 85 1
248 346 1
32 57 1
107 37 1
323 252 1
171 307 1
140 154 1
158 331 1
140 288 1
197 313 1
31 55 1
212 131 1
236 118 1
219 73 1
242 319 1
202 5 1
262 267 1
239 169 1
55 320 1
72 303 1
281 348 1
98 327 1
159 198 1
241 90 1
61 35 1
210 334 1
22 77 1
112 319 1
319 189 1
341 303 1
99 304 1
123 219 1
121 276 1
124 203 1
124 4 1
49 84 1
135 4 1
343 224 1
198 51 1
8 287 1
173 171 1
118 179 1
52 82 1
225 302 1
254 206 1
192 88 1
169 296 1
160 61 1
35 279 1
9 70 1
339 101 1
305 272 1
314 327 1
292 310 1
288 313 1
328 40 1
193 77 1
121 100 1
303 136 1
241 138 1
87 18 1
90 231 1
285 106 1
296 95 1
84 346 1
138 312 1
215 114 1
244 12 1
235 289 1
142 160 1
210 254 1
259 125 1
66 185 1
165 203 1
54 307 1
47 111 1
92 188 1
4 182 1
176 22 1
275 266 1
328 141 1
99 128 1
41 186 1
134 239 1
79 26 1
266 15 1
337 296 1
333 336 1
289 210 1
280 151 1
182 302 1
67 290 1
260 34 1
282 38 1
271 153 1
120 38 1
268 197 1
9 192 1
93 125 1
50 209 1
153 307 1
166 207 1
196 16 1
243 120 1
120 317 1
74 133 1
323 84 1
183 219 1
107 220 1
98 313 1
326 314 1
47 200 1
42 257 1
237 34 1
50 250 1
210 14 1
143 167 1
58 187 1
291 9 1
55 179 1
162 95 1
67 251 1
67 12 1
306 108 1
74 211 1
215 216 1
183 51 1
295 13 1
109 340 1
40 187 1
9 5 1
209 80 1
3 2 1
239 246 1
82 146 1
144 106 1
338 216 1
335 106 1
313 88 1
188 40 1
203 262 1
106 25 1
128 42 1
215 230 1
333 265 1
219 161 1
313 116 1
148 98 1
45 227 1
125 198 1
291 282 1
228 197 1
314 71 1
205 237 1
71 136 1
80 6 1
100 211 1
220 272 1
193 224 1
127 33 1
21 320 1
211 170 1
78 106 1
258 171 1
168 101 1
1 191 1
49 183 1
227 303 1
20 222 1
228 100 1
46 160 1
32 173 1
126 321 1
227 103 1
11 196 1
241 315 1
290 249 1
181 29 1
77 321 1
66 19 1
275 292 1
341 245 1
259 40 1
232 74 1
14 158 1
48 169 1
273 158 1
7 127 1
76 294 1
297 306 1
115 331 1
65 137 1
38 147 1
11 96 1
145 25 1
212 24 1
30 212 1
309 146 1
11 168 1
296 280 1
2 247 1
265 41 1
69 196 1
231 301 1
133 229 1
340 209 1
284 207 1
216 45 1
91 316 1
207 28 1
42 229 1
174 225 1
275 119 1
248 322 1
107 273 1
86 242 1
31 73 1
177 306 1
109 199 1
347 50 1
248 0 1
250 322 1
308 40 1
34 288 1
233 43 1
30 267 1
314 306 1
67 280 1
198 336 1
279 226 1
247 261 1
332 23 1
34 251 1
63 164 1
30 10 1
74 287 1
239 83 1
266 290 1
114 233 1
252 53 1
90 277 1
230 309 1
223 226 1
217 130 1
291 262 1
267 163 1
57 270 1
262 232 1
102 228 1
244 18 1
151 184 1
70 229 1
278 309 1
138 338 1
2 27 1
0 216 1
153 187 1
77 83 1
223 214 1
215 307 1
112 320 1
182 304 1
168 213 1
227 203 1
262 45 1
67 268 1
214 82 1
58 193 1
209 250 1
296 105 1
270 45 1
99 80 1
14 76 1
15 121 1
168 19 1
51 219 1
17 296 1
22 246 1
163 49 1
63 105 1
282 61 1
243 302 1
206 257 1
221 82 1
283 113 1
12 336 1
148 335 1
5 266 1
271 145 1
125 59 1
35 134 1
328 289 1
308 282 1
169 236 1
301 89 1
48 194 1
273 83 1
120 151 1
28 49 1
146 274 1
101 150 1
273 303 1
182 287 1
105 58 1
291 101 1
159 141 1
318 321 1
176 289 1
98 196 1
34 327 1
325 71 1
95 269 1
129 75 1
165 8 1
169 208 1
260 153 1
194 313 1
264 302 1
59 290 1
183 246 1
177 264 1
87 13 1
62 58 1
203 251 1
338 52 1
245 114 1
214 248 1
106 97 1
89 344 1
311 90 1
212 213 1
34 198 1
73 59 1
120 276 1
19 27 1
78 161 1
166 29 1
21 17 1
173 113 1
6 303 1
145 57 1
261 286 1
128 98 1
308 160 1
342 199 1
301 191 1
335 119 1
160 195 1
321 327 1
96 209 1
79 11 1
9 55 1
186 29 1
328 44 1
312 294 1
41 275 1
305 348 1
298 24 1
94 263 1
318 1 1
145 105 1
98 73 1
232 152 1
64 9 1
189 90 1
312 189 1
300 253 1
226 37 1
223 306 1
274 271 1
261 314 1
28 68 1
102 330 1
204 201 1
34 53 1
268 347 1
148 77 1
210 269 1
40 270 1
190 325 1
237 252 1
199 321 1
133 193 1
343 110 1
34 181 1
254 160 1
45 92 1
3 318 1
95 181 1
94 310 1
259 81 1
72 130 1
112 41 1
219 197 1
168 329 1
44 21 1
266 309 1
60 305 1
83 127 1
30 27 1
250 174 1
344 66 1
255 345 1
100 324 1
344 145 1
201 113 1
332 245 1
109 270 1
62 139 1
230 124 1
305 318 1
208 230 1
275 74 1
29 204 1
73 97 1
204 158 1
206 313 1
74 252 1
116 3 1
207 191 1
91 152 1
38 243 1
242 145 1
34 164 1
204 36 1
138 190 1
232 204 1
196 18 1
68 104 1
14 2 1
194 292 1
73 292 1
100 94 1
125 297 1
155 123 1
161 337 1
320 1 1
245 254 1
284 191 1
249 302 1
115 99 1
44 18 1
299 131 1
204 142 1
263 272 1
294 100 1
221 297 1
223 132 1
143 137 1
234 244 1
234 163 1
166 206 1
45 123 1
310 65 1
309 235 1
169 266 1
57 113 1
344 128 1
125 216 1
282 329 1
270 103 1
17 171 1
163 114 1
122 225 1
290 306 1
1 229 1
336 1 1
314 22 1
333 343 1
190 159 1
218 266 1
0 28 1
44 196 1
306 97 1
153 210 1
333 113 1
65 271 1
264 105 1
141 243 1
124 204 1
271 46 1
177 203 1
92 87 1
145 184 1
277 328 1
40 268 1
51 333 1
266 162 1
304 249 1
110 32 1
174 341 1
319 88 1
208 301 1
235 0 1
242 332 1
327 88 1
289 334 1
276 178 1
27 341 1
94 128 1
284 62 1
271 247 1
67 245 1
132 147 1
149 217 1
11 78 1
172 265 1
34 320 1
322 54 1
117 128 1
300 327 1
142 205 1
77 204 1
117 56 1
48 336 1
70 196 1
313 144 1
110 69 1
125 84 1
153 259 1
307 112 1
240 21 1
121 265 1
172 341 1
303 274 1
154 269 1
176 197 1
271 173 1
122 328 1
14 205 1
43 176 1
110 257 1
209 235 1
303 23 1
114 259 1
177 159 1
160 35 1
33 331 1
282 180 1
0 85 1
154 268 1
28 188 1
148 290 1
280 269 1
164 207 1
329 257 1
346 51 1
332 109 1
229 204 1
115 214 1
169 88 1
343 185 1
331 129 1
54 184 1
224 309 1
47 180 1
141 334 1
111 209 1
133 303 1
233 303 1
96 70 1
190 167 1
158 339 1
4 202 1
9 41 1
82 78 1
236 8 1
70 37 1
21 168 1
274 61 1
104 58 1
248 30 1
295 165 1
8 218 1
269 295 1
265 246 1
242 20 1
200 205 1
202 268 1
245 268 1
152 276 1
168 251 1
188 293 1
107 191 1
11 18 1
308 331 1
209 114 1
204 34 1
73 93 1
195 280 1
314 78 1
276 279 1
44 252 1
117 162 1
321 94 1
34 3 1
329 107 1
328 3 1
63 277 1
81 160 1
35 273 1
159 290 1
192 74 1
232 288 1
205 177 1
222 273 1
62 236 1
155 318 1
223 224 1
5 44 1
23 250 1
195 0 1
119 205 1
72 109 1
345 17 1
241 72 1
275 97 1
303 25 1
125 306 1
92 195 1
319 295 1
327 70 1
214 120 1
210 226 1
271 24 1
17 102 1
51 47 1
255 89 1
19 279 1
252 119 1
258 238 1
47 224 1
251 100 1
226 50 1
21 14 1
41 177 1
220 312 1
136 240 1
126 293 1
199 154 1
110 2 1
101 93 1
283 222 1
92 311 1
273 91 1
321 221 1
83 173 1
262 131 1
285 184 1
182 45 1
101 323 1
150 75 1
295 251 1
260 1 1
117 187 1
40 256 1
168 291 1
40 27 1
228 318 1
85 58 1
198 78 1
289 343 1
217 263 1
156 57 1
192 321 1
36 111 1
120 304 1
308 346 1
30 235 1
197 249 1
95 291 1
294 307 1
343 138 1
215 134 1
81 207 1
170 89 1
16 265 1
201 144 1
166 216 1
72 157 1
26 17 1
16 15 1
313 140 1
182 221 1
123 91 1
320 6 1
293 278 1
12 228 1
76 124 1
72 79 1
65 168 1
237 122 1
312 263 1
162 136 1
171 305 1
235 279 1
78 25 1
69 215 1
141 46 1
301 268 1
295 130 1
164 43 1
318 284 1
238 315 1
139 47 1
338 268 1
65 255 1
18 236 1
6 117 1
196 61 1
52 183 1
198 267 1
299 182 1
326 114 1
284 135 1
114 282 1
262 238 1
31 124 1
297 89 1
43 76 1
43 276 1
213 327 1
63 77 1
267 21 1
168 86 1
44 241 1
79 207 1
134 198 1
119 136 1
23 265 1
232 342 1
63 3 1
203 136 1
329 335 1
6 315 1
250 186 1
17 290 1
184 212 1
95 124 1
207 297 1
10 276 1
89 175 1
76 130 1
325 53 1
216 59 1
72 69 1
115 107 1
279 306 1
135 186 1
19 335 1
52 330 1
314 249 1
301 168 1
319 297 1
53 147 1
341 102 1
70 331 1
34 165 1
264 162 1
266 314 1
248 117 1
285 111 1
281 34 1
101 312 1
101 168 1
52 301 1
13 345 1
223 66 1
263 271 1
144 0 1
251 148 1
210 3 1
322 162 1
136 99 1
171 135 1
222 148 1
229 191 1
148 286 1
37 291 1
214 221 1
115 241 1
135 60 1
120 342 1
222 19 1
189 99 1
277 86 1
324 200 1
80 266 1
30 21 1
70 268 1
21 341 1
268 52 1
169 345 1
108 97 1
297 291 1
157 120 1
175 57 1
81 40 1
241 313 1
303 177 1
168 207 1
139 43 1
296 228 1
21 315 1
344 321 1
286 102 1
153 0 1
346 64 1
161 174 1
147 76 1
312 303 1
26 123 1
35 94 1
348 223 1
166 6 1
149 309 1
56 282 1
100 108 1
129 38 1
115 141 1
169 329 1
249 160 1
76 338 1
346 72 1
303 226 1
173 137 1
88 274 1
143 265 1
195 135 1
132 209 1
295 36 1
100 312 1
239 337 1
154 78 1
103 64 1
318 123 1
282 311 1
121 34 1
109 311 1
59 327 1
155 71 1
58 113 1
38 87 1
28 38 1
17 145 1
345 260 1
49 225 1
206 123 1
316 325 1
253 237 1
17 319 1
11 335 1
321 77 1
324 265 1
87 65 1
35 312 1
268 194 1
265 270 1
184 245 1
102 311 1
292 97 1
228 255 1
275 135 1
85 79 1
344 59 1
99 78 1
67 337 1
78 56 1
29 240 1
239 272 1
53 251 1
170 37 1
202 304 1
3 158 1
250 39 1
169 73 1
3 81 1
164 160 1
255 210 1
342 337 1
272 221 1
8 210 1
52 326 1
20 331 1
244 207 1
201 342 1
146 263 1
47 31 1
159 119 1
22 118 1
79 334 1
242 337 1
42 88 1
88 5 1
178 270 1
29 327 1
148 13 1
42 295 1
311 133 1
64 280 1
177 40 1
103 329 1
130 185 1
184 26 1
30 149 1
2 71 1
21 139 1
250 142 1
53 191 1
179 295 1
240 20 1
281 191 1
244 324 1
313 232 1
57 123 1
8 176 1
150 169 1
273 17 1
79 14 1
256 82 1
214 161 1
236 222 1
79 77 1
185 282 1
258 159 1
346 92 1
191 11 1
296 67 1
304 283 1
176 29 1
340 220 1
202 344 1
119 107 1
44 99 1
96 149 1
138 247 1
38 54 1
29 23 1
3 65 1
123 14 1
220 7 1
230 195 1
184 164 1
184 290 1
43 311 1
219 325 1
312 48 1
116 309 1
226 326 1
98 132 1
12 229 1
151 42 1
256 17 1
276 36 1
279 156 1
163 198 1
302 1
118 1
308 1
305 1
150 1
347 1
192 1
146 1
96 1
292 1
253 1
120 1
125 1
239 1
258 1
305 1
332 1
172 1
316 1
234 1
183 1
328 1
346 1
270 1
202 1
345 1
227 1
66 1
64 1
282 1
306 1
2 1
159 1
176 1
80 1
254 1
145 1
211 1
340 1
55 1
96 1
158 1
114 1
86 1
200 1
142 1
136 1
244 1
44 1
33 1
153 1
304 1
266 1
191 1
108 1
188 1
320 1
137 1
242 1
315 1
98 1
191 1
170 1
171 1
98 1
78 1
117 1
144 1
64 1
11 1
46 1
217 1
176 1
153 1
326 1
276 1
334 1
144 1
301 1
112 1
255 1
47 1
192 1
40 1
213 1
253 1
170 1
205 1
265 1
222 1
87 1
69 1
169 1
114 1
169 1
299 1
300 1
102 1
74 1
233 1
295 1
31 1
132 1
31 1
195 1
79 1
30 1
108 1
114 1
42 1
8 1
253 1
224 1
111 1
196 1
259 1
65 1
83 1
183 1
215 1
261 1
214 1
83 1
326 1
84 1
29 1
327 1
209 1
52 1
104 1
66 1
237 1
336 1
213 1
316 1
161 1
231 1
232 1
35 1
253 1
164 1
52 1
265 1
57 1
115 1
128 1
208 1
332 1
66 1
261 1
178 1
311 1
144 1
211 1
148 1
339 1
313 1
312 1
139 1
338 1
147 1
39 1
193 1
135 1
216 1
314 1
176 1
263 1
300 1
315 1
110 1
345 1
293 1
267 1
275 1
173 1
86 1
308 1
2 1
125 1
94 1
80 1
238 1
159 1
334 1
229 1
295 1
190 1
234 1
2 1
320 1
318 1
347 1
12 1
290 1
345 1
239 1
294 1
108 1
143 1
61 1
252 1
328 1
292 1
15 1
275 1
133 1
76 1
67 1
63 1
158 1
49 1
196 1
23 1
18 1
6 1
193 1
287 1
302 1
8 1
179 1
228 1
158 1
20 1
3 1
164 1
222 1
201 1
254 1
15 1
86 1
65 1
147 1
137 1
173 1
320 1
155 1
47 1
153 1
55 1
210 1
45 1
44 1
305 1
248 1
122 1
165 1
339 1
308 1
237 1
90 1
47 1
343 1
275 1
101 1
112 1
78 1
246 1
224 1
249 1
343 1
201 1
309 1
229 1
78 1
112 1
159 1
5 1
39 1
134 1
248 1
204 1
30 1
295 1
115 1
21 1
308 1
168 1
305 1
153 1
52 1
29 1
64 1
328 1
251 1
318 1
305 1
278 1
211 1
194 1
312 1
198 1
323 1
8 1
336 1
55 1
194 1
104 1
12 1
86 1
117 1
80 1
208 1
203 1
203 1
292 1
70 1
188 1
113 1
292 1
206 1
11 1
301 1
341 1
306 1
177 1
191 1
134 1
345 1
344 1
226 1
41 1
25 1
345 1
248 1
102 1
241 1
334 1
75 1
249 1
59 1
209 1
64 1
261 1
168 1
229 1
211 1
136 1
270 1
112 1
212 1
333 1
153 1
22 1
22 1
24 1
277 1
38 1
35 1
265 247
27 79
78 137
285 301
169 84
