441 858 6929
139 208 631
357 373 561
270 390 489
15 132 678
145 8 530
298 151 153
351 17 619
179 59 59
327 401 943
282 297 34
283 218 269
318 42 551
109 123 386
14 114 980
228 99 622
132 124 259
253 93 17
213 246 404
438 157 785
280 109 234
12 333 725
372 425 991
62 320 654
124 340 667
121 386 92
246 160 461
182 89 288
414 16 768
379 319 492
110 90 530
316 410 407
22 238 97
18 187 232
18 385 549
405 145 861
292 342 280
397 329 216
41 10 168
57 165 614
113 409 287
122 317 971
61 282 361
32 75 50
26 338 325
46 122 967
155 248 648
72 167 828
247 198 445
214 378 795
234 315 392
226 317 408
72 114 347
3 33 374
202 428 217
127 100 668
237 357 576
227 387 128
201 294 750
148 370 835
82 2 772
226 308 291
259 94 600
331 76 133
141 70 419
341 254 435
258 252 515
300 345 642
194 328 681
188 418 179
1 146 433
254 140 373
95 409 213
420 221 603
111 235 671
141 104 533
197 365 307
4 138 975
159 93 830
45 148 732
332 158 952
73 206 98
298 305 876
117 288 962
10 414 426
193 432 970
154 168 317
122 139 686
304 279 869
22 1 39
284 198 13
344 335 275
157 374 59
266 288 182
144 234 837
381 285 141
303 154 322
184 79 439
410 329 898
265 105 861
282 206 392
13 321 378
48 95 816
413 211 663
91 378 92
335 384 733
97 224 551
127 121 492
88 292 627
371 210 271
33 31 341
436 390 931
165 15 11
197 106 643
80 440 334
171 221 634
346 232 368
64 429 479
200 215 608
292 140 548
417 207 191
412 77 263
240 130 673
3 78 210
152 288 242
232 104 530
428 317 531
326 433 196
373 213 550
144 139 365
67 410 128
264 405 625
308 385 556
154 52 758
381 230 211
75 129 241
351 89 58
306 182 78
232 57 865
53 90 294
197 332 976
345 379 2
346 68 750
116 304 949
198 349 317
199 428 8
176 103 392
221 401 989
106 364 726
209 408 450
224 67 789
370 395 865
46 309 566
433 217 563
293 97 473
51 38 941
255 107 246
5 102 870
310 61 351
21 213 245
120 246 492
60 38 775
218 436 67
199 17 944
201 251 857
269 90 428
366 75 181
422 176 804
111 172 449
355 416 641
324 126 621
100 346 286
255 350 484
168 235 719
4 2 663
46 281 959
216 67 779
345 440 110
416 90 392
412 83 463
321 241 658
208 153 256
135 346 584
373 388 378
208 373 578
395 102 387
345 68 759
187 280 406
124 238 806
339 260 867
250 289 886
316 222 987
348 166 176
82 403 880
425 410 16
339 95 337
135 292 85
409 97 181
112 183 902
215 343 545
213 206 984
108 104 235
261 48 305
141 383 270
268 38 698
1 304 348
323 280 294
124 186 308
221 241 727
116 299 289
293 197 256
201 154 355
180 308 298
152 289 926
400 316 808
86 52 771
296 266 346
190 304 68
83 88 424
173 281 891
300 31 829
154 30 62
220 200 269
262 161 494
164 336 251
200 65 328
167 334 905
69 239 492
290 72 270
371 333 942
143 41 446
99 11 954
128 280 390
273 32 679
103 436 87
156 321 122
196 346 666
435 52 128
43 255 162
404 143 719
429 288 30
82 84 542
323 143 758
111 137 890
98 331 559
129 249 607
116 380 262
188 75 596
97 154 231
235 421 313
354 301 452
274 141 865
198 143 431
131 46 598
211 237 183
236 83 713
206 41 177
205 315 399
350 392 128
213 266 220
244 51 836
93 1 678
164 319 722
44 378 297
174 409 578
122 87 547
283 82 978
425 58 477
167 166 850
150 282 689
249 85 162
348 92 352
274 100 998
141 365 688
280 163 546
286 288 936
0 88 814
343 103 833
210 38 875
134 338 327
207 285 456
345 151 519
67 314 962
176 220 770
86 390 856
412 341 574
293 235 986
54 94 360
354 32 746
180 43 115
54 41 477
76 316 752
427 67 704
195 148 890
91 409 886
79 133 937
416 386 729
433 148 485
378 65 887
113 116 989
398 258 713
150 440 437
419 94 874
419 178 519
129 148 11
406 183 810
290 300 420
347 110 927
407 1 866
410 439 423
107 409 412
145 32 869
79 52 27
77 143 872
339 307 976
232 438 742
35 43 369
299 147 824
78 203 572
312 274 472
126 210 141
169 133 838
247 180 288
85 350 905
207 280 203
413 385 955
104 337 211
128 158 412
334 324 255
176 404 723
318 156 155
256 236 572
319 87 341
66 130 44
183 13 443
424 72 579
390 350 834
164 379 721
24 418 909
290 48 982
364 80 384
336 234 465
255 200 154
339 312 418
15 393 23
14 104 187
271 57 887
396 237 591
359 180 627
287 89 854
270 394 58
431 248 625
276 12 839
95 365 371
356 98 620
73 193 22
311 59 712
256 138 93
142 116 571
205 411 370
210 56 456
395 103 229
67 368 775
101 205 556
424 10 392
6 228 295
288 42 131
38 332 190
138 56 8
259 390 703
163 216 857
32 411 365
217 27 41
124 381 957
343 84 217
74 402 692
325 398 595
438 227 436
86 58 475
132 112 202
384 124 508
95 424 935
131 175 85
372 169 199
350 29 367
433 367 505
128 255 556
163 418 534
188 325 743
295 64 271
65 10 750
152 256 915
346 150 108
22 394 358
355 278 620
46 266 991
235 228 549
285 340 845
243 104 809
68 389 640
366 303 782
282 340 541
21 229 532
159 72 834
390 271 817
281 198 156
393 370 94
303 6 126
222 343 377
250 300 636
104 344 693
389 290 728
242 167 13
169 377 490
141 93 32
142 221 358
68 193 29
358 120 877
131 249 809
323 144 560
373 418 560
389 343 66
90 41 147
371 166 175
71 79 607
12 255 830
137 198 827
143 112 653
165 359 245
226 412 132
30 119 807
386 281 490
73 302 528
231 427 487
135 140 41
285 325 511
262 222 128
119 23 172
320 401 896
77 287 672
380 20 862
279 92 476
297 265 337
127 117 710
182 360 574
71 279 707
222 38 273
85 429 899
173 412 658
79 216 436
328 222 375
101 325 738
409 310 277
288 233 195
196 324 485
33 135 850
58 54 942
286 398 853
239 354 403
18 394 531
56 408 876
211 12 712
78 185 333
418 189 369
336 250 260
264 183 744
269 50 56
131 314 439
369 131 676
74 366 610
139 354 184
260 9 517
365 154 548
103 45 391
33 24 33
71 400 122
22 300 90
238 94 669
273 438 360
55 266 823
178 25 249
392 15 479
420 126 847
318 28 420
382 193 255
66 392 349
92 340 816
290 97 626
408 406 899
293 363 925
204 218 804
74 171 515
205 35 799
272 64 994
139 118 667
169 128 551
125 10 8
437 192 635
89 404 784
21 432 574
390 345 455
277 438 642
38 385 756
157 74 591
18 247 358
248 130 126
277 348 12
162 65 8
214 430 493
232 385 189
243 435 92
123 197 329
15 251 271
2 231 354
73 432 490
203 193 257
89 277 398
241 213 26
269 178 326
323 48 989
113 248 379
408 257 599
288 300 988
303 115 189
282 316 754
249 273 884
388 71 488
403 163 838
161 313 490
117 85 646
320 301 570
140 258 986
151 338 372
35 373 75
312 115 912
16 280 110
310 246 954
273 158 558
279 298 596
380 355 173
295 402 927
366 97 43
357 221 493
166 388 651
260 111 957
204 308 410
238 146 653
103 233 731
355 364 947
414 32 609
214 178 364
221 78 416
98 129 131
336 68 743
40 93 140
324 259 535
285 278 702
302 354 728
27 304 127
206 168 810
197 17 169
291 298 587
336 208 167
355 86 556
24 83 45
224 375 683
370 353 346
0 166 291
426 299 572
122 218 584
332 66 454
354 309 610
398 304 797
231 129 328
305 171 660
394 193 970
345 334 159
62 254 398
248 90 824
435 110 177
123 125 800
75 221 82
48 53 583
165 321 552
369 29 646
160 419 725
391 106 353
267 419 573
254 119 636
253 13 202
410 275 343
168 144 258
408 211 459
101 259 816
111 54 286
415 359 483
169 225 283
210 320 97
222 409 734
158 178 771
321 428 378
404 344 973
365 345 441
269 100 874
52 162 695
95 160 203
311 258 207
15 6 386
208 294 236
118 420 666
166 224 541
360 435 741
94 7 921
73 229 299
406 219 879
95 190 685
316 335 523
260 235 50
192 408 22
133 248 27
189 391 156
297 408 467
326 166 671
319 390 902
125 363 538
317 124 681
291 154 134
271 115 521
15 86 210
315 364 511
95 14 613
195 285 52
313 410 293
370 145 596
344 437 767
34 306 156
434 282 501
279 53 229
127 376 862
196 130 583
190 434 672
84 35 436
178 395 234
387 386 999
154 13 442
342 202 999
16 114 986
112 9 27
4 307 95
394 82 105
303 187 949
63 403 247
258 360 888
106 338 238
374 313 795
318 134 946
212 225 588
296 286 193
366 174 769
347 306 344
341 190 661
422 401 312
251 5 947
202 418 327
36 280 711
375 25 803
178 319 448
324 359 806
68 126 94
105 129 989
261 89 643
418 183 331
231 318 90
152 16 848
232 103 643
96 273 883
80 162 30
103 166 288
3 327 406
397 80 816
159 297 513
359 422 107
158 191 384
349 97 7
254 303 529
173 323 748
149 269 497
222 92 519
379 139 577
76 429 78
235 358 746
116 264 336
325 311 184
48 305 691
118 307 196
107 291 708
305 235 280
278 281 862
428 392 562
241 217 641
125 371 47
369 379 229
426 131 213
87 176 908
382 113 107
277 83 825
273 29 411
411 13 499
64 326 333
418 135 68
57 144 28
436 201 878
153 43 882
18 139 509
209 33 724
69 4 398
73 0 919
198 190 697
203 435 886
147 345 976
164 123 924
206 220 77
117 214 363
255 269 122
96 283 545
292 50 374
107 297 154
337 297 811
237 328 67
358 188 595
305 122 665
330 65 140
35 269 748
295 330 129
184 221 739
149 8 55
111 384 562
298 321 806
359 434 548
186 439 425
267 53 205
251 294 841
3 12 657
309 78 944
82 168 938
203 194 719
378 434 740
355 375 678
49 329 369
208 319 395
249 128 622
274 344 267
244 155 253
177 120 374
395 393 26
289 303 739
70 437 209
35 135 741
213 425 381
119 215 827
39 194 684
224 248 55
349 291 57
423 373 919
101 73 558
34 129 603
192 66 471
373 117 797
195 395 356
252 413 155
280 16 184
91 169 76
393 440 259
136 105 983
184 395 829
377 298 599
217 234 554
171 428 619
374 128 417
65 259 924
32 91 268
6 236 497
254 435 32
246 7 976
366 238 349
352 279 432
11 140 758
235 320 135
214 252 280
111 203 959
313 252 535
68 365 637
374 421 373
51 407 100
243 93 511
223 275 179
319 344 433
194 137 928
72 37 274
365 65 453
344 60 322
98 34 311
393 15 978
106 241 365
39 321 212
422 312 245
401 288 322
255 373 48
81 361 426
421 132 993
23 20 281
374 26 566
138 317 768
354 15 376
343 301 428
147 177 457
293 42 774
431 394 52
15 408 677
316 371 385
51 11 909
73 39 487
47 10 524
81 293 792
421 288 834
12 266 755
133 159 548
54 140 558
76 323 152
81 437 377
305 192 956
234 150 624
421 89 914
253 34 840
359 193 463
182 353 169
66 84 652
269 182 755
224 70 987
44 282 70
79 132 354
326 33 321
344 211 655
405 120 96
19 80 43
74 179 287
13 298 319
262 367 811
24 56 993
94 175 24
238 390 761
197 205 418
383 296 357
282 151 249
109 102 662
222 119 556
49 67 347
29 51 143
94 268 937
379 59
347 96
409 923
372 453
435 280
241 897
29 249
212 275
33 504
5 332
288 551
67 890
294 609
393 271
357 692
386 32
46 925
345 876
241 323
349 935
131 48
415 258
92 697
50 1
83 977
303 394
0 890
395 955
130 452
429 356
276 147
328 161
250 918
142 419
230 78
404 984
276 707
21 374
65 794
340 856
117 860
330 26
2 745
31 3
283 363
379 516
40 254
78 492
423 120
123 865
232 295
225 278
177 60
159 507
56 272
405 269
129 910
188 129
309 344
320 661
369 741
173 417
350 302
185 816
266 832
291 924
381 671
199 659
351 643
13 712
124 156
280 902
315 492
421 524
271 494
201 130
194 503
270 774
152 457
226 236
357 425
252 464
129 662
352 82
233 867
416 236
88 407
226 438
270 500
406 847
387 489
272 295
421 3
254 864
316 306
137 102
440 401
131 949
248 757
304 850
90 908
393 527
421 696
10 8
368 807
435 259
149 893
129 680
317 508
342 237
286 948
371 247
210 403
166 769
384 569
207 812
205 638
232 691
271 880
36 106
333 113
360 379
288 70
404 829
108 611
2 602
409 307
348 518
37 285
73 57
173 670
83 607
303 841
333 642
281 446
154 686
391 981
405 541
237 396
157 610
290 53
223 651
289 780
166 689
12 272
165 124
161 363
156 237
319 118
435 808
346 117
368 157
216 708
165 8
91 395
218 134
180 926
286 886
242 107
231 53
413 815
264 748
295 46
172 225
380 170
339 860
364 536
303 466
333 489
417 401
306 200
323 192
46 785
108 944
406 15
147 835
97 834
266 982
106 759
263 622
251 204
357 480
112 87
398 688
254 596
154 422
339 863
166 188
288 670
193 712
38 881
317 185
265 511
423 155
114 119
137 867
222 475
165 703
375 956
426 672
108 718
352 516
181 310
426 317
24 403
203 87
292 839
25 394
113 504
54 84
296 734
240 482
328 778
254 691
180 575
163 267
203 837
41 870
310 774
268 572
341 537
126 57
330 21
197 647
140 280
419 894
100 495
245 685
173 401
296 130
39 634
411 117
163 619
261 4
31 759
427 557
428 631
225 871
249 915
254 235
429 955
82 78
367 95
64 688
38 826
167 377
210 121
381 52
65 657
265 743
318 968
56 196
163 796
23 57
91 476
387 102
398 953
422 890
237 367
399 989
302 689
95 878
85 819
390 929
105 264
210 236
423 153
55 692
213 219
393 310
63 842
174 444
25 961
154 197
253 215
130 8
359 811
440 24
125 880
327 29
322 959
329 807
371 482
237 344
415 651
299 866
211 401
234 455
173 408
225 671
438 466
341 432
245 71
181 985
168 639
416 866
356 366
386 325
176 777
115 236
301 599
194 169
196 892
406 925
362 277
131 794
281 989
34 584
367 614
205 51
233 815
380 108
166 878
18 12
373 196
336 971
351 797
85 595
154 739
437 692
89 225
377 609
330 200
204 260
183 379
55 712
309 606
318 725
283 878
289 893
387 207
138 446
420 245
151 9
147 121
198 665
111 680
229 913
313 704
247 293
377 862
393 916
217 788
45 807
324 375
240 30
303 633
75 302
334 689
288 383
43 208
143 534
161 539
123 901
169 457
313 634
24 160
235 684
127 236
15 137
157 707
73 372
169 937
289 807
350 24
66 96
190 120
211 189
310 75
172 626
214 709
369 908
192 940
60 42
140 247
90 664
258 429
108 671
210 543
290 430
100 309
61 284
374 620
402 948
254 694
121 140
140 848
270 319
78 331
222 629
42 522
386 256
295 905
4 948
47 139
168 744
280 299
252 862
123 137
407 772
250 314
78 332
263 443
108 574
173 720
275 731
239 261
417 318
263 404
58 968
49 425
277 376
425 346
383 675
438 819
235 751
316 479
247 616
360 84
234 816
196 171
86 473
113 546
217 760
437 466
260 117
356 154
95 705
249 177
403 796
388 832
382 895
233 557
318 49
424 899
314 431
240 4
199 872
145 224
182 616
70 792
281 345
281 179
281 130
281 284
281 436
281 94
281 297
281 169
281 253
281 253
281 117
281 297
281 23
281 49
281 403
281 99
281 355
281 30
281 116
281 120
281 130
281 118
281 291
281 435
281 12
281 440
281 40
281 422
281 265
281 146
281 435
281 388
281 122
281 50
281 86
281 205
281 312
281 241
281 342
281 387
281 285
281 232
281 235
281 113
281 98
281 188
281 87
281 432
281 399
281 376
281 157
281 344
281 56
281 174
281 185
281 93
281 80
281 62
281 312
281 133
281 41
281 53
281 0
281 344
281 293
281 358
281 132
281 161
281 32
281 357
281 339
281 205
281 314
281 332
281 189
281 417
281 11
281 121
281 395
281 258
281 209
281 311
281 259
281 4
281 106
281 301
281 284
281 150
281 393
281 366
281 242
281 73
281 207
281 385
281 146
281 217
281 86
281 391
281 347
281 95
281 416
281 252
281 54
281 378
281 241
281 221
281 258
281 132
281 117
281 419
281 435
281 16
281 128
281 104
281 255
281 303
281 384
281 429
281 366
281 67
281 49
281 409
281 218
281 106
281 194
281 55
281 293
281 378
281 210
281 409
281 2
281 315
281 163
281 214
281 62
281 237
281 174
281 177
281 378
281 286
281 305
281 54
281 418
281 73
281 142
281 361
281 435
281 114
281 4
281 38
281 266
281 279
281 198
281 231
281 82
281 357
281 414
281 173
281 351
281 55
281 144
281 432
281 333
281 92
281 301
281 107
281 283
281 420
281 409
281 196
281 130
281 320
281 344
281 19
281 247
281 188
281 0
281 368
281 376
281 437
281 283
281 262
281 425
281 250
281 181
281 264
281 355
281 430
281 218
281 264
281 139
281 283
281 332
281 412
281 32
281 187
281 0
281 115
281 359
281 417
281 101
281 81
281 236
281 339
281 267
281 365
281 388
281 70
281 146
281 108
281 360
281 248
281 212
281 124
281 263
281 91
281 69
281 264
281 269
281 383
281 55
281 249
281 55
281 39
281 165
281 11
281 65
281 123
281 171
281 293
281 122
281 298
281 308
281 208
281 68
281 354
281 436
281 8
281 62
281 285
281 214
281 318
281 436
281 11
281 45
281 342
281 218
281 330
281 112
281 290
281 319
281 106
281 140
281 194
281 306
281 270
281 16
281 153
281 291
281 310
281 319
281 261
281 9
281 130
281 196
281 275
281 204
281 306
281 137
281 331
281 317
281 437
281 300
281 296
281 345
281 307
281 227
281 312
281 286
281 276
281 270
281 199
281 333
281 190
281 98
281 424
281 283
281 394
281 266
281 402
281 56
281 231
281 181
281 166
281 157
281 150
281 217
281 360
281 424
281 30
281 391
281 152
281 88
281 100
281 392
281 0
281 239
281 422
281 319
281 84
281 350
281 106
281 121
281 109
281 414
281 265
281 265
281 426
281 75
281 263
281 284
281 4
281 290
281 263
281 365
281 102
281 240
281 86
281 97
281 289
281 403
281 264
281 2
281 294
281 8
281 274
281 360
281 134
281 247
281 438
281 256
281 270
281 353
281 433
281 416
281 82
281 142
281 124
281 375
281 141
281 357
281 360
281 275
281 12
281 12
281 270
281 29
281 46
281 16
281 303
281 288
281 336
281 116
281 279
281 230
281 273
281 117
281 202
281 154
281 182
281 332
281 91
281 181
281 345
281 236
281 105
281 302
281 270
281 354
281 194
281 410
281 168
281 257
281 303
281 369
281 408
281 98
281 77
281 434
281 261
281 173
281 364
281 293
281 163
281 44
281 0
281 140
281 20
281 336
281 0
281 381
281 304
281 66
281 78
281 18
281 169
281 49
281 311
281 283
281 370
281 136
281 139
281 25
281 416
281 299
281 191
281 171
281 347
281 138
281 61
281 406
281 306
281 58
281 23
281 24
281 255
281 372
281 333
281 293
281 43
281 152
281 400
281 334
281 99
281 96
281 370
281 287
281 39
281 382
281 304
281 30
281 328
281 245
281 28
281 88
281 383
281 401
281 74
281 147
281 301
281 15
281 342
281 400
281 420
281 200
281 245
281 188
281 317
281 7
281 338
281 227
281 50
281 165
281 192
281 109
281 267
281 6
281 106
281 161
281 4
281 215
281 262
281 225
281 31
281 260
281 384
281 199
281 433
281 271
281 263
281 104
281 421
281 427
281 117
281 17
281 67
281 413
281 173
281 352
281 410
281 173
281 276
281 184
281 313
281 266
281 351
281 342
281 302
281 9
281 121
281 343
281 6
281 256
281 208
281 90
281 407
281 250
281 46
281 24
281 2
281 282
281 40
281 326
281 75
281 185
281 117
281 361
281 68
281 370
281 82
281 63
281 148
281 98
281 221
281 174
281 332
281 150
281 97
281 153
281 331
281 321
281 190
281 238
281 159
281 173
281 298
281 20
281 8
281 329
281 24
281 222
281 339
281 195
281 310
281 362
281 126
281 364
281 290
281 156
281 279
281 232
281 22
281 248
281 100
281 191
281 271
281 98
281 146
281 177
281 369
281 143
281 327
281 103
281 358
281 138
281 237
281 61
281 74
281 357
281 306
281 45
281 119
281 64
281 381
281 301
281 61
281 364
281 268
281 147
281 107
281 33
281 287
281 406
281 19
281 117
281 344
281 53
281 174
281 35
281 306
281 214
281 318
281 22
281 1
281 365
281 260
281 240
281 56
281 437
281 380
281 273
281 50
281 372
281 400
281 339
281 337
281 92
281 390
281 200
281 51
281 150
281 175
281 24
281 169
281 253
281 249
281 216
281 243
281 328
281 34
281 12
281 391
281 22
281 38
281 206
281 305
281 299
281 433
281 260
281 203
281 322
281 419
281 32
281 384
281 16
281 299
281 141
281 54
281 107
281 373
281 264
281 107
281 386
281 290
281 161
281 385
281 257
281 248
281 2
281 152
281 191
281 156
281 198
281 210
281 21
281 33
281 90
281 428
281 259
281 113
281 96
281 229
281 82
281 131
281 276
281 250
281 199
281 427
281 388
281 25
281 283
281 273
281 62
281 410
281 425
281 288
281 65
281 81
281 391
281 359
281 84
281 408
281 360
281 230
281 306
281 235
281 151
281 90
281 255
281 325
281 334
281 264
281 235
281 182
281 193
281 32
281 119
281 81
281 339
281 245
281 190
281 83
281 96
281 314
281 3
281 137
281 51
281 205
281 359
281 271
281 77
281 379
281 240
281 31
281 211
281 342
281 148
281 228
281 43
281 65
281 7
281 301
281 225
281 242
281 434
281 243
281 265
281 406
281 287
281 245
281 77
281 155
281 129
281 88
281 336
281 86
281 183
281 160
281 359
281 293
281 65
281 237
281 35
281 223
281 408
281 96
281 226
281 276
281 185
281 279
281 339
281 382
281 83
281 108
281 372
281 439
281 117
281 185
281 203
281 336
281 324
281 393
281 292
281 170
281 428
281 154
281 351
281 214
281 394
281 126
281 234
281 341
281 63
281 99
281 415
281 134
281 138
281 247
281 179
281 39
281 412
281 435
281 287
281 199
281 32
281 285
281 82
281 417
281 413
281 271
281 156
281 289
281 44
281 132
281 231
281 347
281 223
281 99
281 373
281 274
281 166
281 307
281 425
281 333
281 424
281 116
281 334
281 224
281 99
281 307
281 402
281 284
281 184
281 407
281 243
281 120
281 72
281 181
281 154
281 57
281 288
281 263
281 101
281 36
281 147
281 307
281 351
281 89
281 320
281 158
281 368
281 111
281 354
281 338
281 4
281 235
281 175
281 153
281 130
281 218
281 135
281 193
281 141
281 311
281 408
281 377
281 405
281 6
281 20
281 129
281 205
281 141
281 115
281 242
281 73
281 373
281 269
281 373
281 130
281 88
281 360
281 139
281 76
281 191
281 425
281 140
281 314
281 367
281 320
281 88
281 73
281 57
281 35
281 302
281 425
281 287
281 413
281 226
281 237
281 23
281 212
281 275
281 238
281 119
281 326
281 253
281 49
281 415
281 67
281 415
281 29
281 386
281 439
281 277
281 359
281 196
281 150
281 30
281 366
281 142
281 393
281 38
281 18
281 303
281 171
281 357
281 278
281 160
281 283
281 403
281 252
281 203
281 87
281 238
281 348
281 362
281 116
281 435
281 275
281 87
281 112
281 9
281 186
281 44
281 382
281 145
281 15
281 109
281 118
281 313
281 58
281 70
281 188
281 259
281 44
281 366
281 255
281 75
281 326
281 379
281 93
281 117
281 107
281 137
281 200
281 135
281 196
281 423
281 188
281 291
281 160
281 129
281 359
281 337
281 44
281 305
281 75
281 155
281 159
281 320
281 319
281 24
281 317
281 259
281 220
281 320
281 4
281 435
281 376
281 5
281 403
281 290
281 228
281 182
281 84
281 192
281 191
281 326
281 318
281 315
281 46
281 347
281 159
281 222
281 396
281 415
281 21
281 429
281 212
281 351
281 190
281 124
281 114
281 230
281 247
281 434
281 357
281 397
281 276
281 81
281 59
281 406
281 34
281 310
281 81
281 14
281 411
281 399
281 330
281 77
281 303
281 425
281 418
281 99
281 265
281 144
281 262
281 102
281 196
281 380
281 377
281 80
281 287
281 270
281 223
281 198
281 306
281 248
281 295
281 137
281 361
281 339
281 389
281 44
281 356
281 300
281 413
281 95
281 343
281 190
281 297
281 431
281 306
281 73
281 264
281 240
281 384
281 109
281 325
281 119
281 216
281 439
281 119
281 197
281 260
281 176
281 66
281 129
281 387
281 260
281 63
281 296
281 356
281 87
281 62
281 92
281 278
281 336
281 296
281 126
281 64
281 351
281 271
281 83
281 239
281 353
281 404
281 366
281 188
281 372
281 26
281 389
281 322
281 283
281 32
281 202
281 170
281 239
281 184
281 197
281 251
281 267
281 126
281 124
281 31
281 15
281 429
281 349
281 393
281 196
281 83
281 69
281 123
281 430
281 170
281 314
281 350
281 81
281 217
281 425
281 311
281 369
281 431
281 185
281 205
281 36
281 388
281 199
281 77
281 117
281 256
281 143
281 353
281 342
281 54
281 285
281 99
281 64
281 352
281 372
281 251
281 383
281 369
281 59
281 33
281 344
281 388
281 146
281 370
281 344
281 368
281 156
281 8
281 254
281 92
281 329
281 369
281 169
281 61
281 201
281 255
281 65
281 258
281 197
281 195
281 181
281 412
281 240
281 24
281 373
281 318
281 141
281 405
281 41
281 146
281 287
281 346
281 159
281 121
281 410
281 14
281 343
281 208
281 1
281 35
281 94
281 307
281 248
281 323
281 251
281 194
281 120
281 184
281 277
281 214
281 365
281 233
281 384
281 88
281 154
281 22
281 347
281 101
281 178
281 323
281 416
281 169
281 261
281 57
281 200
281 406
281 336
281 300
281 214
281 56
281 331
281 195
281 311
281 2
281 377
281 410
281 334
281 71
281 320
281 300
281 121
281 177
281 345
281 21
281 382
281 44
281 371
281 335
281 139
281 349
281 354
281 374
281 384
281 419
281 359
281 106
281 68
281 253
281 105
281 192
281 417
281 187
281 307
281 65
281 117
281 78
281 351
281 92
281 58
281 323
281 217
281 366
281 365
281 333
281 39
281 211
281 261
281 159
281 301
281 323
281 306
281 408
281 425
281 234
281 411
281 346
281 253
281 395
281 309
281 339
281 416
281 169
281 316
281 288
281 82
281 173
281 439
281 255
281 127
281 318
281 47
281 418
281 218
281 413
281 350
281 266
281 316
281 419
281 13
281 139
281 272
281 165
281 147
281 436
281 225
281 316
281 59
281 406
281 26
281 52
281 26
281 30
281 256
281 297
281 70
281 241
281 54
281 370
281 85
281 277
281 260
281 106
281 40
281 331
281 64
281 323
281 406
281 200
281 288
281 13
281 212
281 302
281 273
281 75
281 163
281 244
281 349
281 229
281 285
281 416
281 73
281 59
281 314
281 301
281 408
281 244
281 362
281 159
281 24
281 403
281 307
281 245
281 318
281 1
281 22
281 142
281 57
281 113
281 149
281 23
281 392
281 429
281 161
281 252
281 38
281 350
281 154
281 123
281 116
281 353
281 338
281 219
281 358
281 396
281 324
281 420
281 352
281 403
281 179
281 192
281 360
281 416
281 383
281 206
281 302
281 383
281 268
281 33
281 367
281 212
281 109
281 98
281 203
281 77
281 254
281 404
281 133
281 19
281 438
281 189
281 391
281 188
281 436
281 150
281 183
281 253
281 157
281 178
281 338
281 200
281 321
281 349
281 245
281 317
281 225
281 244
281 296
281 175
281 294
281 97
281 340
281 11
281 84
281 398
281 226
281 304
281 17
281 77
281 431
281 438
281 165
281 244
281 228
281 267
281 169
281 199
281 402
281 132
281 237
281 304
281 71
281 388
281 212
281 260
281 119
281 370
281 332
281 82
281 296
281 98
281 167
281 410
281 365
281 40
281 411
281 201
281 414
281 403
281 171
281 400
281 46
281 297
281 377
281 203
281 400
281 126
281 129
281 115
281 79
281 89
281 24
281 139
281 20
281 222
281 14
281 294
281 440
281 419
281 278
281 393
281 141
281 355
281 356
281 39
281 58
281 359
281 20
281 133
281 116
281 161
281 194
281 103
281 313
281 59
281 350
281 47
281 192
281 255
281 265
281 373
281 229
281 265
281 261
281 387
281 380
281 316
281 284
281 393
281 280
281 9
281 215
281 211
281 228
281 85
281 302
281 7
281 183
281 290
281 114
281 368
281 11
281 160
281 392
281 20
281 107
281 2
281 393
281 216
281 181
281 299
281 16
281 110
281 157
281 414
281 321
281 205
281 407
281 109
281 22
281 197
281 9
281 58
281 386
281 208
281 435
281 53
281 203
281 417
281 196
281 16
281 303
281 283
281 2
281 10
281 137
281 182
281 28
281 354
281 14
281 138
281 25
281 101
281 114
281 172
281 149
281 215
281 318
281 122
281 134
281 306
281 346
281 120
281 284
281 47
281 307
281 289
281 129
281 347
281 338
281 386
281 116
281 405
281 5
281 438
281 352
281 309
281 400
281 158
281 113
281 324
281 347
281 138
281 209
281 396
281 97
281 194
281 92
281 383
281 41
281 308
281 345
281 105
281 226
281 95
281 218
281 325
281 106
281 192
281 109
281 0
281 243
281 214
281 18
281 83
281 106
281 163
281 119
281 102
281 411
281 279
281 146
281 121
281 435
281 306
281 393
281 386
281 373
281 440
281 351
281 232
281 14
281 257
281 239
281 66
281 200
281 74
281 344
281 387
281 7
281 431
281 199
281 68
281 88
281 195
281 374
281 39
281 62
281 166
281 20
281 360
281 59
281 228
281 172
281 149
281 226
281 57
281 242
281 82
281 344
281 228
281 70
281 20
281 153
281 209
281 321
281 111
281 284
281 297
281 333
281 326
281 425
281 151
281 152
281 144
281 76
281 243
281 406
281 23
281 329
281 161
281 109
281 402
281 372
281 384
281 279
281 213
281 126
281 160
281 147
281 16
281 322
281 172
281 117
281 341
281 88
281 145
281 66
281 389
281 414
281 142
281 64
281 111
281 315
281 87
281 121
281 207
281 149
281 286
281 301
281 16
281 49
281 101
281 104
281 224
281 49
281 15
281 84
281 296
281 409
281 306
281 308
281 0
281 417
281 259
281 160
281 313
281 152
281 432
281 426
281 420
281 163
281 363
281 52
281 399
281 278
281 388
281 393
281 111
281 293
281 319
281 138
281 167
281 300
281 56
281 300
281 347
281 125
281 227
281 289
281 30
281 156
281 240
281 95
281 308
281 33
281 415
281 440
281 329
281 254
281 126
281 300
281 258
281 23
281 231
281 131
281 202
281 271
281 293
281 20
281 73
281 203
281 296
281 166
281 87
281 17
281 298
281 351
281 138
281 2
281 366
281 107
281 129
281 269
281 174
281 330
281 231
281 343
281 436
281 44
281 32
281 434
281 342
281 343
281 57
281 380
281 19
281 89
281 36
281 214
281 321
281 135
281 336
281 410
281 328
281 253
281 227
281 327
281 13
281 202
281 374
281 114
281 376
281 247
281 303
281 199
281 391
281 235
281 392
281 217
281 96
281 180
281 29
281 337
281 372
281 246
281 127
281 341
281 197
281 214
281 68
281 418
281 274
281 337
281 355
281 180
281 292
281 273
281 409
281 50
281 175
281 382
281 145
281 223
281 23
281 249
281 196
281 159
281 267
281 433
281 206
281 360
281 213
281 203
281 329
281 220
281 3
281 151
281 314
281 175
281 140
281 354
281 421
281 420
281 405
281 73
281 388
281 399
281 65
281 52
281 408
281 11
281 330
281 97
281 188
281 96
281 319
281 227
281 4
281 433
281 216
281 439
281 169
281 351
281 17
281 192
281 88
281 176
281 333
281 28
281 62
281 185
281 358
281 425
281 162
281 132
281 151
281 310
281 61
281 78
281 400
281 8
281 76
281 44
281 393
281 207
281 300
281 342
281 154
281 67
281 233
281 234
281 100
281 393
281 437
281 339
281 147
281 35
281 147
281 224
281 317
281 139
281 89
281 7
281 321
281 420
281 44
281 391
281 309
281 369
281 189
281 299
281 130
281 254
281 313
281 84
281 0
281 54
281 191
281 57
281 83
281 367
281 12
281 212
281 315
281 409
281 268
281 414
281 274
281 128
281 297
281 131
281 338
281 168
281 39
281 225
281 356
281 266
281 34
281 211
281 400
281 186
281 263
281 138
281 284
281 276
281 313
281 197
281 164
281 208
281 287
281 353
281 5
281 364
281 83
281 388
281 51
281 160
281 202
281 185
281 309
281 278
281 432
281 160
281 259
281 57
281 312
281 337
281 95
281 201
281 9
281 361
281 426
281 413
281 35
281 421
281 113
281 31
281 277
281 287
281 433
281 229
281 114
281 9
281 67
281 28
281 259
281 67
281 210
281 81
281 12
281 285
281 370
281 365
281 123
281 357
281 102
281 94
281 417
281 421
281 357
281 349
281 95
281 124
281 109
281 28
281 142
281 41
281 104
281 182
281 115
281 72
281 103
281 32
281 429
281 412
281 158
281 200
281 184
281 85
281 226
281 33
281 271
281 284
281 87
281 413
281 151
281 238
281 245
281 319
281 191
281 169
281 162
281 212
281 345
281 411
281 164
281 203
281 11
281 179
281 410
281 380
281 274
281 28
281 220
281 1
281 335
281 236
281 248
281 393
281 217
281 7
281 53
281 91
281 269
281 15
281 56
281 411
281 240
281 240
281 390
281 47
281 205
281 416
281 144
281 239
281 214
281 175
281 196
281 353
281 242
281 94
281 317
281 84
281 318
281 321
281 62
281 21
281 440
281 264
281 415
281 437
281 36
281 205
281 406
281 379
281 260
281 21
281 165
281 333
281 285
281 286
281 320
281 217
281 420
281 31
281 409
281 287
281 41
281 312
281 29
281 94
281 12
281 21
281 105
281 330
281 41
281 271
281 380
281 322
281 291
281 9
281 62
281 424
281 259
281 397
281 241
281 300
281 10
281 404
281 34
281 357
281 387
281 218
281 307
281 405
281 112
281 252
281 311
281 174
281 299
281 316
281 178
281 219
281 393
281 213
281 120
281 156
281 113
281 374
281 376
281 330
281 50
281 368
281 177
281 161
281 370
281 35
281 95
281 76
281 270
281 56
281 389
281 346
281 164
281 336
281 203
281 341
281 97
281 423
281 413
281 265
281 167
281 173
281 125
281 329
281 259
281 55
281 109
281 198
281 321
281 230
281 139
281 350
281 75
281 194
281 275
281 114
281 217
281 237
281 20
281 409
281 180
281 108
281 61
281 71
281 127
281 57
281 262
281 85
281 401
281 275
281 210
281 249
281 168
281 285
281 112
281 193
281 249
281 79
281 100
281 34
281 378
281 436
281 280
281 138
281 182
281 95
281 154
281 379
281 210
281 88
281 211
281 238
281 305
281 156
281 409
281 160
281 322
281 336
281 120
281 104
281 7
281 403
281 267
281 249
281 253
281 23
281 352
281 328
281 94
281 160
281 306
281 395
281 219
281 94
281 274
281 76
281 265
281 51
281 225
281 161
281 260
281 285
281 415
281 346
281 139
281 176
281 226
281 190
281 253
281 309
281 172
281 324
281 365
281 342
281 110
281 70
281 60
281 336
281 1
281 250
281 413
281 132
281 70
281 405
281 23
281 300
281 389
281 126
281 235
281 13
281 224
281 170
281 15
281 75
281 347
281 263
281 319
281 154
281 381
281 132
281 179
281 277
281 231
281 243
281 90
281 299
281 257
281 425
281 80
281 331
281 383
281 120
281 80
281 276
281 277
281 58
281 128
281 293
281 0
281 388
281 290
281 379
281 303
281 126
281 325
281 250
281 70
281 352
281 366
281 46
281 96
281 220
281 106
281 271
281 24
281 41
281 241
281 228
281 28
281 398
281 178
281 167
281 73
281 29
281 97
281 164
281 41
281 329
281 292
281 346
281 433
281 146
281 48
281 28
281 65
281 360
281 100
281 53
281 142
281 51
281 195
281 239
281 38
281 371
281 6
281 429
281 430
281 358
281 424
281 86
281 332
281 183
281 184
281 175
281 233
281 189
281 135
281 168
281 311
281 338
281 378
281 286
281 162
281 323
281 0
281 74
281 268
281 169
281 402
281 23
281 50
281 356
281 236
281 11
281 173
281 179
281 167
281 345
281 398
281 341
281 393
281 289
281 176
281 197
281 432
281 397
281 176
281 393
281 36
281 142
281 3
281 379
281 181
281 152
281 249
281 384
281 338
281 278
281 327
281 317
281 0
281 417
281 159
281 425
281 357
281 90
281 301
281 329
281 21
281 1
281 55
281 249
281 431
281 320
281 265
281 60
281 349
281 259
281 369
281 400
281 222
281 309
281 5
281 44
281 352
281 134
281 96
281 64
281 278
281 268
281 191
281 209
281 86
281 256
281 54
281 75
281 289
281 25
281 414
281 214
281 416
281 216
281 86
281 105
281 374
281 198
281 414
281 378
281 331
281 169
281 219
281 61
281 88
281 95
281 339
281 122
281 210
281 312
281 214
281 233
281 432
281 42
281 180
281 39
281 352
281 39
281 36
281 378
281 401
281 218
281 290
281 135
281 277
281 379
281 397
281 5
281 19
281 75
281 9
281 296
281 22
281 12
281 292
281 48
281 40
281 85
281 128
281 72
281 275
281 287
281 320
281 186
281 241
281 241
281 358
281 368
281 153
281 115
281 214
281 355
281 6
281 216
281 61
281 84
281 370
281 52
281 123
281 35
281 66
281 270
281 232
281 66
281 178
281 37
281 53
281 137
281 347
281 432
281 63
281 360
281 302
281 414
281 222
281 14
281 305
281 186
281 163
281 148
281 118
281 276
281 42
281 356
281 414
281 283
281 63
281 146
281 250
281 77
281 410
281 165
281 420
281 2
281 115
281 393
281 104
281 170
281 7
281 54
281 10
281 139
281 27
281 22
281 161
281 72
281 413
281 330
281 42
281 32
281 346
281 397
281 220
281 305
281 417
281 376
281 59
281 243
281 45
281 79
281 41
281 343
281 338
281 371
281 138
281 98
281 259
281 111
281 336
281 125
281 403
281 218
281 248
281 169
281 95
281 138
281 166
281 142
281 290
281 308
281 142
281 316
281 187
281 373
281 265
281 221
281 309
281 366
281 129
281 321
281 380
281 413
281 196
281 223
281 31
281 29
281 50
281 243
281 208
281 420
281 77
281 149
281 184
281 316
281 433
281 228
281 425
281 160
281 288
281 241
281 181
281 199
281 103
281 21
281 432
281 285
281 434
281 161
281 298
281 320
281 125
281 412
281 316
281 436
281 395
281 269
281 300
281 224
281 44
281 332
281 57
281 192
281 155
281 126
281 290
281 139
281 340
281 115
281 360
281 87
281 219
281 311
281 337
281 272
281 16
281 311
281 118
281 193
281 62
281 432
281 21
281 214
281 108
281 375
281 112
281 73
281 268
281 237
281 416
281 74
281 376
281 241
281 207
281 230
281 61
281 279
281 404
281 158
281 367
281 382
281 290
281 145
281 408
281 104
281 17
281 167
281 207
281 199
281 316
281 28
281 249
281 283
281 336
281 246
281 318
281 257
281 17
281 230
281 328
281 285
281 2
281 68
281 227
281 154
281 121
281 181
281 111
281 364
281 395
281 57
281 349
281 341
281 157
281 27
281 87
281 228
281 392
281 318
281 322
281 54
281 210
281 5
281 387
281 279
281 282
281 184
281 7
281 270
281 69
281 268
281 135
281 226
281 406
281 418
281 125
281 213
281 201
281 182
281 263
281 173
281 127
281 250
281 390
281 84
281 71
281 45
281 351
281 55
281 175
281 89
281 319
281 335
281 437
281 99
281 236
281 64
281 338
281 106
281 420
281 349
281 285
281 19
281 62
281 252
281 248
281 293
281 12
281 361
281 96
281 262
281 9
281 380
281 310
281 88
281 117
281 3
281 421
281 169
281 201
281 364
281 366
281 91
281 341
281 13
281 287
281 402
281 35
281 331
281 33
281 8
281 267
281 33
281 99
281 365
281 123
281 91
281 183
281 294
281 29
281 51
281 371
281 64
281 100
281 258
281 124
281 253
281 78
281 387
281 70
281 235
281 411
281 169
281 313
281 48
281 317
281 2
281 58
281 315
281 405
281 348
281 346
281 272
281 342
281 236
281 30
281 386
281 424
281 9
281 382
281 254
281 176
281 45
281 293
281 383
281 357
281 140
281 355
281 377
281 170
281 240
281 124
281 380
281 314
281 177
281 236
281 8
281 234
281 284
281 319
281 216
281 277
281 108
281 427
281 180
281 388
281 319
281 323
281 221
281 124
281 218
281 421
281 186
281 176
281 358
281 17
281 84
281 417
281 310
281 57
281 428
281 31
281 71
281 429
281 70
281 380
281 423
281 25
281 274
281 29
281 289
281 145
281 269
281 327
281 189
281 227
281 438
281 82
281 346
281 138
281 267
281 170
281 118
281 43
281 311
281 104
281 220
281 335
281 79
281 167
281 296
281 354
281 397
281 43
281 90
281 52
281 439
281 189
281 362
281 86
281 325
281 260
281 135
281 414
281 346
281 302
281 13
281 217
281 13
281 135
281 83
281 272
281 162
281 264
281 198
281 193
281 170
281 321
281 140
281 17
281 348
281 279
281 0
281 26
281 430
281 86
281 403
281 120
281 404
281 285
281 393
281 364
281 115
281 299
281 382
281 28
281 322
281 204
281 396
281 5
281 173
281 350
281 205
281 420
281 191
281 330
281 319
281 408
281 51
281 138
281 202
281 297
281 310
281 19
281 368
281 343
281 365
281 293
281 222
281 308
281 264
281 12
281 222
281 126
281 352
281 173
281 418
281 133
281 336
281 170
281 391
281 64
281 78
281 247
281 101
281 315
281 28
281 51
281 193
281 193
281 200
281 386
281 0
281 404
281 350
281 406
281 60
281 49
281 292
281 53
281 192
281 409
281 352
281 51
281 86
281 364
281 321
281 146
281 11
281 84
281 330
281 30
281 11
281 346
281 381
281 317
281 170
281 358
281 213
281 360
281 143
281 47
281 115
281 39
281 108
281 58
281 338
281 11
281 141
281 222
281 235
281 386
281 2
281 326
281 416
281 139
281 241
281 275
281 436
281 122
281 225
281 359
281 142
281 50
281 41
281 263
281 64
281 132
281 106
281 428
281 98
281 393
281 427
281 219
281 86
281 413
281 369
281 363
281 70
281 98
281 44
281 263
281 410
281 308
281 402
281 69
281 251
281 3
281 129
281 2
281 173
281 121
281 114
281 150
281 411
281 111
281 270
281 86
281 269
281 126
281 226
281 201
281 14
281 356
281 224
281 37
281 47
281 101
281 265
281 107
281 143
281 384
281 90
281 224
281 303
281 137
281 106
281 339
281 337
281 12
281 70
281 265
281 160
281 53
281 365
281 92
281 323
281 266
281 53
281 181
281 294
281 440
281 413
281 103
281 232
281 10
281 48
281 156
281 138
281 36
281 153
281 271
281 114
281 371
281 205
281 27
281 154
281 59
281 237
281 213
281 301
281 238
281 195
281 5
281 275
281 242
281 422
281 237
281 191
281 172
281 220
281 47
281 149
281 148
281 403
281 15
281 111
281 148
281 240
281 369
281 199
281 425
281 309
281 116
281 2
281 217
281 94
281 309
281 84
281 394
281 306
281 174
281 212
281 142
281 218
281 101
281 339
281 345
281 352
281 267
281 268
281 327
281 174
281 225
281 230
281 9
281 116
281 116
281 404
281 292
281 225
281 247
281 10
281 193
281 388
281 36
281 287
281 37
281 86
281 145
281 162
281 75
281 100
281 159
281 5
281 432
281 64
281 424
281 297
281 92
281 257
281 132
281 41
281 17
281 357
281 433
281 200
281 114
281 124
281 274
281 438
281 110
281 51
281 73
281 160
281 220
281 305
281 154
281 114
281 194
281 109
281 256
281 98
281 371
281 421
281 56
281 225
281 104
281 311
281 399
281 406
281 292
281 120
281 234
281 416
281 343
281 386
281 173
281 55
281 249
281 25
281 50
281 222
281 430
281 257
281 144
281 215
281 19
281 225
281 48
281 76
281 93
281 83
281 112
281 340
281 379
281 103
281 76
281 143
281 79
281 352
281 318
281 182
281 12
281 199
281 177
281 311
281 211
281 94
281 181
281 163
281 378
281 3
281 24
281 270
281 288
281 71
281 342
281 438
281 111
281 147
281 267
281 277
281 284
281 126
281 439
281 259
281 437
281 37
281 375
281 383
281 147
281 12
281 7
281 170
281 32
281 44
281 400
281 339
281 434
281 327
281 255
281 51
281 243
281 181
281 182
281 228
281 72
281 61
281 125
281 272
281 206
281 366
281 440
281 349
281 180
281 316
281 26
281 156
281 19
281 141
281 64
281 235
281 363
281 243
281 287
281 180
281 2
281 102
281 84
281 21
281 195
281 99
281 259
281 269
281 174
281 147
281 46
281 214
281 225
281 4
281 126
281 236
281 83
281 226
281 238
281 395
281 92
281 210
281 97
281 4
281 301
281 430
281 194
281 158
281 84
281 377
281 111
281 107
281 172
281 408
281 219
281 306
281 187
281 34
281 305
281 11
281 317
281 150
281 250
281 96
281 76
281 309
281 160
281 120
281 407
281 381
281 81
281 148
281 96
281 370
281 46
281 60
281 77
281 32
281 434
281 223
281 95
281 209
281 277
281 133
281 244
281 71
281 167
281 51
281 385
281 98
281 30
281 237
281 103
281 385
281 15
281 419
281 325
281 116
281 180
281 147
281 105
281 54
281 53
281 219
281 158
281 309
281 224
281 350
281 6
281 63
281 307
281 270
281 143
281 365
281 287
281 125
281 30
281 14
281 88
281 389
281 100
281 357
281 190
281 346
281 82
281 184
281 125
281 425
281 362
281 388
281 380
281 87
281 432
281 239
281 193
281 25
281 18
281 59
281 196
281 35
281 387
281 87
281 112
281 212
281 401
281 224
281 335
281 394
281 14
281 394
281 309
281 302
281 430
281 182
281 24
281 13
281 115
281 203
281 164
281 172
281 311
281 75
281 420
281 326
281 343
281 305
281 179
281 302
281 199
281 108
281 16
281 122
281 437
281 334
281 418
281 373
281 40
281 45
281 289
281 346
281 36
281 225
281 364
281 223
281 62
281 26
281 371
281 124
281 271
281 427
281 110
281 213
281 69
281 116
281 88
281 154
281 224
281 128
281 46
281 412
281 300
281 207
281 127
281 330
281 276
281 12
281 320
281 194
281 289
281 143
281 71
281 303
281 6
281 197
281 286
281 231
281 111
281 336
281 34
281 356
281 260
281 353
281 99
281 359
281 66
281 362
281 411
281 137
281 237
281 221
281 345
281 226
281 303
281 181
281 372
281 183
281 309
281 13
281 403
281 46
281 299
281 176
281 21
281 294
281 306
281 424
281 211
281 41
281 273
281 2
281 229
281 12
281 428
281 292
281 382
281 232
281 369
281 257
281 141
281 34
281 28
281 435
281 287
281 54
281 149
281 323
281 50
281 229
281 214
281 219
281 158
281 151
281 409
281 199
281 85
281 314
281 411
281 121
281 97
281 399
281 432
281 361
281 439
281 221
281 248
281 213
281 81
281 438
281 5
281 315
281 30
281 256
281 69
281 427
281 275
281 335
281 70
281 329
281 195
281 411
281 82
281 383
281 93
281 268
281 30
281 363
281 406
281 295
281 365
281 207
281 396
281 80
281 124
281 229
281 221
281 367
281 164
281 265
281 86
281 199
281 187
281 116
281 315
281 52
281 239
281 380
281 73
281 251
281 186
281 230
281 123
281 370
281 134
281 346
281 189
281 419
281 149
281 196
281 32
281 93
281 104
281 208
281 156
281 203
281 313
281 434
281 56
281 298
281 44
281 64
281 97
281 282
281 130
281 438
281 136
281 52
281 94
281 230
281 136
281 198
281 24
281 174
281 383
281 363
281 405
281 268
281 27
281 228
281 315
281 218
281 66
281 133
281 306
281 40
281 49
281 426
281 165
281 105
281 138
281 150
281 365
281 364
281 411
281 211
281 223
281 72
281 59
281 259
281 316
281 200
281 397
281 437
281 206
281 379
281 301
281 120
281 302
281 297
281 114
281 287
281 371
281 290
281 91
281 266
281 206
281 278
281 370
281 166
281 258
281 98
281 274
281 319
281 236
281 171
281 145
281 251
281 347
281 315
281 317
281 115
281 289
281 318
281 231
281 16
281 237
281 278
281 201
281 273
281 72
281 5
281 378
281 72
281 211
281 404
281 90
281 163
281 207
281 69
281 136
281 110
281 268
281 147
281 187
281 263
281 191
281 72
281 122
281 413
281 130
281 31
281 417
281 430
281 48
281 64
281 323
281 321
281 346
281 68
281 71
281 154
281 355
281 419
281 85
281 134
281 180
281 2
281 316
281 137
281 54
281 356
281 194
281 13
281 333
281 217
281 437
281 8
281 368
281 21
281 294
281 253
281 201
281 13
281 300
281 376
281 324
281 413
281 400
281 421
281 439
281 439
281 51
281 398
281 418
281 256
281 26
281 189
281 102
281 214
281 180
281 406
281 265
281 53
281 362
281 415
281 125
281 344
281 55
281 420
281 269
281 36
281 144
281 133
281 354
281 394
281 359
281 354
281 403
281 31
281 155
281 5
281 184
281 64
281 34
281 280
281 171
281 190
281 42
281 117
281 370
281 418
281 262
281 76
281 87
281 333
281 107
281 174
281 171
281 265
281 436
281 87
281 6
281 329
281 231
281 274
281 367
281 131
281 176
281 214
281 151
281 206
281 97
281 373
281 61
281 254
281 398
281 400
281 212
281 437
281 385
281 219
281 331
281 392
281 369
281 315
281 126
281 355
281 417
281 172
281 152
281 293
281 273
281 30
281 245
281 341
281 222
281 246
281 282
281 426
281 288
281 419
281 260
281 60
281 102
281 100
281 187
281 116
281 337
281 26
281 391
281 433
281 159
281 101
281 423
281 70
281 355
281 213
281 190
281 416
281 104
281 319
281 220
281 302
281 283
281 212
281 230
281 249
281 201
281 196
281 166
281 421
281 171
281 112
281 114
281 326
281 252
281 196
281 376
281 176
281 81
281 385
281 194
281 396
281 227
281 239
281 40
281 30
281 157
281 189
281 21
281 432
281 90
281 41
281 333
281 339
281 122
281 113
281 377
281 292
281 346
281 326
281 427
281 240
281 142
281 300
281 42
281 299
281 282
281 303
281 191
281 379
281 93
281 41
281 382
281 307
281 208
281 144
281 307
281 296
281 79
281 40
281 172
281 273
281 16
281 328
281 109
281 422
281 408
281 206
281 245
281 239
281 298
281 175
281 257
281 335
281 423
281 185
281 232
281 440
281 299
281 354
281 16
281 20
281 136
281 48
281 136
281 323
281 345
281 152
281 378
281 229
281 0
281 21
281 341
281 390
281 287
281 90
281 354
281 64
281 282
281 141
281 425
281 155
281 400
281 31
281 123
281 421
281 104
281 47
281 239
281 95
281 278
281 31
281 314
281 189
281 129
281 133
281 60
281 192
281 27
281 384
281 323
281 66
281 110
281 178
281 169
281 203
281 389
281 208
281 329
281 384
281 64
281 421
281 283
281 208
281 216
281 225
281 106
281 264
281 282
281 329
281 193
281 345
281 98
281 326
281 263
281 104
281 391
281 318
281 154
281 27
281 423
281 165
281 194
281 139
281 230
281 88
281 333
281 137
281 311
281 190
281 399
281 131
281 113
281 273
281 366
281 410
281 422
281 68
281 360
281 180
281 270
281 128
281 124
281 228
281 91
281 424
281 273
281 6
281 402
281 402
281 376
281 327
281 46
281 34
281 303
281 390
281 325
281 167
281 211
281 392
281 319
281 386
281 24
281 9
281 339
281 124
281 336
281 385
281 183
281 146
281 393
281 437
281 307
281 117
281 269
281 305
281 218
281 43
281 202
281 52
281 148
281 110
281 132
281 226
281 421
281 293
281 314
281 277
281 119
281 208
281 98
281 273
281 224
281 292
281 279
281 423
281 237
281 234
281 167
281 401
281 357
281 55
281 344
281 335
281 280
281 117
281 332
281 63
281 83
281 312
281 196
281 410
281 178
281 166
281 431
281 325
281 418
281 238
281 31
281 255
281 397
281 85
281 354
281 418
281 299
281 78
281 162
281 283
281 27
281 402
281 25
281 169
281 358
281 66
281 223
281 255
281 20
281 187
281 402
281 433
281 76
281 161
281 90
281 420
281 327
281 32
281 52
281 258
281 339
281 176
281 79
281 317
281 402
281 14
281 192
281 64
281 39
281 71
281 26
281 295
281 396
281 23
281 404
281 36
281 21
281 286
281 36
281 61
281 308
281 300
281 405
281 238
281 102
281 264
281 395
281 2
281 235
281 65
281 17
281 66
281 180
281 201
281 132
281 289
281 430
281 429
281 141
281 209
281 339
281 342
281 151
281 15
281 406
281 274
281 79
281 243
281 234
281 107
281 188
281 102
281 151
281 168
281 282
281 440
281 373
281 294
281 324
281 376
281 43
281 221
281 132
281 93
281 431
281 290
281 162
281 57
281 290
281 5
281 291
281 145
281 168
281 65
281 338
281 46
281 305
281 274
281 31
281 7
281 93
281 80
281 293
281 172
281 41
281 99
281 124
281 150
281 68
281 132
281 231
281 419
281 320
281 285
281 353
281 0
281 30
281 263
281 256
281 138
281 173
281 240
281 209
281 376
281 201
281 382
281 122
281 37
281 355
281 60
281 344
281 156
281 99
281 433
281 365
281 63
281 248
281 286
281 174
281 395
281 79
281 239
281 307
281 235
281 434
281 423
281 433
281 73
281 376
281 30
281 137
281 268
281 296
281 267
281 125
281 7
281 386
281 54
281 409
281 123
281 256
281 193
281 32
281 157
281 283
281 289
281 36
281 239
281 234
281 410
281 18
281 162
281 295
281 92
281 129
281 137
281 109
281 144
281 1
281 165
281 106
281 328
281 424
281 29
281 161
281 414
281 322
281 13
281 66
281 354
281 183
281 308
281 134
281 180
281 99
281 375
281 181
281 405
281 262
281 254
281 181
281 77
281 111
281 136
281 271
281 168
281 403
281 67
281 54
281 10
281 256
281 21
281 31
281 143
281 402
281 426
281 409
281 166
281 216
281 252
281 372
281 165
281 359
281 249
281 375
281 174
281 423
281 167
281 331
281 238
281 432
281 98
281 242
281 295
281 309
281 434
281 326
281 62
281 268
281 191
281 170
281 176
281 176
281 183
281 177
281 377
281 125
281 319
281 64
281 324
281 135
281 97
281 19
281 183
281 2
281 82
281 273
281 206
281 339
281 143
281 195
281 169
281 360
281 425
281 430
281 128
281 42
281 325
281 339
281 265
281 8
281 324
281 413
281 353
281 83
281 225
281 249
281 16
281 251
281 74
281 262
281 109
281 29
281 299
281 415
281 439
281 140
281 335
281 180
281 170
281 193
281 35
281 44
281 16
281 305
281 362
281 191
281 293
281 105
281 305
281 177
281 217
281 377
281 13
281 194
281 295
281 74
281 116
281 376
281 307
281 20
281 46
281 346
281 153
281 379
281 51
281 202
281 226
281 205
281 78
281 418
281 274
281 332
281 304
281 247
281 148
281 433
281 174
281 7
281 413
281 431
281 275
281 359
281 357
281 167
281 101
281 121
281 384
281 413
281 215
281 409
281 166
281 145
281 61
281 259
281 377
281 151
281 429
281 19
281 289
281 104
281 431
281 132
281 325
281 168
281 234
281 379
281 42
281 60
281 103
281 276
281 349
281 422
281 75
281 349
281 208
281 407
281 366
281 433
281 68
281 46
281 427
281 89
281 319
281 319
281 156
281 274
281 172
281 41
281 248
281 234
281 28
281 389
281 270
281 330
281 390
281 94
281 256
281 243
281 69
281 360
281 241
281 304
281 164
281 63
281 289
281 253
281 209
281 46
281 367
281 31
281 298
281 111
281 425
281 139
281 371
281 185
281 325
281 374
281 371
281 434
281 114
281 412
281 333
281 254
281 7
281 196
281 365
281 336
281 92
281 127
281 84
281 107
281 424
281 376
281 300
281 326
281 202
281 134
281 144
281 102
281 220
281 326
281 401
281 141
281 238
281 4
281 276
281 109
281 144
281 373
281 21
281 214
281 154
281 94
281 339
281 126
281 12
281 282
281 24
281 62
281 205
281 355
281 402
281 3
281 342
281 429
281 4
281 290
281 233
281 110
281 194
281 217
281 176
281 63
281 176
281 373
281 142
281 94
281 418
281 75
281 354
281 409
281 346
281 173
281 326
281 242
281 2
281 347
281 234
281 418
281 11
281 257
281 266
281 318
281 401
281 317
281 341
281 390
281 93
281 113
281 317
281 222
281 101
281 117
281 382
281 333
281 368
281 16
281 28
281 293
281 397
281 202
281 61
281 93
281 207
281 357
281 273
281 411
281 210
281 390
281 433
281 113
281 425
281 289
281 313
281 238
281 101
281 129
281 424
281 173
281 286
281 55
281 104
281 206
281 395
281 294
281 378
281 219
281 373
281 38
281 165
281 173
281 200
281 365
281 328
281 409
281 358
281 85
281 115
281 240
281 102
281 6
281 411
281 154
281 261
281 45
281 168
281 332
281 428
281 120
281 179
281 214
281 197
281 252
281 124
281 412
281 6
281 269
281 420
281 49
281 220
281 164
281 29
281 21
281 9
281 202
281 423
281 112
281 81
281 422
281 277
281 136
281 411
281 430
281 324
281 20
281 371
281 54
281 163
281 328
281 177
281 41
281 43
281 191
281 440
281 260
281 166
281 289
281 324
281 143
281 96
281 12
281 13
281 419
281 347
281 368
281 332
281 440
281 290
281 132
281 124
281 337
281 131
281 183
281 185
281 375
281 83
281 363
281 158
281 32
281 193
281 84
281 399
281 283
281 421
281 303
281 405
281 16
281 196
281 364
281 434
281 277
281 334
281 428
281 104
281 143
281 94
281 193
281 54
281 340
281 20
281 60
281 387
281 194
281 139
281 402
281 16
281 435
281 297
281 107
281 129
281 109
281 436
281 425
281 43
281 214
281 197
281 204
281 78
281 46
281 346
281 238
281 314
281 191
281 221
281 285
281 206
281 329
281 58
281 168
281 438
281 313
281 291
281 205
281 331
281 326
281 377
281 253
281 319
281 18
281 367
281 22
281 168
281 241
281 0
281 284
281 30
281 168
281 38
281 314
281 357
281 134
281 158
281 111
281 43
281 285
281 347
281 231
281 393
281 367
281 417
281 17
281 26
281 234
281 339
281 346
281 330
281 307
281 242
281 82
281 40
281 124
281 82
281 387
281 28
281 6
281 77
281 373
281 226
281 81
281 403
281 218
281 328
281 222
281 23
281 299
281 172
281 66
281 246
281 238
281 301
281 110
281 249
281 325
281 23
281 222
281 324
281 228
281 423
281 244
281 284
281 136
281 8
281 51
281 366
281 134
281 310
281 161
281 139
281 254
281 4
281 54
281 116
281 21
281 59
281 152
281 325
281 108
281 376
281 244
281 105
281 222
281 321
281 172
281 235
281 200
281 34
281 402
281 385
281 120
281 19
281 305
281 105
281 64
281 75
281 97
281 384
281 50
281 313
281 276
281 99
281 239
281 218
281 201
281 189
281 247
281 233
281 245
281 260
281 18
281 146
281 401
281 313
281 33
281 107
281 141
281 152
281 34
281 344
281 409
281 20
281 439
281 380
281 247
281 203
281 285
281 167
281 377
281 59
281 7
281 140
281 18
281 249
281 354
281 407
281 40
281 285
281 154
281 137
281 179
281 146
281 295
281 136
281 119
281 200
281 10
281 349
281 103
281 81
281 313
281 286
281 423
281 360
281 206
281 415
281 151
281 438
281 146
281 272
281 95
281 214
281 140
281 409
281 271
281 205
281 353
281 236
281 269
281 215
281 189
281 118
281 361
281 363
281 227
281 327
281 321
281 438
281 218
281 380
281 37
281 235
281 256
281 96
281 163
281 177
281 167
281 305
281 361
281 380
281 72
281 283
281 152
281 326
281 302
281 414
281 333
281 283
281 204
281 420
281 297
281 207
281 350
281 424
281 187
281 436
281 331
281 200
281 275
281 298
281 421
281 35
281 396
281 261
281 205
281 166
281 138
281 301
281 212
281 162
281 7
281 339
281 166
281 383
281 140
281 33
281 414
281 309
281 417
281 387
281 25
281 156
281 143
281 352
281 167
281 60
281 190
281 421
281 85
281 216
281 257
281 178
281 36
281 39
281 232
281 188
281 371
281 278
281 229
281 306
281 340
281 294
281 365
281 124
281 407
281 277
281 369
281 430
281 255
281 100
281 113
281 289
281 241
281 328
281 365
281 416
281 0
281 242
281 183
281 176
281 53
281 434
281 52
281 432
281 323
281 288
281 15
281 153
281 124
281 9
281 165
281 207
281 353
281 263
281 140
281 391
281 408
281 8
281 306
281 196
281 227
281 245
281 171
281 163
281 238
281 114
281 239
281 368
281 385
281 395
281 237
281 52
281 58
281 139
281 284
281 49
281 378
281 423
281 280
281 207
281 175
281 429
281 392
281 201
281 254
281 294
281 211
281 270
281 118
281 241
281 398
281 37
281 223
281 3
281 146
281 395
281 236
281 98
281 383
281 105
281 66
281 418
281 69
281 284
281 101
281 410
281 43
281 146
281 255
281 76
281 376
281 20
281 48
281 321
281 318
281 5
281 148
281 160
281 333
281 360
281 4
281 258
281 181
281 332
281 41
281 206
281 70
281 203
281 293
281 134
281 402
281 190
281 79
281 332
281 415
281 295
281 183
281 425
281 381
281 240
281 348
281 352
281 431
281 338
281 367
281 321
281 93
281 353
281 317
281 298
281 223
281 105
281 155
281 154
281 257
281 5
281 320
281 107
281 299
281 123
281 36
281 255
281 137
281 356
281 256
281 24
281 386
281 113
281 39
281 131
281 108
281 358
281 159
281 262
281 55
281 339
281 87
281 199
281 79
281 254
281 33
281 356
281 329
281 289
281 211
281 339
281 3
281 364
281 42
281 58
281 152
281 105
281 248
281 241
281 179
281 69
281 5
281 266
281 37
281 299
281 405
281 419
281 156
281 379
281 146
281 382
281 99
281 134
281 307
281 28
281 375
281 316
281 379
281 245
281 364
281 184
281 252
281 236
281 118
281 184
281 391
281 64
281 214
281 175
281 335
281 25
281 178
281 400
281 206
281 178
281 314
281 419
281 362
281 209
281 129
281 440
281 316
281 164
281 343
281 401
281 171
281 29
281 271
281 360
281 221
281 68
281 15
281 108
281 118
281 156
281 184
281 75
281 440
281 145
281 72
281 137
281 23
281 145
281 245
281 294
281 200
281 243
281 353
281 44
281 156
281 369
281 13
281 398
281 326
281 150
281 113
281 202
281 359
281 402
281 16
281 23
281 259
281 344
281 256
281 342
281 265
281 139
281 184
281 71
281 150
281 160
281 6
281 307
281 419
281 364
281 440
281 43
281 299
281 160
281 302
281 317
281 174
281 426
281 267
281 192
281 278
281 369
281 384
281 338
281 34
281 246
281 438
281 86
281 30
281 237
281 23
281 400
281 105
281 199
281 107
281 43
281 57
281 104
281 38
281 228
281 285
281 69
281 136
281 251
281 131
281 317
281 252
281 297
281 410
281 423
281 290
281 290
281 9
281 3
281 6
281 169
281 93
281 332
281 400
281 295
281 342
281 423
281 283
281 25
281 67
281 159
281 141
281 57
281 165
281 315
281 218
281 144
281 206
281 370
281 98
281 54
281 235
281 81
281 181
281 170
281 354
281 323
281 348
281 24
281 239
281 356
281 352
281 10
281 428
281 6
281 170
281 140
281 99
281 162
281 96
281 232
281 359
281 112
281 245
281 354
281 24
281 31
281 221
281 241
281 224
281 378
281 164
281 386
281 297
281 360
281 259
281 207
281 117
281 140
281 371
281 353
281 27
281 230
281 389
281 156
281 307
281 30
281 346
281 120
281 365
281 222
281 2
281 410
281 60
281 252
281 326
281 147
281 51
281 169
281 365
281 381
281 224
281 186
281 169
281 418
281 204
281 373
281 440
281 312
281 288
281 19
281 198
281 226
281 377
281 96
281 2
281 439
281 59
281 195
281 206
281 180
281 59
281 112
281 24
281 171
281 373
281 40
281 34
281 46
281 323
281 266
281 419
281 222
281 168
281 364
281 399
281 214
281 212
281 239
281 136
281 298
281 286
281 404
281 3
281 73
281 436
281 88
281 351
281 114
281 437
281 318
281 326
281 46
281 278
281 50
281 380
281 218
281 64
281 232
281 416
281 32
281 72
281 4
281 282
281 237
281 270
281 296
281 398
281 121
281 44
281 80
281 404
281 186
281 76
281 323
281 272
281 314
281 28
281 67
281 140
281 149
281 383
281 123
281 69
281 63
281 115
281 77
281 203
281 59
281 41
281 197
281 131
281 100
281 357
281 91
281 128
281 216
281 109
281 290
281 419
281 54
281 271
281 252
281 407
281 396
281 139
281 415
281 403
281 78
281 150
281 328
281 309
281 308
281 289
281 219
281 98
281 93
281 155
281 332
281 266
281 396
281 186
281 278
281 90
281 250
281 381
281 45
281 100
281 291
281 396
281 44
281 166
281 314
281 227
281 3
281 168
281 328
281 238
281 42
281 420
281 230
281 110
281 144
281 390
281 44
281 239
281 419
281 25
281 316
281 396
281 127
281 382
281 92
281 72
281 90
281 128
281 291
281 353
281 359
281 103
281 263
281 32
281 175
281 288
281 259
281 292
281 323
281 124
281 87
281 187
281 110
281 191
281 28
281 96
281 437
281 380
281 354
281 389
281 369
281 216
281 337
281 93
281 140
281 333
281 200
281 66
281 180
281 371
281 70
281 113
281 363
281 244
281 294
281 287
281 311
281 195
281 110
281 56
281 103
281 236
281 181
281 21
281 165
281 187
281 133
281 19
281 339
281 190
281 416
281 313
281 340
281 323
281 86
281 262
281 6
281 285
281 278
281 136
281 214
281 172
281 184
281 189
281 267
281 272
281 151
281 203
281 181
281 206
281 351
281 47
281 57
281 314
281 237
281 86
281 128
281 29
281 343
281 351
281 153
281 10
281 127
281 211
281 331
281 370
281 421
281 330
281 288
281 272
281 325
281 403
281 176
281 415
281 69
281 280
281 394
281 136
281 367
281 253
281 24
281 47
281 126
281 433
281 341
281 334
281 263
281 384
281 28
281 352
281 170
281 10
281 45
281 298
281 141
281 394
281 202
281 283
281 29
281 307
281 263
281 306
281 398
281 105
281 136
281 335
281 1
281 26
281 297
281 161
281 291
281 179
281 176
281 301
281 244
281 187
281 305
281 125
281 187
281 67
281 129
281 372
281 339
281 416
281 157
281 24
281 170
281 62
281 273
281 201
281 405
281 164
281 70
281 373
281 307
281 425
281 205
281 356
281 263
281 430
281 19
281 335
281 380
281 393
281 426
281 279
281 42
281 139
281 56
281 125
281 28
281 127
281 337
281 342
281 90
281 376
281 330
281 225
281 401
281 95
281 116
281 414
281 5
281 202
281 246
281 363
281 287
281 339
281 68
281 315
281 208
281 101
281 289
281 197
281 18
281 292
281 161
281 182
281 75
281 67
281 322
281 112
281 223
281 189
281 79
281 365
281 21
281 35
281 97
281 31
281 31
281 56
281 355
281 241
281 68
281 59
281 402
281 332
281 211
281 405
281 433
281 99
281 182
281 435
281 50
281 99
281 351
281 403
281 97
281 158
281 156
281 372
281 384
281 99
281 164
281 180
281 407
281 292
281 417
281 151
281 114
281 207
281 187
281 350
281 405
281 174
281 106
281 417
281 204
281 182
281 81
281 198
281 435
281 336
281 59
281 133
281 115
281 392
281 123
281 280
281 403
281 360
281 399
281 48
281 282
281 269
281 334
281 336
281 64
281 363
281 168
281 10
281 381
281 389
281 122
281 238
281 268
281 375
281 200
281 246
281 302
281 409
281 287
281 276
281 264
281 401
281 174
281 315
281 360
281 85
281 310
281 23
281 114
281 415
281 421
281 74
281 47
281 36
281 430
281 95
281 21
281 150
281 43
281 111
281 39
281 341
281 315
281 390
281 95
281 366
281 420
281 155
281 312
281 57
281 100
281 101
281 44
281 100
281 211
281 94
281 151
281 126
281 11
281 92
281 373
281 145
281 389
281 158
281 259
281 186
281 149
281 119
281 428
281 412
281 178
281 236
281 107
281 308
281 342
281 94
281 69
281 95
281 158
281 222
281 289
281 325
281 95
281 338
281 66
281 273
281 11
281 356
281 315
281 209
281 109
281 300
281 318
281 146
281 41
281 335
281 252
281 259
281 122
281 15
281 50
281 370
281 67
281 398
281 205
281 86
281 358
281 438
281 350
281 19
281 264
281 377
281 237
281 321
281 289
281 52
281 17
281 82
281 377
281 264
281 397
281 166
281 195
281 420
281 183
281 184
281 34
281 20
281 248
281 4
281 230
281 336
281 422
281 376
281 113
281 419
281 207
281 235
281 246
281 315
281 430
281 193
281 129
281 372
281 269
281 432
281 349
281 291
281 66
281 289
281 187
281 190
281 0
281 113
281 356
281 423
281 199
281 164
281 192
281 166
281 324
281 431
281 410
281 54
281 131
281 175
281 285
281 222
281 8
281 111
281 22
281 96
281 219
281 173
281 178
281 80
281 287
281 302
281 64
281 157
281 62
281 41
281 369
281 319
281 115
281 85
281 380
281 245
281 14
281 314
281 43
281 313
281 55
281 116
281 288
281 180
281 60
281 288
281 388
281 413
281 298
281 243
281 89
281 373
281 26
281 440
281 36
281 234
281 292
281 186
281 275
281 158
281 399
281 174
281 438
281 44
281 272
281 219
281 179
281 18
281 24
281 312
281 186
281 306
281 79
281 397
281 415
281 57
281 301
281 169
281 308
281 430
281 326
281 296
281 393
281 277
281 294
281 196
281 437
281 160
281 52
281 104
281 379
281 235
281 359
281 294
281 357
281 266
281 399
281 324
281 157
281 43
281 320
281 194
281 167
281 122
281 271
281 234
281 275
281 422
281 68
281 267
281 243
281 347
281 248
281 297
281 377
281 340
281 97
281 38
281 149
281 377
281 190
281 252
281 183
281 54
281 89
281 201
281 36
281 389
281 344
281 29
281 294
281 29
281 51
281 407
281 390
281 285
281 176
281 101
281 379
281 310
281 41
281 409
281 28
281 32
281 96
281 182
281 241
281 21
281 108
281 280
281 139
281 435
281 214
281 166
281 14
281 114
281 25
281 211
281 434
281 130
281 161
281 153
281 167
281 24
281 158
281 435
281 414
281 58
281 293
281 117
281 375
281 286
281 146
281 261
281 283
281 234
281 96
281 269
281 361
281 432
281 8
281 151
281 160
281 231
281 123
281 187
281 76
281 102
281 62
281 12
281 257
281 308
281 413
281 227
281 395
281 368
281 322
281 412
281 101
281 16
281 367
281 78
281 324
281 96
281 429
281 284
281 290
281 81
281 10
281 53
281 52
281 165
281 239
281 209
281 288
281 244
281 44
281 404
281 304
281 274
281 21
281 258
281 147
281 133
281 419
281 16
281 53
281 186
281 57
281 169
281 353
281 366
281 173
281 101
281 21
281 326
281 161
281 423
281 420
281 76
281 231
281 357
281 154
281 35
281 340
281 32
281 32
281 335
281 52
281 167
281 208
281 118
281 142
281 11
281 394
281 354
281 208
281 212
281 308
281 152
281 304
281 373
281 124
281 420
281 403
281 384
281 223
281 300
281 0
281 139
281 309
281 25
281 195
281 392
281 283
281 358
281 141
281 250
281 302
281 366
281 238
281 295
281 323
281 263
281 169
281 129
281 183
281 114
281 388
281 349
281 235
281 147
281 47
281 327
281 245
281 328
281 75
281 23
281 151
281 415
281 141
281 237
281 146
281 422
281 33
281 3
281 22
281 150
281 218
281 422
281 230
281 96
281 203
281 340
281 202
281 18
281 409
281 397
281 408
281 58
281 184
281 382
281 100
281 43
281 350
281 422
281 279
281 436
281 113
281 233
281 134
281 299
281 55
281 35
281 318
281 108
281 273
281 286
281 260
281 227
281 302
281 30
281 49
281 336
281 272
281 331
281 283
281 416
281 304
281 254
281 243
281 19
281 2
281 160
281 333
281 303
281 134
281 189
281 81
281 411
281 62
281 99
281 263
281 208
281 34
281 7
281 52
281 248
281 234
281 68
281 42
281 235
281 181
281 186
281 150
281 348
281 90
281 439
281 34
281 110
281 248
281 94
281 202
281 307
281 301
281 318
281 299
281 360
281 212
281 188
281 60
281 430
281 305
281 358
281 365
281 354
281 347
281 403
281 241
281 96
281 254
281 240
281 311
281 129
281 169
281 352
281 170
281 203
281 417
281 218
281 153
281 285
281 198
281 128
281 14
281 37
281 393
281 344
281 369
281 67
281 202
281 327
281 70
281 50
281 61
281 309
281 435
281 432
281 66
281 240
281 167
281 72
281 130
281 39
281 337
281 291
281 159
281 331
281 282
281 63
281 43
281 273
281 140
281 239
281 388
281 367
281 436
281 146
281 301
281 304
281 379
281 143
281 75
281 278
281 192
281 350
281 368
281 433
281 241
281 165
281 80
281 331
281 7
281 262
281 299
281 16
281 114
281 407
281 383
281 316
281 119
281 166
281 299
281 439
281 203
281 146
281 379
281 123
281 57
281 195
281 26
281 9
281 433
281 416
281 406
281 68
281 248
281 424
281 95
281 312
281 153
281 351
281 415
281 324
281 100
281 308
281 326
281 375
281 395
281 6
281 120
281 7
281 375
281 269
281 34
281 200
281 44
281 406
281 240
281 194
281 260
281 276
281 306
281 167
281 192
281 113
281 360
281 435
281 357
281 424
281 105
281 366
281 4
281 89
281 180
281 75
281 8
281 57
281 327
281 173
281 421
281 269
281 146
281 414
281 86
281 185
281 395
281 141
281 197
281 17
281 149
281 375
281 31
281 374
281 89
281 43
281 90
281 53
281 7
281 215
281 392
281 248
281 373
281 162
281 331
281 306
281 341
281 398
281 350
281 77
281 207
281 308
281 20
281 249
281 396
281 308
281 370
281 339
281 375
281 402
281 81
281 417
281 162
281 137
281 253
281 364
281 160
281 73
281 177
281 36
281 286
281 163
281 361
281 69
281 327
281 403
281 150
281 369
281 199
281 144
281 20
281 7
281 89
281 296
281 393
281 379
281 218
281 426
281 330
281 122
281 312
281 189
281 170
281 251
281 104
281 276
281 103
281 187
281 183
281 432
281 260
281 71
281 233
281 407
281 107
281 316
281 274
281 88
281 313
281 58
281 35
281 138
281 228
281 100
281 268
281 56
281 351
281 65
281 175
281 242
281 221
281 301
281 208
281 11
281 350
281 112
281 276
281 38
281 321
281 404
281 420
281 349
281 198
281 140
281 87
281 171
281 106
281 259
281 124
281 304
281 181
281 135
281 3
281 53
281 252
281 70
281 27
281 157
281 318
281 152
281 364
281 225
281 423
281 156
281 87
281 425
281 236
281 418
281 319
281 356
281 369
281 388
281 170
281 301
281 214
281 225
281 199
281 202
281 130
281 171
281 83
281 256
281 147
281 296
281 79
281 350
281 429
281 124
281 290
281 270
281 151
281 408
281 434
281 362
281 400
281 10
281 40
281 41
281 84
281 330
281 12
281 366
281 137
281 132
281 15
281 110
281 202
281 422
281 316
281 145
281 224
281 409
281 68
281 124
281 267
281 346
281 274
281 19
281 100
281 233
281 339
281 60
281 60
281 11
281 217
281 218
281 352
281 229
281 119
281 120
281 251
281 404
281 125
281 97
281 424
281 6
281 350
281 426
281 301
281 187
281 428
281 232
281 87
281 106
281 348
281 376
281 219
281 381
281 190
281 319
281 172
281 47
281 138
281 1
281 152
281 374
281 251
281 29
281 402
281 396
281 179
281 100
281 14
281 289
281 228
281 29
281 420
281 269
281 118
281 154
281 276
281 192
281 127
281 351
281 364
281 364
281 111
281 171
281 282
281 372
281 410
281 368
281 161
281 313
281 191
281 285
281 401
281 232
281 267
281 369
281 424
281 212
281 325
281 166
281 69
281 330
281 198
281 429
281 122
281 243
281 210
281 46
281 353
281 99
281 56
281 109
281 258
281 171
281 285
281 99
281 177
281 290
281 73
281 165
281 406
281 157
281 144
281 375
281 39
281 8
281 25
281 273
281 116
281 55
281 347
281 183
281 243
281 309
281 119
281 344
281 345
281 234
281 21
281 182
281 246
281 327
281 57
281 65
281 263
281 136
281 120
281 6
281 266
281 48
281 252
281 46
281 128
281 318
281 361
281 69
281 130
281 120
281 286
281 162
281 296
281 421
281 203
281 354
281 84
281 177
281 59
281 397
281 5
281 10
281 123
281 356
281 285
281 374
281 30
281 410
281 334
281 159
