480 1593 5426
222 180 433
239 270 912
134 431 761
108 73 431
40 191 25
260 77 349
83 184 394
352 349 535
433 3 632
292 319 339
137 218 362
107 83 882
219 314 295
60 206 573
225 326 101
58 220 872
464 55 500
316 293 491
59 428 416
348 358 516
413 30 969
85 36 512
328 112 782
261 343 195
300 35 597
245 133 285
178 344 163
153 235 207
195 93 205
288 352 532
224 39 335
336 404 255
81 281 605
47 41 517
388 173 295
362 467 813
359 399 333
144 56 808
69 291 938
68 254 932
434 345 255
117 223 469
100 63 405
361 82 795
324 459 756
283 308 442
11 164 27
99 223 875
238 286 662
187 363 193
139 222 65
477 70 629
289 170 292
208 175 52
300 188 198
233 244 972
467 207 408
128 259 696
187 284 279
428 137 943
75 337 588
263 22 317
479 358 922
15 117 217
65 94 794
399 151 3
108 219 909
143 288 819
446 328 860
85 382 193
402 309 955
311 59 109
291 410 799
112 220 709
249 458 652
206 284 201
129 334 140
335 416 593
208 269 933
143 50 215
231 281 886
344 35 859
385 463 289
67 300 107
253 220 344
335 429 97
210 474 511
305 433 202
0 292 745
259 336 869
356 315 178
102 54 461
103 225 406
24 445 764
237 464 323
93 28 282
75 474 921
179 223 154
407 29 814
81 101 397
449 212 302
49 1 319
257 283 21
309 350 584
87 27 763
442 158 250
263 294 286
196 77 1
116 264 80
19 43 235
332 328 255
165 118 979
46 68 598
208 348 129
193 12 951
53 154 12
188 105 469
29 212 240
319 208 266
243 257 127
98 54 121
93 205 613
127 261 540
108 44 176
165 473 274
64 45 175
457 167 364
351 407 713
24 460 906
45 431 206
322 285 118
137 313 922
411 47 128
31 55 55
237 130 32
150 238 465
434 383 831
120 319 65
281 245 777
265 234 707
162 409 410
308 199 663
361 324 207
406 405 896
334 61 319
194 179 589
33 274 653
196 4 243
264 158 497
64 123 292
229 219 249
186 27 767
187 301 654
390 456 277
201 226 20
303 454 188
90 473 108
240 208 694
363 240 178
229 212 418
193 15 674
386 466 972
151 376 187
157 161 445
181 86 342
233 343 659
355 207 407
335 135 825
316 320 343
306 283 235
197 456 276
339 263 470
199 155 841
25 393 166
226 8 928
270 232 102
401 88 780
124 102 142
114 343 409
280 363 94
424 260 335
159 315 900
54 319 120
242 335 939
43 288 799
395 420 550
430 394 145
419 108 206
34 368 581
151 210 528
190 55 572
371 408 786
74 65 630
205 207 511
239 184 141
72 1 763
364 177 95
412 424 812
273 362 287
363 4 605
94 124 960
4 194 98
313 252 286
127 266 828
407 60 871
234 15 636
206 324 893
462 286 822
47 180 336
101 269 639
43 114 677
220 213 870
33 136 222
316 262 71
393 329 284
271 401 940
62 310 605
467 80 976
143 115 187
130 258 831
31 417 708
171 383 984
78 314 451
60 169 625
135 266 402
239 170 956
73 14 156
79 308 562
281 86 611
11 8 77
5 114 233
376 310 95
31 298 903
299 206 181
345 190 471
388 235 632
239 233 463
396 193 89
120 107 16
235 77 647
59 479 816
455 50 382
302 35 904
76 189 955
328 396 494
208 234 654
48 447 901
117 68 917
471 426 791
192 306 138
377 330 443
312 5 198
392 267 78
300 39 986
119 304 81
464 25 59
350 216 191
307 277 945
18 71 207
338 386 353
76 437 697
359 420 19
286 422 422
82 458 26
388 204 661
336 316 620
313 201 885
178 351 545
182 83 859
450 276 553
274 430 83
312 164 469
106 42 542
212 421 317
316 222 720
192 321 293
397 239 338
208 123 382
59 228 867
228 312 997
170 355 609
267 179 702
436 383 207
439 239 566
237 244 849
49 165 252
147 40 924
294 59 240
429 442 242
385 205 302
15 33 124
159 328 859
257 3 740
382 102 102
40 120 729
368 122 957
17 437 87
230 27 818
312 333 220
67 460 66
74 264 331
87 163 106
432 113 334
39 102 638
155 370 463
107 71 722
351 257 249
122 20 941
147 55 386
458 110 306
180 138 153
11 230 472
33 321 830
154 183 444
356 435 72
281 153 13
176 216 155
262 296 32
204 148 986
85 73 607
84 91 29
401 23 662
313 133 702
135 170 533
110 237 512
142 418 708
242 358 76
59 292 96
275 49 407
153 409 691
221 355 977
376 437 221
139 369 995
92 340 828
394 234 844
332 158 16
126 342 864
75 265 310
285 116 840
31 121 724
90 278 58
124 395 8
364 18 560
142 193 833
6 323 476
82 15 527
395 385 599
158 343 973
33 90 574
224 220 97
369 231 632
67 461 749
211 85 73
118 78 355
451 436 265
317 288 932
107 154 287
383 205 640
249 16 870
298 167 425
50 253 655
292 155 178
395 258 456
136 68 367
24 339 765
446 473 728
338 121 925
179 146 253
44 194 311
319 455 819
94 238 211
302 311 419
456 436 53
422 373 477
9 247 45
291 107 337
27 413 465
246 227 653
473 61 62
46 192 508
135 273 132
433 375 183
87 80 43
165 269 411
240 470 334
315 99 775
104 157 715
434 61 683
437 465 554
277 447 758
146 245 297
212 184 744
421 203 242
176 357 917
21 44 229
230 39 66
453 402 623
79 274 419
75 6 818
329 184 838
284 368 697
143 246 884
307 47 857
451 72 242
71 413 491
186 167 297
246 391 998
456 197 10
13 284 260
83 56 176
146 443 660
128 63 241
206 361 150
70 69 857
123 68 587
260 20 288
311 60 614
164 469 455
314 115 535
157 363 923
322 328 170
142 157 326
58 80 318
410 265 419
262 194 110
298 371 292
243 249 37
171 174 398
149 218 255
420 185 935
239 0 381
442 109 629
329 2 78
384 397 919
404 218 748
68 106 841
207 111 422
393 412 199
398 135 403
140 339 980
63 272 513
343 55 983
226 444 769
68 408 614
265 238 135
311 283 988
421 246 815
388 425 995
437 164 423
45 90 136
398 158 627
325 25 889
43 67 330
150 258 733
335 82 461
94 428 558
53 67 482
244 394 681
48 58 515
147 291 269
52 45 602
149 313 914
219 5 398
413 67 508
422 455 648
67 207 7
214 372 126
402 50 365
91 126 867
80 435 776
121 92 809
109 308 241
287 314 124
56 233 973
119 358 495
186 332 930
384 434 398
360 301 531
256 73 7
436 223 961
160 375 649
281 301 635
413 55 61
83 380 545
439 163 183
87 39 280
53 472 809
474 82 252
469 314 131
456 141 977
318 464 436
177 315 226
425 246 251
304 298 121
322 247 333
192 4 720
134 427 440
256 386 840
317 65 938
132 440 549
36 122 572
239 409 901
236 84 694
30 118 211
43 33 885
340 81 276
84 171 754
424 17 656
126 98 863
124 203 99
222 410 275
228 460 0
153 452 32
389 439 737
225 257 382
398 374 430
307 230 431
274 328 130
26 395 995
53 120 454
420 113 779
169 131 969
334 335 425
458 356 821
36 394 915
85 209 376
119 389 266
169 59 585
424 465 237
392 99 597
367 15 506
8 293 49
463 477 220
154 138 534
163 382 662
72 364 157
437 54 627
468 168 213
104 134 270
364 277 575
241 13 511
69 452 648
383 12 244
205 321 132
319 347 919
115 265 465
299 349 695
115 216 109
281 83 61
415 404 522
261 228 268
316 429 727
463 410 494
187 239 319
359 65 864
284 336 203
104 388 185
33 38 557
128 354 628
306 113 546
358 270 555
378 2 219
212 199 863
351 230 701
301 100 899
457 367 292
467 67 226
71 59 330
418 27 362
178 40 679
364 170 534
125 71 562
310 308 256
433 464 137
433 445 444
17 88 967
453 389 782
19 174 527
406 165 460
168 145 872
336 164 606
210 440 127
184 154 406
24 139 947
470 231 78
204 52 185
241 261 186
229 153 416
110 222 48
310 336 174
143 19 34
27 440 98
423 313 567
144 220 887
168 231 48
41 5 655
308 107 569
315 166 724
195 387 684
350 164 857
154 10 245
319 141 216
73 33 196
20 474 932
311 443 216
169 248 194
6 272 385
246 33 656
462 403 909
373 109 239
195 325 898
327 159 94
404 102 447
261 10 973
425 134 566
101 315 67
462 241 843
213 420 558
101 6 479
245 301 799
374 20 876
273 116 810
313 206 554
8 264 108
139 3 528
14 102 892
88 210 194
340 198 544
155 407 873
288 114 520
178 31 340
258 342 336
266 6 763
9 34 806
372 150 442
164 184 785
385 432 20
113 476 803
291 452 89
333 269 676
146 178 547
397 362 567
398 18 259
427 250 84
261 336 300
118 97 878
31 348 43
104 72 280
357 85 558
289 472 567
243 436 77
335 157 552
31 313 495
409 243 295
23 172 684
342 12 104
468 209 686
467 479 865
232 205 130
58 271 226
4 383 593
143 277 325
365 173 757
280 383 39
64 378 75
233 23 696
153 357 375
244 64 672
324 405 645
199 93 73
30 340 788
204 215 31
457 223 492
293 452 488
417 230 887
39 57 446
154 473 314
398 414 965
367 451 226
157 242 866
351 402 958
6 129 417
208 384 709
115 357 10
414 14 695
118 422 402
316 270 47
238 197 895
356 332 865
173 45 212
385 429 54
310 417 948
240 175 87
309 249 91
58 101 79
242 136 625
312 418 156
471 158 509
213 287 317
11 276 493
131 276 992
64 139 983
83 19 603
414 355 443
399 116 594
470 52 610
98 114 902
18 255 888
466 315 591
363 211 443
367 268 657
206 162 588
137 328 37
350 142 656
332 220 185
269 164 981
180 330 517
296 441 229
444 73 80
230 328 128
309 264 502
192 108 679
162 341 575
89 70 152
247 302 559
244 359 585
347 55 949
300 405 451
112 118 123
264 129 987
55 303 247
57 247 544
87 408 265
184 80 718
329 378 928
432 37 387
477 410 997
36 267 496
369 350 502
157 139 424
257 300 828
191 394 284
100 332 522
395 246 940
171 188 78
237 136 523
378 221 225
230 125 633
86 458 684
373 74 213
427 142 254
161 283 926
229 20 857
287 401 612
335 447 405
309 447 131
161 90 671
430 32 368
45 160 625
354 86 91
315 277 486
102 377 78
189 479 735
266 110 153
410 314 334
442 55 643
275 321 227
207 432 161
456 151 200
337 93 352
47 268 889
29 386 188
310 134 387
479 6 417
185 336 364
297 196 675
143 25 944
451 74 987
367 50 950
446 177 167
200 352 39
307 247 207
126 51 619
329 187 258
114 50 993
114 195 418
107 316 566
303 473 343
50 339 608
3 177 832
254 341 916
330 53 142
365 382 530
385 212 987
32 473 316
354 234 186
285 25 3
364 430 302
191 46 327
17 51 574
389 373 172
18 40 644
477 460 245
76 120 538
8 206 511
102 148 797
205 65 626
173 35 897
189 315 377
341 148 560
122 194 148
202 142 803
217 72 121
299 473 517
186 146 50
419 174 196
349 188 943
115 434 370
1 266 0
147 407 496
23 11 861
263 353 911
40 116 169
205 131 233
172 202 413
360 337 555
164 167 834
430 109 669
368 75 35
154 120 558
53 212 864
411 250 1
446 76 586
59 187 350
109 375 589
331 333 67
73 360 799
156 141 860
0 269 943
63 188 347
34 132 195
6 331 952
341 350 757
367 149 691
475 15 874
230 127 478
228 327 751
451 103 770
134 435 135
277 299 493
236 202 169
308 322 923
47 297 79
118 190 5
301 350 466
11 27 532
278 37 17
67 350 619
234 1 913
236 233 240
180 78 255
290 192 27
466 126 186
167 132 890
283 382 803
350 219 305
195 108 795
258 47 649
451 448 947
313 1 536
408 211 382
192 298 742
473 279 256
70 478 456
48 448 318
94 120 300
127 375 206
442 241 258
233 184 914
176 403 581
284 242 506
111 175 639
466 383 790
29 426 310
30 235 932
174 6 375
361 95 652
425 88 842
413 385 72
43 181 444
40 81 545
418 443 910
126 94 668
165 92 927
324 427 307
457 110 441
442 217 971
395 200 328
277 358 560
272 136 665
165 66 255
9 252 46
76 26 582
319 438 810
286 78 118
387 331 30
130 316 322
134 150 610
24 134 346
221 268 619
305 404 798
49 437 734
470 206 304
190 221 490
29 416 19
380 49 221
231 308 380
151 228 996
201 379 319
328 208 274
398 411 510
288 366 475
44 324 410
429 83 973
115 429 734
423 315 917
78 329 227
301 313 644
101 36 173
415 146 610
418 413 731
226 55 98
124 232 775
56 226 494
31 302 843
396 168 583
410 193 460
387 222 792
231 277 30
341 222 454
461 266 200
143 182 589
371 200 704
399 348 292
58 273 326
45 311 994
462 296 419
389 75 658
52 186 452
272 32 979
178 151 416
68 296 600
398 57 557
409 321 579
436 401 425
46 334 351
285 331 590
273 200 759
309 308 128
358 234 525
390 105 724
256 368 80
250 441 672
203 132 1000
238 116 865
99 280 388
397 99 83
402 7 650
22 388 479
315 127 104
416 118 591
369 316 976
165 348 451
233 28 385
252 228 299
458 130 217
295 254 323
89 263 317
237 304 219
49 69 612
278 80 874
413 417 868
180 91 130
3 170 4
52 220 297
380 236 14
438 198 891
153 305 954
166 109 143
201 413 470
109 66 606
165 280 585
10 369 501
77 183 734
435 223 280
478 447 536
287 325 22
366 462 575
60 102 59
303 175 234
330 206 373
305 48 149
428 315 740
320 166 325
274 49 908
270 389 108
140 79 167
60 238 73
267 387 860
227 424 880
472 249 525
228 255 209
98 78 964
59 275 229
198 81 123
289 464 474
471 472 93
370 116 520
408 255 583
418 270 143
9 176 193
88 429 203
180 113 358
392 333 165
177 151 250
84 217 660
397 462 989
199 201 839
460 34 52
280 120 419
180 61 13
13 107 751
329 342 314
7 63 498
421 85 563
363 357 94
154 347 338
466 53 56
424 285 651
29 354 636
383 321 103
379 153 316
343 276 964
410 241 24
275 18 101
8 335 968
448 193 374
129 227 787
174 186 562
478 144 266
321 119 168
158 400 906
251 97 890
316 280 140
402 409 918
425 416 685
312 20 593
337 356 348
120 223 180
261 21 498
80 347 404
285 111 205
346 296 284
34 473 649
458 248 730
470 376 751
163 235 657
375 258 110
336 479 793
176 459 408
177 280 826
275 361 720
181 61 566
117 175 949
396 352 352
247 381 62
256 362 534
400 440 49
269 268 649
462 142 514
402 224 888
100 202 623
168 432 795
227 7 520
358 430 216
365 391 676
131 265 399
413 278 274
143 297 398
175 214 346
13 418 310
249 459 723
274 460 861
204 346 130
365 462 860
133 296 774
288 76 884
58 455 82
134 270 259
319 111 134
294 456 756
409 121 10
287 438 228
417 202 805
132 316 602
206 219 505
328 405 851
415 353 527
379 304 998
85 411 376
146 145 8
50 227 62
159 423 620
210 448 941
374 403 13
321 233 930
19 206 78
96 420 662
91 371 808
42 315 106
356 471 894
146 254 854
220 206 524
229 371 890
141 161 784
418 167 133
145 310 904
80 309 924
180 211 586
112 210 655
81 324 627
87 467 100
411 108 205
96 460 228
209 207 923
270 271 43
448 84 649
260 272 39
101 169 722
56 6 814
10 35 876
170 223 886
79 440 215
438 274 864
292 51 324
159 371 805
264 192 537
162 52 807
101 41 865
71 403 480
201 199 356
206 72 165
190 478 475
355 91 201
76 251 382
427 292 488
325 128 408
113 167 72
326 375 294
101 405 876
33 385 339
319 248 728
465 200 135
88 221 963
280 16 355
122 377 349
376 185 746
22 410 127
93 322 61
156 76 511
258 352 508
326 42 833
192 378 638
14 220 598
381 280 806
398 83 623
35 109 216
451 355 387
352 159 552
462 408 989
418 327 400
200 23 976
164 365 155
313 49 385
408 420 698
62 4 142
388 257 673
168 403 197
201 177 849
58 127 831
306 311 723
340 413 553
10 81 612
80 13 887
63 259 52
101 446 699
448 442 231
265 310 952
70 434 242
222 351 634
402 408 90
268 296 873
41 399 198
113 56 288
365 162 150
183 70 799
168 322 551
236 300 963
361 113 869
195 105 184
426 22 126
47 159 424
225 78 503
442 195 671
407 269 643
92 248 282
9 433 353
88 76 264
345 438 882
182 360 593
127 168 106
11 186 858
23 66 684
278 15 789
437 214 855
334 19 923
235 140 645
399 475 769
347 277 205
73 415 996
47 441 480
240 454 448
368 115 624
344 449 95
222 376 512
353 135 556
298 163 55
455 418 351
406 367 589
323 329 80
338 2 267
204 145 330
204 462 647
438 131 808
258 62 195
431 145 440
21 404 540
316 319 408
78 190 305
315 369 930
236 352 179
35 96 743
186 180 785
92 142 220
248 130 295
340 149 129
196 142 686
146 165 531
229 40 815
463 84 813
186 439 185
171 64 150
100 188 79
368 396 491
59 293 836
210 173 600
46 406 228
281 455 686
259 245 285
351 172 164
190 249 148
277 18 744
226 253 384
184 460 975
96 208 178
109 319 658
375 346 143
285 362 39
477 154 601
370 401 519
414 373 820
53 335 750
19 71 955
442 382 259
37 175 62
130 84 763
142 351 774
337 307 54
97 134 715
477 375 106
78 379 882
53 297 637
139 327 121
365 338 192
422 284 570
359 42 70
315 237 200
277 293 409
142 55 179
208 104 982
318 299 299
395 172 895
327 266 21
8 440 208
38 108 799
106 430 179
247 105 699
40 461 15
479 451 375
289 380 444
264 294 327
189 116 681
11 113 374
54 211 657
219 80 872
313 326 233
1 475 105
449 338 403
7 44 497
130 166 493
454 353 324
36 107 574
235 118 381
262 184 438
225 34 276
249 250 270
191 167 630
475 210 419
173 473 586
182 254 578
316 69 380
109 437 218
348 374 494
43 297 420
100 259 4
319 182 15
404 74 44
187 163 826
19 332 315
202 235 230
87 419 543
94 234 61
218 103 961
49 474 158
400 405 769
421 215 380
306 246 753
363 332 846
398 184 381
223 297 195
194 169 248
300 317 340
410 290 771
277 403 182
13 419 91
274 237 374
118 24 378
86 418 98
385 98 99
56 402 960
210 107 724
20 295 513
308 369 715
419 187 578
441 217 175
213 120 869
456 56 365
340 51 705
18 407 275
29 441 20
160 298 432
208 426 33
137 33 829
99 389 399
288 282 637
455 228 757
453 172 74
229 248 608
47 384 545
225 47 532
178 385 907
160 425 438
405 350 126
143 4 792
247 13 168
103 135 729
275 379 215
262 458 487
121 86 967
201 436 403
317 265 934
257 0 808
282 470 108
272 336 638
397 6 57
479 130 109
197 423 48
466 320 433
221 253 819
123 318 162
277 32 728
222 215 918
381 434 667
42 141 889
439 463 247
245 332 359
228 240 748
75 335 369
62 290 429
231 45 541
360 15 5
150 310 139
461 126 177
94 433 154
341 100 818
452 224 641
333 185 578
159 278 775
453 206 888
285 382 81
332 465 458
410 182 470
32 221 544
83 136 984
338 447 470
88 32 171
309 68 571
181 336 795
177 236 765
418 75 929
112 352 767
434 346 114
404 464 781
308 429 556
322 157 526
209 174 520
421 145 772
214 241 356
189 401 36
229 65 919
168 447 51
339 188 991
66 36 500
273 337 843
303 392 116
129 222 263
325 140 754
145 73 874
165 235 983
173 260 659
294 411 789
35 29 419
397 165 154
345 275 367
442 15 318
386 257 714
210 459 522
353 292 37
130 367 125
228 396 30
263 139 985
347 462 874
416 74 30
397 216 506
62 248 732
301 28 781
384 172 943
127 157 42
137 202 695
252 273 415
449 65 929
195 60 44
64 224 845
409 49 13
142 205 904
100 344 540
344 361 529
396 157 636
159 415 975
397 19 656
379 64 995
84 376 399
295 262 657
321 74 355
234 207 106
205 400 232
469 414 309
31 30 643
3 105 844
478 184 407
169 379 330
131 325 297
207 292 82
142 177 223
72 70 914
214 20 999
232 14 494
289 415 990
163 299 278
350 269 128
80 196 548
243 406 80
416 213 729
363 186 195
418 33 415
208 479 800
432 33 888
298 310 204
177 324 360
270 277 841
181 428 852
50 388 784
193 323 563
5 226 633
230 28 939
219 306 791
336 132 178
131 59 648
314 32 74
261 14 478
88 316 567
330 63 660
390 110 225
255 99 697
464 122 90
33 9 887
100 319 156
298 417 24
201 27 526
31 248 773
347 83 279
220 377 625
266 408 106
418 211 935
296 327 112
467 445 880
35 271 795
249 226 282
242 216 826
435 338 968
376 234 96
476 212 905
199 34 725
138 400 414
331 87 212
118 208 692
177 377 75
132 352 472
281 10 26
73 439 620
245 282 191
150 68 515
448 171 203
187 373 135
254 98 783
21 96 735
241 287 63
327 394 735
130 58 162
476 10 296
26 244 242
301 19 358
396 133 496
319 161 594
447 266 994
147 4 862
52 366 285
127 271 161
269 274 438
36 7 239
171 122 514
137 153 623
418 269 19
277 158 980
233 247 879
202 151 735
395 430 123
226 453 922
131 389 710
427 434 872
28 148 796
170 93 649
141 58 68
352 27 517
101 302 931
132 281 413
104 182 143
77 359 382
150 390 231
206 322 309
214 401 813
144 14 407
343 281 677
136 51
101 118
63 899
371 575
325 880
434 869
438 484
442 881
191 735
171 651
28 426
25 6
398 24
77 632
144 284
422 570
211 604
10 450
92 396
59 456
410 378
87 843
18 551
272 666
343 115
62 880
398 560
308 543
205 309
189 781
451 40
158 730
461 33
306 221
287 456
445 676
272 902
467 823
112 575
235 770
230 210
361 620
463 955
478 887
454 807
64 75
476 867
144 596
17 202
140 624
190 790
166 20
56 314
290 663
97 508
90 507
325 234
466 406
292 536
105 841
34 441
126 244
411 510
355 898
230 50
34 138
8 78
65 946
127 220
465 377
49 543
288 833
114 420
236 285
208 611
363 954
349 203
291 578
405 411
27 156
453 422
398 987
479 446
457 982
215 716
33 227
11 677
30 330
46 712
117 102
249 363
238 11
250 4
357 562
211 574
193 838
348 62
223 810
343 963
48 895
449 999
138 186
133 782
126 484
337 548
109 321
162 670
389 740
295 124
94 165
164 974
382 799
392 560
151 223
127 549
349 515
12 928
280 502
76 544
70 284
204 499
53 760
254 184
130 549
294 529
85 225
331 6
47 794
236 966
61 506
85 929
450 220
325 348
279 571
175 137
436 423
191 542
360 464
450 554
182 761
237 612
253 8
444 14
201 383
19 540
446 636
338 171
340 160
235 360
56 680
39 165
278 570
430 938
264 441
475 125
56 707
110 51
43 626
332 55
464 137
283 908
150 180
231 706
8 66
22 368
468 841
40 658
77 689
71 253
54 51
166 21
276 988
380 795
415 504
443 849
100 925
403 381
67 944
325 484
26 752
288 661
338 805
264 320
118 780
280 773
196 113
197 390
155 68
150 23
84 440
64 1
147 883
455 298
228 278
315 693
393 642
119 839
455 881
271 896
455 852
50 607
169 391
420 314
218 102
340 690
351 195
355 631
405 91
64 960
106 497
169 516
210 353
135 985
325 677
460 702
366 487
14 353
209 823
323 554
173 107
204 88
470 340
341 904
463 455
25 181
132 862
468 871
190 95
63 578
206 62
396 5
420 439
11 543
407 178
214 692
158 177
258 915
213 760
326 403
123 87
159 248
12 813
240 774
381 918
1 51
82 95
455 387
32 82
333 993
303 959
375 10
48 48
223 767
414 465
422 815
142 322
294 839
389 526
176 943
100 301
455 107
218 296
345 352
236 330
193 749
151 178
82 525
187 723
239 757
332 124
397 905
412 757
329 684
263 87
338 896
99 591
191 985
369 911
408 376
358 792
330 22
430 662
390 919
377 664
247 226
370 675
439 806
297 254
31 571
372 995
40 461
79 106
141 594
99 811
175 59
40 325
110 220
436 292
96 127
179 98
414 712
417 274
153 719
459 982
42 51
458 169
463 711
362 847
217 769
127 126
13 203
275 565
2 582
154 537
151 290
64 354
85 251
170 914
283 288
144 524
337 226
98 351
159 249
293 135
275 168
98 462
450 443
329 64
120 83
106 195
3 357
148 509
419 110
387 571
217 845
246 443
123 901
320 641
385 748
278 897
297 574
428 124
182 27
472 442
334 838
195 727
446 837
110 605
2 655
368 823
1 744
213 416
424 821
45 614
156 13
477 208
95 973
462 278
114 154
292 456
149 411
302 755
64 197
12 469
233 708
221 716
221 325
412 290
253 272
70 834
373 301
266 87
174 556
111 209
150 191
164 232
339 303
235 504
476 581
386 987
119 140
365 996
292 549
294 375
35 553
125 57
111 341
92 419
280 831
288 432
106 507
5 181
100 441
79 407
159 336
320 159
238 923
424 48
29 227
45 890
449 561
366 92
82 890
471 561
189 768
92 33
223 302
354 199
381 896
184 548
84 278
203 615
185 550
159 682
430 105
421 908
466 496
157 681
193 522
462 470
407 462
125 715
416 652
237 820
369 285
79 953
248 341
220 328
276 125
22 642
264 422
451 37
238 408
83 137
385 872
431 365
103 787
477 625
242 758
435 709
265 833
66 469
65 171
414 510
187 440
340 867
293 468
198 506
478 432
135 867
155 929
107 538
85 972
131 194
342 582
417 953
106 760
191 26
213 886
416 159
183 276
132 799
177 823
232 831
297 222
266 353
17 231
137 289
208 680
418 566
161 240
203 261
366 357
411 965
417 542
436 782
459 373
322 900
438 151
273 338
136 118
136 416
136 379
136 323
136 292
136 201
136 369
136 200
136 321
136 475
136 56
136 27
136 82
136 340
136 325
136 373
136 420
136 353
136 295
136 40
136 308
136 134
136 474
136 346
136 362
136 199
136 120
136 351
136 118
136 403
136 290
136 231
136 164
136 301
136 449
136 353
136 21
136 458
136 299
136 162
136 410
136 437
136 279
136 166
136 8
136 476
136 204
136 186
136 294
136 25
136 260
136 395
136 105
136 109
136 66
136 210
136 415
136 77
136 62
136 206
136 351
136 71
136 389
136 216
136 121
136 76
136 308
136 211
136 391
136 381
136 49
136 445
136 335
136 237
136 204
136 477
136 317
136 132
136 445
136 67
136 259
136 468
136 192
136 337
136 425
136 299
136 396
136 79
136 327
136 229
136 400
136 153
136 315
136 131
136 43
136 470
136 243
136 157
136 424
136 401
136 80
136 325
136 210
136 128
136 325
136 410
136 27
136 382
136 455
136 184
136 137
136 271
136 75
136 23
136 371
136 140
136 247
136 155
136 117
136 233
136 256
136 363
136 471
136 154
136 292
136 463
136 329
136 175
136 233
136 313
136 16
136 455
136 42
136 4
136 341
136 185
136 263
136 165
136 229
136 278
136 477
136 362
136 166
136 250
136 45
136 82
136 349
136 351
136 351
136 132
136 146
136 205
136 275
136 316
136 391
136 89
136 260
136 202
136 93
136 156
136 177
136 256
136 310
136 410
136 3
136 130
136 143
136 364
136 34
136 290
136 169
136 172
136 87
136 95
136 375
136 125
136 319
136 49
136 229
136 56
136 274
136 48
136 258
136 14
136 266
136 416
136 292
136 172
136 69
136 295
136 285
136 205
136 156
136 7
136 446
136 441
136 403
136 135
136 474
136 143
136 391
136 407
136 69
136 105
136 434
136 42
136 292
136 45
136 15
136 344
136 141
136 236
136 424
136 439
136 370
136 178
136 32
136 328
136 323
136 410
136 416
136 286
136 423
136 58
136 471
136 374
136 378
136 143
136 433
136 238
136 134
136 344
136 50
136 346
136 239
136 43
136 472
136 318
136 89
136 182
136 477
136 263
136 356
136 359
136 92
136 427
136 229
136 169
136 395
136 399
136 410
136 249
136 451
136 226
136 370
136 70
136 178
136 400
136 73
136 174
136 387
136 233
136 339
136 209
136 454
136 93
136 246
136 237
136 285
136 101
136 139
136 145
136 429
136 116
136 62
136 336
136 289
136 262
136 11
136 98
136 388
136 380
136 71
136 273
136 448
136 367
136 137
136 179
136 267
136 43
136 89
136 247
136 245
136 350
136 328
136 100
136 305
136 138
136 266
136 326
136 51
136 48
136 234
136 19
136 234
136 5
136 301
136 4
136 379
136 151
136 423
136 373
136 25
136 83
136 357
136 51
136 440
136 387
136 366
136 78
136 85
136 421
136 432
136 307
136 382
136 8
136 108
136 393
136 477
136 463
136 236
136 203
136 370
136 133
136 89
136 346
136 209
136 191
136 74
136 296
136 469
136 83
136 86
136 390
136 396
136 172
136 360
136 412
136 427
136 109
136 27
136 459
136 13
136 49
136 357
136 251
136 8
136 440
136 238
136 432
136 93
136 366
136 255
136 1
136 316
136 178
136 213
136 80
136 302
136 72
136 102
136 110
136 269
136 319
136 124
136 162
136 183
136 425
136 104
136 434
136 346
136 452
136 198
136 183
136 107
136 214
136 272
136 230
136 367
136 373
136 333
136 72
136 87
136 104
136 270
136 91
136 167
136 257
136 339
136 211
136 476
136 74
136 134
136 217
136 412
136 320
136 46
136 255
136 178
136 321
136 221
136 433
136 409
136 328
136 56
136 465
136 284
136 400
136 199
136 395
136 341
136 131
136 144
136 27
136 381
136 126
136 419
136 435
136 291
136 361
136 126
136 470
136 166
136 118
136 398
136 171
136 466
136 381
136 165
136 130
136 471
136 398
136 6
136 48
136 297
136 266
136 301
136 10
136 311
136 27
136 203
136 118
136 256
136 242
136 55
136 368
136 81
136 140
136 119
136 303
136 193
136 239
136 339
136 328
136 166
136 126
136 68
136 282
136 7
136 55
136 14
136 341
136 91
136 163
136 208
136 26
136 452
136 279
136 217
136 38
136 80
136 292
136 203
136 351
136 477
136 283
136 154
136 391
136 204
136 425
136 306
136 467
136 435
136 417
136 124
136 9
136 154
136 316
136 205
136 466
136 35
136 238
136 447
136 135
136 277
136 87
136 231
136 81
136 36
136 99
136 1
136 209
136 239
136 159
136 157
136 311
136 261
136 363
136 12
136 149
136 316
136 256
136 418
136 90
136 258
136 56
136 425
136 116
136 281
136 46
136 420
136 475
136 347
136 376
136 205
136 38
136 477
136 137
136 373
136 104
136 244
136 448
136 219
136 18
136 304
136 147
136 281
136 6
136 199
136 408
136 466
136 106
136 324
136 150
136 127
136 128
136 25
136 278
136 440
136 112
136 101
136 73
136 168
136 43
136 109
136 8
136 326
136 207
136 175
136 275
136 117
136 317
136 263
136 287
136 139
136 110
136 402
136 143
136 88
136 332
136 83
136 472
136 400
136 205
136 307
136 207
136 159
136 78
136 267
136 346
136 169
136 43
136 477
136 467
136 443
136 349
136 338
136 204
136 208
136 71
136 72
136 151
136 411
136 273
136 131
136 115
136 475
136 141
136 176
136 433
136 239
136 1
136 82
136 375
136 395
136 383
136 93
136 210
136 106
136 350
136 336
136 408
136 278
136 354
136 69
136 223
136 446
136 427
136 71
136 327
136 302
136 20
136 185
136 465
136 118
136 242
136 371
136 127
136 257
136 181
136 398
136 110
136 313
136 357
136 176
136 161
136 184
136 252
136 84
136 232
136 335
136 155
136 53
136 470
136 421
136 158
136 264
136 46
136 19
136 460
136 224
136 120
136 456
136 75
136 103
136 246
136 89
136 355
136 390
136 125
136 259
136 354
136 473
136 184
136 331
136 281
136 96
136 176
136 320
136 192
136 165
136 185
136 350
136 219
136 183
136 251
136 199
136 197
136 352
136 197
136 129
136 253
136 202
136 131
136 22
136 346
136 228
136 81
136 22
136 64
136 161
136 279
136 109
136 213
136 23
136 95
136 287
136 453
136 460
136 198
136 266
136 380
136 235
136 365
136 406
136 333
136 238
136 229
136 75
136 373
136 66
136 290
136 350
136 205
136 377
136 40
136 107
136 140
136 248
136 90
136 373
136 258
136 281
136 347
136 466
136 151
136 86
136 64
136 343
136 191
136 446
136 427
136 11
136 356
136 421
136 390
136 378
136 26
136 23
136 244
136 46
136 77
136 384
136 149
136 70
136 126
136 143
136 347
136 140
136 95
136 389
136 232
136 293
136 54
136 195
136 217
136 120
136 388
136 459
136 134
136 69
136 2
136 173
136 292
136 409
136 53
136 453
136 47
136 148
136 473
136 122
136 342
136 448
136 221
136 196
136 388
136 86
136 195
136 387
136 288
136 227
136 206
136 183
136 98
136 39
136 356
136 355
136 96
136 338
136 269
136 108
136 276
136 44
136 346
136 42
136 251
136 106
136 146
136 75
136 6
136 80
136 303
136 179
136 206
136 237
136 321
136 433
136 103
136 43
136 175
136 210
136 20
136 297
136 420
136 215
136 215
136 222
136 36
136 414
136 28
136 156
136 71
136 60
136 299
136 84
136 399
136 442
136 361
136 292
136 123
136 161
136 128
136 252
136 205
136 300
136 227
136 96
136 182
136 52
136 204
136 332
136 76
136 388
136 232
136 247
136 382
136 23
136 14
136 92
136 41
136 58
136 139
136 57
136 183
136 211
136 365
136 463
136 460
136 223
136 90
136 344
136 236
136 83
136 329
136 112
136 376
136 97
136 244
136 62
136 180
136 398
136 155
136 329
136 359
136 305
136 442
136 48
136 400
136 94
136 167
136 200
136 171
136 293
136 353
136 207
136 204
136 214
136 12
136 310
136 327
136 274
136 118
136 319
136 266
136 246
136 257
136 387
136 266
136 261
136 452
136 279
136 203
136 4
136 176
136 292
136 157
136 472
136 403
136 322
136 111
136 385
136 253
136 30
136 350
136 265
136 476
136 77
136 334
136 179
136 392
136 280
136 407
136 271
136 332
136 421
136 430
136 11
136 405
136 270
136 10
136 4
136 62
136 30
136 233
136 31
136 86
136 0
136 90
136 0
136 435
136 62
136 185
136 35
136 125
136 445
136 33
136 368
136 287
136 477
136 467
136 241
136 394
136 457
136 425
136 268
136 395
136 122
136 69
136 382
136 407
136 62
136 191
136 80
136 87
136 144
136 414
136 408
136 261
136 399
136 68
136 229
136 113
136 53
136 310
136 11
136 464
136 28
136 289
136 338
136 45
136 306
136 43
136 86
136 49
136 27
136 310
136 131
136 390
136 228
136 371
136 377
136 473
136 242
136 454
136 192
136 70
136 419
136 342
136 448
136 375
136 276
136 414
136 123
136 399
136 284
136 377
136 17
136 404
136 439
136 28
136 472
136 123
136 58
136 127
136 121
136 152
136 83
136 44
136 294
136 336
136 293
136 319
136 415
136 51
136 400
136 230
136 473
136 406
136 137
136 246
136 185
136 297
136 471
136 81
136 265
136 397
136 220
136 233
136 402
136 172
136 346
136 330
136 372
136 435
136 362
136 297
136 236
136 116
136 174
136 97
136 4
136 453
136 365
136 64
136 395
136 370
136 88
136 219
136 338
136 38
136 454
136 258
136 186
136 201
136 374
136 282
136 98
136 316
136 259
136 198
136 197
136 81
136 165
136 211
136 388
136 116
136 172
136 55
136 405
136 11
136 148
136 255
136 3
136 371
136 417
136 98
136 259
136 134
136 146
136 250
136 340
136 442
136 322
136 267
136 358
136 276
136 40
136 155
136 88
136 448
136 155
136 235
136 188
136 357
136 236
136 479
136 117
136 435
136 191
136 340
136 179
136 385
136 44
136 336
136 116
136 181
136 413
136 209
136 223
136 410
136 111
136 37
136 231
136 239
136 297
136 434
136 417
136 94
136 166
136 365
136 228
136 132
136 29
136 56
136 348
136 355
136 1
136 428
136 133
136 6
136 35
136 406
136 169
136 385
136 206
136 323
136 423
136 375
136 455
136 460
136 376
136 186
136 359
136 198
136 409
136 35
136 25
136 67
136 100
136 58
136 153
136 10
136 47
136 194
136 7
136 438
136 19
136 31
136 192
136 18
136 332
136 55
136 161
136 341
136 246
136 61
136 101
136 320
136 164
136 467
136 278
136 11
136 30
136 187
136 147
136 459
136 369
136 327
136 288
136 305
136 298
136 396
136 140
136 455
136 153
136 129
136 401
136 318
136 475
136 160
136 385
136 110
136 389
136 133
136 476
136 348
136 70
136 169
136 277
136 280
136 366
136 62
136 366
136 88
136 257
136 144
136 303
136 285
136 219
136 335
136 326
136 286
136 460
136 231
136 174
136 113
136 302
136 154
136 149
136 53
136 155
136 132
136 65
136 255
136 178
136 204
136 77
136 169
136 427
136 376
136 202
136 232
136 5
136 397
136 222
136 356
136 16
136 406
136 139
136 8
136 6
136 316
136 86
136 222
136 436
136 80
136 232
136 280
136 300
136 290
136 100
136 18
136 151
136 325
136 207
136 254
136 59
136 35
136 417
136 448
136 20
136 313
136 248
136 347
136 41
136 18
136 107
136 145
136 405
136 223
136 316
136 126
136 39
136 99
136 21
136 425
136 350
136 221
136 258
136 52
136 469
136 250
136 396
136 255
136 339
136 119
136 21
136 415
136 154
136 151
136 143
136 192
136 38
136 102
136 473
136 82
136 175
136 169
136 184
136 457
136 421
136 264
136 193
136 273
136 143
136 249
136 50
136 17
136 94
136 355
136 194
136 187
136 350
136 37
136 234
136 96
136 476
136 377
136 295
136 241
136 4
136 255
136 73
136 224
136 394
136 286
136 73
136 247
136 214
136 146
136 139
136 365
136 221
136 369
136 354
136 400
136 476
136 53
136 436
136 214
136 17
136 130
136 32
136 453
136 215
136 298
136 3
136 191
136 47
136 41
136 122
136 477
136 302
136 119
136 249
136 163
136 104
136 402
136 287
136 350
136 244
136 270
136 2
136 131
136 295
136 349
136 140
136 183
136 143
136 31
136 223
136 471
136 102
136 168
136 470
136 206
136 308
136 71
136 62
136 277
136 345
136 328
136 327
136 347
136 466
136 443
136 129
136 253
136 107
136 393
136 297
136 376
136 224
136 350
136 242
136 382
136 304
136 400
136 410
136 270
136 324
136 377
136 99
136 262
136 264
136 170
136 31
136 45
136 353
136 240
136 384
136 337
136 269
136 464
136 142
136 234
136 112
136 478
136 308
136 166
136 4
136 204
136 163
136 433
136 187
136 386
136 268
136 8
136 209
136 384
136 107
136 105
136 234
136 451
136 265
136 159
136 112
136 369
136 275
136 286
136 133
136 353
136 331
136 255
136 252
136 87
136 261
136 459
136 20
136 28
136 222
136 372
136 389
136 424
136 213
136 6
136 310
136 334
136 441
136 448
136 165
136 466
136 332
136 261
136 148
136 422
136 63
136 35
136 98
136 0
136 375
136 387
136 332
136 436
136 350
136 235
136 475
136 103
136 414
136 119
136 385
136 49
136 41
136 140
136 200
136 143
136 64
136 466
136 161
136 99
136 232
136 397
136 91
136 132
136 138
136 264
136 371
136 255
136 74
136 185
136 316
136 214
136 318
136 329
136 242
136 89
136 271
136 181
136 190
136 295
136 252
136 214
136 409
136 44
136 323
136 328
136 387
136 321
136 293
136 117
136 418
136 333
136 252
136 215
136 69
136 458
136 358
136 372
136 319
136 79
136 172
136 156
136 445
136 23
136 82
136 192
136 364
136 246
136 270
136 190
136 172
136 160
136 0
136 56
136 123
136 368
136 437
136 368
136 351
136 253
136 277
136 304
136 284
136 402
136 91
136 259
136 222
136 264
136 375
136 84
136 77
136 183
136 184
136 62
136 301
136 301
136 359
136 174
136 76
136 237
136 211
136 336
136 456
136 261
136 441
136 89
136 357
136 365
136 282
136 134
136 350
136 1
136 293
136 324
136 444
136 456
136 14
136 63
136 176
136 389
136 266
136 323
136 244
136 404
136 283
136 394
136 449
136 159
136 289
136 436
136 462
136 44
136 149
136 161
136 133
136 65
136 394
136 383
136 60
136 345
136 415
136 237
136 181
136 44
136 407
136 200
136 454
136 390
136 132
136 185
136 282
136 78
136 238
136 134
136 177
136 294
136 439
136 332
136 382
136 62
136 243
136 348
136 476
136 128
136 451
136 392
136 97
136 204
136 291
136 205
136 199
136 428
136 434
136 112
136 339
136 43
136 297
136 17
136 12
136 294
136 323
136 285
136 358
136 216
136 342
136 403
136 365
136 317
136 152
136 463
136 171
136 326
136 435
136 1
136 416
136 77
136 231
136 55
136 181
136 332
136 86
136 1
136 206
136 34
136 327
136 237
136 434
136 147
136 374
136 386
136 19
136 110
136 99
136 198
136 140
136 225
136 7
136 110
136 182
136 373
136 27
136 151
136 187
136 62
136 385
136 87
136 168
136 169
136 2
136 391
136 191
136 7
136 168
136 448
136 224
136 404
136 182
136 361
136 219
136 123
136 190
136 12
136 179
136 228
136 113
136 211
136 183
136 389
136 259
136 424
136 372
136 274
136 369
136 28
136 165
136 149
136 265
136 215
136 106
136 297
136 96
136 0
136 193
136 187
136 154
136 12
136 103
136 471
136 162
136 455
136 307
136 263
136 355
136 300
136 180
136 167
136 407
136 260
136 346
136 317
136 176
136 93
136 294
136 356
136 449
136 167
136 175
136 452
136 24
136 138
136 228
136 59
136 181
136 208
136 453
136 335
136 429
136 203
136 138
136 7
136 72
136 313
136 282
136 127
136 365
136 379
136 297
136 216
136 237
136 396
136 182
136 155
136 402
136 410
136 28
136 311
136 386
136 47
136 68
136 443
136 262
136 133
136 423
136 438
136 99
136 320
136 35
136 361
136 11
136 143
136 307
136 45
136 433
136 232
136 371
136 175
136 331
136 15
136 403
136 14
136 212
136 275
136 441
136 340
136 87
136 423
136 332
136 303
136 433
136 457
136 352
136 394
136 36
136 281
136 152
136 285
136 218
136 107
136 134
136 59
136 99
136 148
136 325
136 414
136 117
136 357
136 445
136 408
136 351
136 205
136 66
136 253
136 124
136 295
136 171
136 197
136 387
136 205
136 365
136 422
136 139
136 325
136 243
136 254
136 176
136 163
136 272
136 58
136 325
136 22
136 206
136 477
136 403
136 204
136 380
136 373
136 57
136 185
136 59
136 80
136 44
136 144
136 368
136 468
136 40
136 58
136 130
136 217
136 422
136 105
136 286
136 85
136 226
136 96
136 222
136 427
136 126
136 391
136 120
136 436
136 470
136 135
136 222
136 161
136 316
136 132
136 211
136 0
136 379
136 232
136 259
136 282
136 222
136 454
136 113
136 186
136 341
136 456
136 232
136 382
136 385
136 419
136 417
136 303
136 31
136 256
136 171
136 411
136 404
136 430
136 418
136 215
136 471
136 133
136 326
136 345
136 48
136 43
136 76
136 257
136 400
136 73
136 422
136 412
136 190
136 368
136 226
136 156
136 401
136 443
136 69
136 256
136 325
136 294
136 90
136 249
136 277
136 165
136 394
136 428
136 452
136 98
136 445
136 343
136 425
136 192
136 103
136 287
136 387
136 379
136 79
136 181
136 465
136 268
136 294
136 280
136 416
136 57
136 25
136 292
136 369
136 399
136 204
136 310
136 368
136 270
136 294
136 347
136 365
136 321
136 300
136 128
136 317
136 371
136 343
136 379
136 402
136 60
136 317
136 336
136 70
136 95
136 189
136 242
136 466
136 85
136 334
136 277
136 112
136 157
136 62
136 362
136 239
136 365
136 335
136 389
136 163
136 203
136 71
136 30
136 475
136 258
136 229
136 369
136 386
136 147
136 270
136 465
136 253
136 82
136 24
136 177
136 27
136 262
136 21
136 425
136 410
136 59
136 407
136 126
136 428
136 443
136 388
136 477
136 34
136 185
136 221
136 27
136 437
136 345
136 143
136 9
136 77
136 94
136 51
136 190
136 148
136 162
136 21
136 109
136 173
136 307
136 335
136 467
136 228
136 185
136 204
136 420
136 225
136 312
136 162
136 418
136 176
136 121
136 399
136 114
136 220
136 308
136 368
136 251
136 412
136 119
136 440
136 384
136 177
136 50
136 9
136 196
136 146
136 141
136 436
136 180
136 49
136 223
136 131
136 124
136 472
136 456
136 41
136 319
136 235
136 105
136 438
136 438
136 265
136 302
136 75
136 478
136 199
136 75
136 207
136 368
136 10
136 404
136 111
136 360
136 268
136 207
136 377
136 23
136 433
136 336
136 473
136 456
136 216
136 349
136 287
136 223
136 46
136 117
136 282
136 346
136 130
136 251
136 443
136 322
136 133
136 174
136 321
136 444
136 187
136 24
136 173
136 120
136 28
136 401
136 15
136 362
136 418
136 296
136 171
136 378
136 403
136 56
136 164
136 97
136 457
136 479
136 344
136 287
136 64
136 329
136 277
136 122
136 103
136 139
136 52
136 313
136 314
136 196
136 470
136 407
136 18
136 98
136 215
136 40
136 323
136 11
136 128
136 195
136 448
136 73
136 452
136 207
136 432
136 46
136 165
136 438
136 475
136 459
136 352
136 224
136 63
136 72
136 21
136 211
136 151
136 125
136 198
136 313
136 464
136 42
136 173
136 233
136 411
136 68
136 110
136 345
136 16
136 126
136 326
136 148
136 295
136 224
136 238
136 88
136 285
136 111
136 73
136 299
136 39
136 407
136 424
136 323
136 252
136 94
136 73
136 325
136 127
136 216
136 265
136 186
136 37
136 459
136 186
136 335
136 1
136 110
136 111
136 125
136 15
136 447
136 436
136 153
136 117
136 443
136 296
136 231
136 140
136 14
136 451
136 296
136 267
136 184
136 430
136 291
136 346
136 294
136 56
136 8
136 124
136 196
136 23
136 245
136 186
136 256
136 49
136 164
136 455
136 306
136 2
136 337
136 166
136 246
136 16
136 111
136 307
136 349
136 146
136 195
136 357
136 402
136 379
136 196
136 341
136 8
136 29
136 279
136 96
136 47
136 337
136 302
136 255
136 237
136 419
136 268
136 30
136 195
136 30
136 348
136 117
136 431
136 452
136 297
136 58
136 192
136 36
136 222
136 181
136 129
136 411
136 222
136 468
136 475
136 416
136 277
136 220
136 287
136 414
136 344
136 343
136 188
136 458
136 342
136 202
136 167
136 438
136 314
136 128
136 175
136 337
136 423
136 107
136 468
136 39
136 171
136 475
136 213
136 32
136 314
136 375
136 399
136 408
136 127
136 328
136 366
136 254
136 107
136 184
136 4
136 324
136 173
136 166
136 287
136 88
136 463
136 86
136 118
136 479
136 431
136 422
136 63
136 467
136 461
136 94
136 336
136 405
136 294
136 41
136 200
136 185
136 95
136 252
136 306
136 444
136 97
136 177
136 259
136 385
136 394
136 391
136 357
136 197
136 224
136 395
136 27
136 221
136 92
136 330
136 195
136 401
136 342
136 320
136 159
136 341
136 393
136 253
136 448
136 435
136 257
136 97
136 11
136 129
136 297
136 130
136 242
136 158
136 245
136 53
136 30
136 399
136 400
136 68
136 55
136 232
136 402
136 433
136 99
136 115
136 455
136 392
136 413
136 448
136 335
136 459
136 67
136 58
136 380
136 12
136 168
136 334
136 113
136 197
136 402
136 150
136 406
136 211
136 133
136 437
136 106
136 343
136 475
136 464
136 377
136 376
136 164
136 458
136 127
136 168
136 468
136 331
136 456
136 470
136 49
136 24
136 128
136 83
136 268
136 269
136 24
136 319
136 16
136 330
136 313
136 414
136 102
136 0
136 17
136 454
136 351
136 336
136 289
136 299
136 356
136 245
136 261
136 213
136 30
136 16
136 96
136 375
136 0
136 366
136 221
136 169
136 32
136 221
136 263
136 367
136 352
136 322
136 240
136 291
136 438
136 113
136 10
136 341
136 35
136 185
136 430
136 295
136 17
136 319
136 27
136 227
136 154
136 451
136 249
136 183
136 324
136 42
136 12
136 281
136 354
136 466
136 440
136 279
136 309
136 104
136 345
136 302
136 37
136 14
136 8
136 122
136 173
136 420
136 168
136 316
136 290
136 147
136 86
136 367
136 92
136 327
136 339
136 370
136 399
136 44
136 254
136 336
136 242
136 52
136 172
136 320
136 435
136 272
136 132
136 17
136 438
136 183
136 346
136 247
136 253
136 419
136 408
136 9
136 195
136 174
136 13
136 52
136 290
136 257
136 135
136 310
136 362
136 117
136 384
136 121
136 201
136 98
136 188
136 400
136 292
136 423
136 220
136 211
136 379
136 234
136 341
136 74
136 223
136 71
136 268
136 232
136 70
136 446
136 23
136 21
136 425
136 385
136 378
136 355
136 356
136 202
136 80
136 40
136 361
136 155
136 344
136 24
136 273
136 221
136 399
136 306
136 182
136 148
136 6
136 409
136 242
136 404
136 37
136 214
136 17
136 374
136 348
136 72
136 53
136 303
136 264
136 407
136 226
136 320
136 174
136 193
136 32
136 87
136 180
136 270
136 164
136 114
136 42
136 395
136 70
136 285
136 217
136 253
136 463
136 299
136 64
136 19
136 36
136 296
136 401
136 133
136 12
136 447
136 388
136 12
136 185
136 98
136 56
136 35
136 428
136 386
136 365
136 371
136 45
136 91
136 107
136 130
136 140
136 158
136 252
136 25
136 324
136 243
136 105
136 387
136 85
136 478
136 86
136 459
136 463
136 299
136 92
136 441
136 297
136 258
136 381
136 215
136 156
136 72
136 432
136 130
136 462
136 159
136 352
136 219
136 89
136 196
136 381
136 346
136 451
136 386
136 256
136 132
136 377
136 459
136 19
136 62
136 455
136 190
136 477
136 120
136 289
136 9
136 266
136 3
136 422
136 39
136 77
136 331
136 139
136 313
136 5
136 441
136 216
136 95
136 53
136 390
136 476
136 386
136 235
136 420
136 140
136 358
136 24
136 328
136 215
136 402
136 357
136 111
136 40
136 242
136 234
136 330
136 337
136 110
136 47
136 336
136 330
136 346
136 123
136 465
136 464
136 141
136 255
136 371
136 228
136 316
136 391
136 229
136 445
136 58
136 357
136 280
136 232
136 71
136 347
136 389
136 435
136 235
136 14
136 66
136 53
136 50
136 384
136 117
136 398
136 327
136 462
136 330
136 246
136 380
136 470
136 305
136 435
136 409
136 474
136 274
136 357
136 410
136 346
136 468
136 256
136 417
136 149
136 30
136 227
136 309
136 351
136 273
136 370
136 351
136 308
136 354
136 91
136 141
136 100
136 234
136 203
136 415
136 262
136 470
136 442
136 182
136 410
136 132
136 409
136 206
136 349
136 375
136 229
136 4
136 279
136 360
136 271
136 14
136 46
136 63
136 96
136 113
136 419
136 213
136 22
136 195
136 78
136 395
136 47
136 145
136 468
136 85
136 46
136 331
136 350
136 350
136 311
136 343
136 180
136 381
136 124
136 386
136 460
136 193
136 153
136 201
136 290
136 313
136 429
136 262
136 91
136 59
136 280
136 246
136 207
136 347
136 241
136 131
136 304
136 299
136 310
136 2
136 436
136 473
136 393
136 217
136 118
136 282
136 400
136 323
136 124
136 330
136 86
136 120
136 103
136 264
136 451
136 145
136 76
136 144
136 297
136 252
136 156
136 81
136 139
136 126
136 476
136 90
136 195
136 81
136 13
136 440
136 32
136 22
136 17
136 415
136 363
136 119
136 290
136 231
136 29
136 123
136 31
136 38
136 117
136 426
136 20
136 32
136 87
136 47
136 396
136 26
136 478
136 27
136 189
136 93
136 277
136 344
136 84
136 233
136 123
136 324
136 399
136 271
136 363
136 348
136 46
136 268
136 385
136 156
136 187
136 153
136 287
136 317
136 344
136 107
136 436
136 362
136 383
136 476
136 66
136 329
136 283
136 25
136 406
136 250
136 315
136 142
136 309
136 458
136 457
136 308
136 158
136 426
136 79
136 456
136 433
136 425
136 319
136 400
136 215
136 297
136 297
136 240
136 308
136 476
136 409
136 33
136 462
136 13
136 123
136 310
136 416
136 80
136 184
136 183
136 458
136 61
136 388
136 205
136 24
136 322
136 151
136 387
136 77
136 470
136 260
136 307
136 277
136 452
136 282
136 34
136 127
136 448
136 424
136 291
136 236
136 132
136 428
136 287
136 200
136 360
136 330
136 225
136 42
136 338
136 399
136 420
136 280
136 310
136 213
136 418
136 264
136 30
136 453
136 290
136 149
136 305
136 2
136 337
136 149
136 118
136 393
136 343
136 350
136 451
136 321
136 38
136 209
136 291
136 220
136 217
136 233
136 370
136 138
136 54
136 211
136 137
136 445
136 330
136 204
136 231
136 115
136 94
136 6
136 41
136 173
136 333
136 292
136 341
136 259
136 118
136 315
136 346
136 18
136 73
136 465
136 113
136 292
136 307
136 95
136 355
136 248
136 288
136 73
136 409
136 388
136 51
136 246
136 399
136 472
136 208
136 452
136 73
136 37
136 53
136 402
136 405
136 68
136 120
136 171
136 426
136 19
136 389
136 138
136 237
136 216
136 191
136 148
136 431
136 273
136 17
136 149
136 147
136 110
136 363
136 459
136 222
136 407
136 76
136 412
136 51
136 182
136 251
136 51
136 115
136 183
136 426
136 26
136 163
136 473
136 95
136 123
136 47
136 343
136 90
136 168
136 280
136 52
136 444
136 363
136 222
136 156
136 449
136 98
136 355
136 238
136 85
136 301
136 57
136 68
136 89
136 103
136 226
136 123
136 208
136 340
136 4
136 201
136 436
136 130
136 289
136 82
136 256
136 245
136 41
136 10
136 266
136 432
136 308
136 158
136 20
136 146
136 312
136 42
136 305
136 202
136 448
136 261
136 317
136 36
136 10
136 341
136 268
136 62
136 225
136 57
136 369
136 358
136 59
136 72
136 312
136 321
136 118
136 471
136 447
136 56
136 448
136 313
136 463
136 162
136 254
136 221
136 193
136 39
136 189
136 124
136 168
136 112
136 310
136 438
136 134
136 202
136 343
136 110
136 221
136 305
136 308
136 469
136 432
136 389
136 58
136 336
136 251
136 198
136 285
136 203
136 242
136 422
136 91
136 207
136 209
136 424
136 425
136 229
136 389
136 416
136 279
136 241
136 461
136 359
136 402
136 345
136 152
136 122
136 313
136 139
136 52
136 383
136 34
136 138
136 156
136 423
136 327
136 334
136 228
136 344
136 228
136 462
136 189
136 302
136 11
136 270
136 235
136 371
136 427
136 82
136 467
136 448
136 190
136 364
136 336
136 144
136 410
136 473
136 465
136 157
136 67
136 258
136 216
136 344
136 249
136 297
136 5
136 314
136 150
136 255
136 156
136 214
136 242
136 402
136 97
136 80
136 464
136 190
136 116
136 206
136 61
136 130
136 70
136 16
136 461
136 103
136 175
136 344
136 391
136 169
136 256
136 31
136 51
136 26
136 330
136 388
136 10
136 330
136 424
136 95
136 291
136 381
136 212
136 106
136 19
136 301
136 218
136 247
136 186
136 250
136 283
136 148
136 467
136 272
136 433
136 472
136 313
136 271
136 32
136 397
136 110
136 223
136 403
136 178
136 474
136 88
136 173
136 296
136 188
136 73
136 395
136 406
136 323
136 208
136 425
136 57
136 236
136 365
136 313
136 264
136 456
136 429
136 23
136 232
136 215
136 418
136 195
136 147
136 438
136 168
136 217
136 262
136 286
136 358
136 208
136 141
136 153
136 151
136 189
136 435
136 324
136 463
136 203
136 333
136 259
136 398
136 411
136 393
136 210
136 342
136 420
136 116
136 41
136 218
136 261
136 421
136 159
136 360
136 324
136 134
136 475
136 212
136 438
136 251
136 312
136 186
136 254
136 376
136 437
136 307
136 370
136 327
136 470
136 313
136 7
136 110
136 1
136 34
136 465
136 239
136 368
136 148
136 358
136 148
136 293
136 318
136 48
136 355
136 93
136 388
136 151
136 106
136 73
136 117
136 337
136 438
136 153
136 205
136 231
136 3
136 356
136 145
136 21
136 359
136 251
136 479
136 145
136 95
136 295
136 41
136 389
136 312
136 82
136 425
136 199
136 196
136 46
136 59
136 98
136 299
136 57
136 287
136 129
136 24
136 276
136 128
136 220
136 110
136 449
136 115
136 283
136 352
136 23
136 359
136 48
136 121
136 74
136 286
136 163
136 360
136 418
136 62
136 200
136 414
136 384
136 59
136 129
136 25
136 472
136 194
136 191
136 246
136 341
136 132
136 10
136 186
136 462
136 64
136 262
136 298
136 111
136 5
136 217
136 475
136 426
136 396
136 225
136 401
136 87
136 408
136 411
136 346
136 272
136 261
136 290
136 316
136 277
136 79
136 50
136 95
136 31
136 145
136 281
136 272
136 460
136 116
136 75
136 452
136 71
136 355
136 356
136 152
136 84
136 133
136 19
136 137
136 411
136 442
136 446
136 157
136 186
136 85
136 127
136 444
136 304
136 306
136 427
136 8
136 431
136 42
136 474
136 315
136 219
136 453
136 371
136 87
136 16
136 52
136 361
136 65
136 18
136 340
136 146
136 107
136 148
136 130
136 144
136 155
136 70
136 147
136 343
136 434
136 236
136 409
136 72
136 62
136 181
136 183
136 441
136 18
136 147
136 439
136 308
136 356
136 282
136 249
136 173
136 40
136 36
136 46
136 249
136 255
136 252
136 168
136 208
136 434
136 128
136 478
136 176
136 416
136 255
136 61
136 7
136 227
136 204
136 193
136 429
136 352
136 330
136 348
136 231
136 316
136 293
136 140
136 423
136 146
136 59
136 148
136 279
136 233
136 349
136 375
136 143
136 360
136 436
136 323
136 95
136 280
136 25
136 125
136 234
136 367
136 411
136 301
136 139
136 351
136 70
136 31
136 100
136 65
136 242
136 296
136 77
136 377
136 53
136 445
136 321
136 116
136 9
136 92
136 202
136 286
136 412
136 79
136 465
136 160
136 59
136 222
136 88
136 70
136 52
136 80
136 254
136 146
136 416
136 370
136 72
136 315
136 403
136 201
136 20
136 67
136 286
136 399
136 354
136 24
136 202
136 49
136 247
136 327
136 120
136 4
136 468
136 108
136 284
136 43
136 359
136 110
136 354
136 293
136 313
136 201
136 163
136 66
136 181
136 40
136 246
136 123
136 178
136 89
136 260
136 226
136 298
136 214
136 333
136 33
136 461
136 379
136 358
136 110
136 239
136 121
136 443
136 206
136 93
136 91
136 420
136 394
136 126
136 158
136 29
136 478
136 400
136 203
136 4
136 178
136 21
136 114
136 135
136 126
136 85
136 321
136 229
136 6
136 474
136 179
136 262
136 290
136 366
136 368
136 401
136 453
136 314
136 101
136 34
136 337
136 278
136 312
136 300
136 19
136 205
136 215
136 248
136 78
136 339
136 90
136 360
136 223
136 275
136 323
136 67
136 84
136 375
136 88
136 380
136 454
136 296
136 227
136 335
136 178
136 472
136 325
136 385
136 157
136 154
136 448
136 48
136 366
136 117
136 214
136 275
136 149
136 262
136 474
136 120
136 29
136 415
136 40
136 425
136 117
136 442
136 55
136 302
136 194
136 155
136 4
136 416
136 125
136 445
136 331
136 206
136 304
136 14
136 75
136 321
136 132
136 178
136 24
136 350
136 465
136 382
136 420
136 153
136 341
136 167
136 214
136 81
136 228
136 455
136 437
136 427
136 51
136 304
136 83
136 263
136 378
136 113
136 67
136 47
136 255
136 77
136 210
136 429
136 324
136 459
136 411
136 88
136 149
136 353
136 156
136 39
136 43
136 151
136 146
136 120
136 79
136 465
136 438
136 57
136 260
136 22
136 409
136 96
136 84
136 148
136 335
136 88
136 320
136 151
136 218
136 65
136 103
136 117
136 17
136 363
136 276
136 29
136 178
136 365
136 117
136 183
136 351
136 312
136 340
136 433
136 28
136 337
136 410
136 400
136 276
136 365
136 333
136 94
136 367
136 116
136 93
136 114
136 28
136 446
136 154
136 236
136 416
136 122
136 41
136 160
136 61
136 475
136 255
136 312
136 11
136 100
136 263
136 463
136 129
136 466
136 239
136 88
136 415
136 151
136 251
136 83
136 25
136 344
136 133
136 282
136 163
136 156
136 15
136 167
136 182
136 100
136 383
136 290
136 380
136 207
136 114
136 459
136 435
136 191
136 180
136 97
136 199
136 383
136 199
136 334
136 67
136 399
136 395
136 94
136 257
136 460
136 127
136 189
136 437
136 348
136 376
136 363
136 426
136 31
136 248
136 40
136 117
136 333
136 33
136 82
136 475
136 427
136 305
136 287
136 158
136 278
136 60
136 464
136 314
136 138
136 377
136 37
136 277
136 344
136 96
136 437
136 299
136 63
136 237
136 368
136 99
136 405
136 373
136 406
136 316
136 321
136 34
136 309
136 172
136 429
136 400
136 250
136 183
136 349
136 179
136 141
136 344
136 73
136 154
136 423
136 100
136 241
136 347
136 408
136 29
136 269
136 270
136 363
136 90
136 440
136 241
136 42
136 230
136 408
136 161
136 249
136 239
136 333
136 53
136 109
136 248
136 214
136 155
136 347
136 146
136 393
136 224
136 65
136 402
136 43
136 305
136 202
136 27
136 252
136 258
136 170
136 375
136 130
136 123
136 168
136 198
136 476
136 201
136 364
136 301
136 47
136 89
136 269
136 413
136 383
136 381
136 169
136 363
136 132
136 369
136 9
136 139
136 201
136 318
136 289
136 316
136 463
136 72
136 4
136 350
136 265
136 185
136 32
136 50
136 209
136 316
136 87
136 206
136 326
136 217
136 121
136 385
136 54
136 159
136 358
136 401
136 85
136 392
136 217
136 241
136 290
136 334
136 91
136 4
136 38
136 329
136 219
136 424
136 98
136 167
136 319
136 69
136 133
136 297
136 17
136 264
136 222
136 285
136 357
136 308
136 76
136 74
136 332
136 70
136 353
136 125
136 451
136 329
136 35
136 154
136 185
136 334
136 293
136 286
136 336
136 258
136 189
136 430
136 114
136 71
136 0
136 303
136 21
136 144
136 186
136 114
136 452
136 274
136 320
136 354
136 301
136 188
136 182
136 258
136 19
136 144
136 226
136 89
136 460
136 388
136 469
136 449
136 334
136 336
136 274
136 15
136 19
136 395
136 57
136 336
136 325
136 210
136 199
136 4
136 148
136 172
136 231
136 195
136 306
136 354
136 388
136 94
136 186
136 471
136 233
136 158
136 300
136 295
136 142
136 320
136 178
136 320
136 111
136 104
136 356
136 43
136 99
136 399
136 108
136 94
136 262
136 461
136 251
136 91
136 84
136 408
136 55
136 342
136 231
136 21
136 162
136 164
136 343
136 376
136 335
136 279
136 109
136 335
136 468
136 251
136 245
136 73
136 378
136 404
136 119
136 211
136 163
136 272
136 143
136 268
136 398
136 48
136 109
136 293
136 359
136 72
136 269
136 218
136 181
136 375
136 106
136 21
136 51
136 279
136 328
136 227
136 154
136 160
136 42
136 231
136 470
136 277
136 117
136 153
136 89
136 462
136 418
136 239
136 451
136 10
136 275
136 340
136 273
136 352
136 312
136 269
136 408
136 412
136 143
136 402
136 207
136 444
136 101
136 281
136 320
136 118
136 148
136 359
136 63
136 431
136 255
136 42
136 373
136 126
136 237
136 434
136 385
136 30
136 383
136 78
136 446
136 46
136 347
136 5
136 183
136 275
136 321
136 87
136 318
136 467
136 236
136 406
136 308
136 91
136 89
136 80
136 312
136 380
136 84
136 143
136 198
136 318
136 163
136 104
136 267
136 233
136 32
136 84
136 97
136 173
136 296
136 322
136 240
136 24
136 208
136 241
136 78
136 285
136 26
136 108
136 231
136 100
136 132
136 390
136 434
136 64
136 311
136 410
136 82
136 117
136 97
136 179
136 6
136 220
136 415
136 287
136 7
136 124
136 452
136 409
136 221
136 77
136 368
136 50
136 419
136 73
136 196
136 14
136 473
136 297
136 23
136 192
136 78
136 73
136 271
136 47
136 27
136 286
136 440
136 373
136 364
136 309
136 73
136 396
136 316
136 268
136 263
136 192
136 51
136 164
136 148
136 56
136 7
136 366
136 343
136 108
136 159
136 378
136 348
136 449
136 201
136 475
136 178
136 220
136 255
136 346
136 359
136 265
136 37
136 37
136 153
136 246
136 151
136 348
136 428
136 385
136 172
136 247
136 323
136 19
136 387
136 119
136 131
136 223
136 243
136 64
136 231
136 209
136 32
136 4
136 393
136 318
136 7
136 84
136 156
136 460
136 306
136 38
136 206
136 20
136 469
136 301
136 433
136 319
136 434
136 158
136 302
136 351
136 295
136 372
136 127
136 165
136 383
136 332
136 275
136 96
136 112
136 133
136 210
136 379
136 62
136 440
136 336
136 156
136 363
136 403
136 294
136 302
136 311
136 470
136 53
136 203
136 62
136 188
136 454
136 332
136 246
136 196
136 107
136 33
136 121
136 320
136 304
136 55
136 283
136 255
136 257
136 433
136 256
136 361
136 417
136 323
136 195
136 373
136 206
136 160
136 464
136 393
136 52
136 391
136 455
136 355
136 168
136 18
136 81
136 473
136 42
136 95
136 477
136 396
136 11
136 50
136 220
136 3
136 181
136 358
136 415
136 193
136 114
136 376
136 66
136 201
136 318
136 413
136 396
136 244
136 98
136 39
136 173
136 189
136 338
136 356
136 439
136 107
136 38
136 329
136 48
136 249
136 291
136 444
136 204
136 269
136 177
136 161
136 67
136 461
136 281
136 314
136 133
136 446
136 52
136 349
136 378
136 162
136 162
136 203
136 184
136 318
136 255
136 94
136 204
136 225
136 331
136 114
136 434
136 343
136 124
136 245
136 218
136 185
136 279
136 390
136 157
136 132
136 11
136 429
136 72
136 117
136 235
136 82
136 67
136 5
136 73
136 412
136 377
136 234
136 467
136 344
136 75
136 473
136 351
136 215
136 339
136 42
136 388
136 218
136 117
136 227
136 425
136 438
136 229
136 82
136 429
136 71
136 336
136 278
136 94
136 417
136 187
136 201
136 38
136 457
136 144
136 398
136 346
136 61
136 26
136 404
136 129
136 443
136 325
136 153
136 1
136 176
136 80
136 359
136 255
136 270
136 84
136 386
136 57
136 387
136 346
136 190
136 303
136 371
136 290
136 16
136 200
136 181
136 124
136 237
136 116
136 361
136 347
136 254
136 355
136 13
136 220
136 26
136 361
136 327
136 56
136 103
136 81
136 286
136 114
136 35
136 341
136 342
136 372
136 96
136 405
136 62
136 56
136 329
136 286
136 133
136 98
136 89
136 14
136 68
136 16
136 422
136 299
136 263
136 20
136 428
136 247
136 107
136 366
136 385
136 216
136 329
136 185
136 139
136 469
136 91
136 96
136 205
136 472
136 106
136 422
136 66
136 426
136 274
136 217
136 401
136 223
136 248
136 479
136 178
136 116
136 432
136 405
136 353
136 324
136 266
136 101
136 372
136 168
136 360
136 153
136 367
136 437
136 269
136 289
136 184
136 414
136 200
136 96
136 40
136 72
136 447
136 146
136 159
136 455
136 282
136 276
136 250
136 17
136 178
136 468
136 408
136 444
136 331
136 71
136 102
136 368
136 271
136 387
136 432
136 426
136 391
136 233
136 160
136 272
136 302
136 49
136 398
136 126
136 230
136 22
136 152
136 264
136 284
136 141
136 3
136 103
136 123
136 213
136 73
136 110
136 293
136 461
136 227
136 112
136 200
136 479
136 112
136 105
136 259
136 180
136 75
136 14
136 470
136 296
136 243
136 392
136 379
136 128
136 460
136 58
136 73
136 125
136 282
136 32
136 207
136 240
136 122
136 343
136 302
136 361
136 461
136 82
136 390
136 411
136 326
136 378
136 264
136 146
136 129
136 18
136 333
136 36
136 328
136 109
136 453
136 119
136 64
136 281
136 8
136 429
136 233
136 391
136 425
136 253
136 387
136 4
136 323
136 167
136 453
136 294
136 406
136 70
136 272
136 437
136 197
136 209
136 223
136 341
136 131
136 391
136 233
136 108
136 191
136 383
136 12
136 244
136 379
136 426
136 374
136 234
136 16
136 359
136 385
136 35
136 359
136 15
136 262
136 62
136 139
136 142
136 465
136 21
136 358
136 454
136 220
136 132
136 76
136 454
136 165
136 470
136 262
136 52
136 180
136 191
136 471
136 159
136 411
136 383
136 53
136 439
136 236
136 228
136 238
136 382
136 293
136 179
136 132
136 422
136 257
136 186
136 18
136 270
136 427
136 451
136 348
136 395
136 66
136 94
136 64
136 341
136 467
136 203
136 47
136 94
136 388
136 411
136 162
136 2
136 147
136 33
136 205
136 27
136 227
136 246
136 114
136 37
136 51
136 179
136 53
136 258
136 71
136 208
136 146
136 205
136 245
136 164
136 243
136 47
136 232
136 432
136 454
136 4
136 43
136 194
136 473
136 339
136 236
136 80
136 443
136 119
136 61
136 403
136 224
136 310
136 437
136 169
136 152
136 172
136 189
136 469
136 320
136 478
136 397
136 421
136 119
136 81
136 139
136 89
136 449
136 420
136 112
136 474
136 170
136 243
136 348
136 464
136 176
136 284
136 2
136 157
136 125
136 235
136 469
136 3
136 456
136 212
136 368
136 8
136 242
136 260
136 316
136 86
136 446
136 451
136 397
136 469
136 5
136 65
136 32
136 364
136 336
136 373
136 377
136 229
136 47
136 221
136 7
136 12
136 397
136 415
136 36
136 279
136 314
136 79
136 214
136 443
136 193
136 198
136 394
136 17
136 128
136 389
136 49
136 276
136 94
136 6
136 86
136 444
136 81
136 423
136 151
136 299
136 183
136 316
136 475
136 92
136 430
136 430
136 313
136 330
136 430
136 202
136 126
136 112
136 24
136 251
136 243
136 346
136 202
136 381
136 55
136 193
136 397
136 360
136 151
136 315
136 44
136 55
136 333
136 6
136 320
136 5
136 399
136 221
136 113
136 321
136 423
136 212
136 437
136 193
136 175
136 413
136 127
136 423
136 464
136 172
136 417
136 260
136 19
136 430
136 381
136 56
136 224
136 143
136 174
136 83
136 34
136 317
136 125
136 402
136 206
136 398
136 447
136 309
136 267
136 370
136 404
136 137
136 65
136 276
136 340
136 229
136 289
136 185
136 393
136 159
136 451
136 99
136 106
136 402
136 185
136 99
136 209
136 440
136 284
136 252
136 170
136 236
136 458
136 36
136 350
136 279
136 56
136 453
136 452
136 312
136 61
136 454
136 36
136 55
136 222
136 29
136 387
136 277
136 99
136 226
136 53
136 172
136 313
136 447
136 353
136 242
136 79
136 346
136 223
136 325
136 146
136 123
136 18
136 36
136 218
136 325
136 424
136 253
136 68
136 443
136 267
136 140
136 257
136 159
136 454
136 257
136 114
136 269
136 302
136 217
136 458
136 315
136 52
136 49
136 246
136 99
136 93
136 186
136 163
136 7
136 117
136 453
136 128
136 350
136 19
136 393
136 390
136 112
136 99
136 391
136 30
136 90
136 63
136 340
136 319
136 390
136 458
136 401
136 358
136 468
136 356
136 326
136 221
136 117
136 295
136 225
136 343
136 332
136 86
136 345
136 257
136 242
136 5
136 201
136 25
136 280
136 382
136 117
136 162
136 437
136 245
136 149
136 108
136 90
136 466
136 441
136 350
136 385
136 55
136 391
136 15
136 154
136 328
136 320
136 383
136 198
136 281
136 467
136 209
136 130
136 61
136 355
136 360
136 463
136 311
136 416
136 21
136 237
136 149
136 156
136 461
136 332
136 360
136 160
136 302
136 471
136 416
136 262
136 207
136 56
136 288
136 117
136 171
136 215
136 242
136 44
136 256
136 71
136 167
136 326
136 78
136 34
136 170
136 227
136 384
136 467
136 326
136 305
136 87
136 225
136 83
136 177
136 25
136 197
136 347
136 442
136 358
136 161
136 350
136 0
136 171
136 234
136 387
136 303
136 466
136 165
136 289
136 433
136 399
136 67
136 452
136 229
136 272
136 458
136 416
136 45
136 227
136 467
136 274
136 342
136 207
136 90
136 95
136 465
136 263
136 428
136 83
136 415
136 391
136 389
136 411
136 374
136 311
136 380
136 393
136 311
136 391
136 284
136 398
136 450
136 424
136 156
136 4
136 166
136 203
136 48
136 120
136 158
136 356
136 307
136 172
136 475
136 100
136 121
136 34
136 458
136 1
136 457
136 24
136 352
136 262
136 259
136 185
136 2
136 390
136 393
136 384
136 286
136 371
136 283
136 43
136 327
136 458
136 438
136 114
136 171
136 444
136 239
136 32
136 229
136 307
136 279
136 235
136 435
136 332
136 100
136 106
136 11
136 188
136 177
136 172
136 69
136 402
136 225
136 73
136 74
136 100
136 419
136 56
136 197
136 109
136 379
136 296
136 458
136 471
136 62
136 103
136 306
136 285
136 83
136 27
136 445
136 8
136 86
136 218
136 165
136 315
136 229
136 210
136 336
136 314
136 95
136 402
136 287
136 126
136 70
136 269
136 349
136 355
136 295
136 311
136 329
136 426
136 131
136 475
136 133
136 299
136 466
136 167
136 458
136 71
136 18
136 150
136 235
136 52
136 301
136 321
136 135
136 95
136 25
136 194
136 377
136 33
136 460
136 25
136 263
136 154
136 413
136 112
136 447
136 335
136 281
136 381
136 405
136 207
136 418
136 194
136 271
136 46
136 75
136 245
136 438
136 161
136 196
136 278
136 206
136 445
136 140
136 454
136 114
136 288
136 47
136 290
136 297
136 26
136 322
136 121
136 429
136 300
136 214
136 214
136 12
136 263
136 417
136 373
136 15
136 416
136 473
136 390
