491 1286 2879
28 421 589
6 366 494
243 312 611
163 378 404
54 420 624
324 450 499
346 90 887
42 294 666
413 330 314
213 72 318
415 94 250
193 73 457
214 72 114
282 360 719
87 360 257
0 20 117
50 88 482
273 320 150
128 129 258
462 312 387
262 187 251
95 130 980
225 125 201
33 44 400
104 5 98
278 238 871
307 402 240
288 422 438
410 351 402
304 248 984
269 294 827
327 333 492
37 123 402
281 440 838
324 484 36
349 9 470
248 40 432
373 328 543
434 96 425
405 330 673
431 2 925
17 490 653
103 201 244
133 436 19
356 271 200
325 300 288
357 181 540
4 63 572
393 176 55
71 294 98
449 197 266
336 280 393
158 12 688
155 369 509
399 269 17
445 263 659
345 196 308
141 153 185
444 451 520
214 198 312
247 134 361
212 13 466
171 204 48
297 81 612
289 329 849
247 30 380
414 284 305
312 375 608
141 136 132
350 46 498
188 422 343
344 485 500
418 453 398
343 248 576
397 220 86
423 33 145
135 439 4
311 183 377
387 246 562
422 411 499
223 302 800
148 426 370
108 141 282
65 63 798
237 343 255
244 62 98
429 287 500
65 413 494
478 444 458
310 165 289
0 114 816
269 93 85
399 19 30
350 35 568
310 309 614
377 387 488
116 1 942
384 367 312
401 479 693
13 473 406
155 116 625
300 175 955
237 299 979
27 211 144
204 195 888
71 75 688
259 115 784
213 225 475
343 95 125
53 208 57
460 206 685
109 106 584
415 159 190
24 83 262
411 393 375
255 41 74
41 314 221
200 24 13
228 199 733
453 0 420
9 107 912
376 29 180
191 148 544
363 353 681
155 270 159
26 397 654
316 252 916
425 421 66
439 75 28
30 189 945
6 261 865
270 34 229
352 77 862
457 429 323
143 458 631
405 464 961
43 199 135
26 409 353
488 416 751
212 480 817
211 167 417
409 193 669
328 191 4
29 210 728
262 409 84
383 490 189
265 16 330
143 81 3
287 371 906
196 414 68
351 41 820
5 282 166
244 218 563
336 41 675
326 150 253
384 272 975
284 489 600
154 270 569
299 390 273
167 432 756
415 124 500
282 359 845
482 132 317
230 429 952
282 269 49
484 261 174
342 45 186
445 50 683
487 484 819
226 1 237
264 291 108
368 177 169
442 490 561
212 228 788
484 248 97
461 144 62
345 479 340
162 247 808
465 107 381
301 256 891
46 367 297
219 402 31
10 18 852
388 390 828
113 344 901
471 228 676
296 138 69
172 106 691
195 187 781
345 186 286
45 450 470
323 448 310
46 15 44
454 299 734
177 55 762
161 95 307
443 331 964
147 359 396
259 24 564
488 177 116
39 236 356
279 306 198
347 71 445
249 153 41
213 193 273
421 200 261
2 433 129
327 340 393
158 197 750
25 45 504
102 240 972
260 274 187
124 328 510
153 476 624
67 232 444
211 324 72
198 340 833
316 462 261
225 21 187
349 402 665
280 489 291
195 340 253
131 408 929
429 130 658
116 183 732
282 58 638
174 205 502
251 278 782
96 5 454
402 483 468
399 295 824
467 97 877
273 390 69
124 223 21
119 358 197
218 487 653
72 30 141
466 391 890
110 132 607
98 51 687
395 25 152
437 257 73
485 168 86
37 434 226
330 286 965
313 24 867
166 385 760
344 318 144
404 422 418
224 106 130
118 403 652
130 356 382
399 447 58
410 109 354
260 13 879
261 56 252
240 155 971
255 246 429
85 202 799
284 423 434
417 481 211
241 125 608
387 446 139
228 108 132
224 148 945
28 367 881
97 37 445
356 190 559
362 486 810
18 39 532
125 356 69
354 408 92
482 60 208
196 258 164
430 186 274
3 37 673
74 258 297
200 424 961
340 478 984
251 253 166
363 443 439
370 11 875
189 89 899
133 300 653
217 315 832
336 227 76
215 247 602
383 420 450
228 224 70
64 341 33
220 183 179
450 285 886
427 374 432
321 82 725
437 161 669
167 408 924
37 202 971
208 408 193
311 186 666
427 232 555
115 307 848
298 246 860
226 351 920
282 403 67
485 125 8
425 260 376
50 399 997
375 431 410
130 326 707
332 151 765
163 278 412
178 423 107
370 60 501
460 180 946
466 328 690
214 295 323
417 230 52
48 407 236
234 104 845
163 189 232
305 174 71
328 283 873
97 104 447
440 273 500
445 85 748
371 297 425
54 258 800
307 405 784
115 12 760
360 438 686
123 434 489
454 460 396
191 206 339
79 408 857
341 97 802
41 76 785
145 114 629
63 399 630
369 336 197
369 27 212
14 379 241
318 124 335
427 69 961
293 418 821
237 333 104
471 7 164
485 191 130
371 197 661
142 127 946
239 47 630
475 110 585
202 73 192
96 239 505
424 392 7
201 146 17
222 270 84
273 484 226
88 78 423
373 490 873
445 429 245
85 206 69
21 390 884
394 277 203
354 93 797
366 88 402
488 206 335
396 252 447
388 74 396
145 128 571
385 203 92
166 348 269
291 336 12
287 397 572
223 39 347
368 43 104
175 240 927
477 196 70
454 329 201
152 331 306
268 386 985
173 10 280
62 375 616
165 453 392
232 467 662
183 19 664
306 420 47
350 301 861
486 445 31
85 375 613
221 142 241
8 369 408
381 100 287
206 339 889
375 186 533
433 322 676
235 30 107
202 65 281
266 39 432
190 393 995
169 214 758
429 115 846
293 480 696
208 5 666
49 239 840
196 171 699
294 182 89
67 274 700
436 270 132
226 304 317
194 231 682
68 111 792
229 1 990
340 241 698
299 135 433
67 468 230
429 151 76
252 215 930
381 425 55
33 473 262
220 18 665
149 314 869
397 468 960
450 394 863
375 325 51
204 448 651
233 119 459
355 156 960
209 239 443
382 407 559
436 83 766
456 437 657
440 352 951
42 421 75
470 12 951
323 443 382
253 250 13
23 383 145
278 468 366
337 334 838
103 9 773
197 267 380
224 489 495
214 229 720
133 106 73
478 467 463
452 323 231
64 397 336
466 490 66
347 463 857
327 382 686
267 184 245
136 213 605
383 126 958
213 441 254
451 461 370
190 143 587
314 341 233
384 131 442
34 270 35
387 154 661
123 193 982
205 347 275
469 459 646
355 444 279
176 408 563
322 149 381
45 283 444
400 211 979
440 47 734
350 67 890
464 183 423
21 99 848
130 423 376
135 17 318
49 360 657
1 401 351
192 283 965
443 326 591
152 22 845
300 351 441
58 481 257
253 421 143
74 446 75
400 487 108
476 43 666
265 155 113
406 448 718
182 208 42
277 153 97
148 360 529
56 288 512
42 195 675
316 325 294
140 141 240
200 234 202
117 173 897
483 76 734
179 363 141
1 447 611
447 428 843
486 191 505
63 128 941
47 194 341
225 67 152
15 63 766
316 487 649
390 46 598
350 272 206
217 128 503
440 392 334
188 120 516
156 419 641
28 296 690
301 124 424
3 482 627
256 28 30
209 326 988
404 373 996
214 426 643
216 370 757
192 191 928
415 128 22
435 414 212
164 90 325
360 395 595
415 88 974
269 215 707
67 89 174
124 146 248
290 246 543
96 260 517
428 76 735
314 397 835
317 41 406
11 152 613
424 428 754
442 92 869
420 223 570
490 246 176
104 69 938
292 274 231
385 253 83
416 99 124
190 73 162
398 339 229
398 197 51
420 424 745
384 16 320
463 292 799
38 453 859
37 155 443
206 296 279
81 257 277
107 97 323
244 300 709
479 93 310
484 28 166
447 322 422
206 88 893
29 180 416
259 398 43
109 489 838
186 150 133
347 445 246
249 358 903
476 428 49
441 230 276
278 376 15
49 391 273
120 150 556
374 390 451
443 104 671
228 454 709
236 33 985
314 39 450
209 81 408
181 137 203
159 7 139
140 75 321
184 323 372
306 486 982
50 462 637
142 235 39
429 92 481
80 209 917
44 325 15
260 460 573
399 126 321
123 483 460
229 211 701
71 315 544
327 416 535
199 103 975
258 490 207
20 266 948
456 212 173
114 97 674
490 159 475
24 467 21
95 264 520
187 443 790
449 20 800
47 207 831
25 373 728
116 249 391
342 454 504
309 423 791
49 173 335
104 238 458
32 100 680
98 141 493
167 317 616
232 162 567
299 239 285
320 438 139
10 9 532
293 454 845
419 307 53
71 148 845
242 68 629
49 219 226
30 199 614
155 73 954
36 127 844
191 43 865
185 182 721
144 479 154
293 32 321
99 215 697
78 268 78
405 250 861
473 21 589
212 357 912
259 211 577
134 218 122
169 468 934
430 440 586
331 242 442
229 141 87
424 384 568
380 87 718
237 166 369
150 340 957
293 209 855
425 208 971
41 127 971
38 419 56
213 445 86
241 434 492
473 433 308
57 309 389
41 460 912
417 292 181
181 423 669
472 35 484
203 54 672
435 341 517
423 408 565
57 340 887
225 234 172
399 212 486
69 122 372
60 488 681
217 0 922
384 20 954
150 14 199
161 442 527
348 367 481
227 36 960
256 289 464
285 221 729
414 161 477
44 34 199
312 92 107
285 358 116
101 457 551
240 341 685
173 125 52
172 41 882
452 340 916
149 288 212
368 22 711
446 212 676
483 48 546
47 148 322
378 198 783
319 336 431
21 480 939
82 57 924
80 330 758
223 368 634
427 132 141
156 303 782
384 308 980
45 218 993
324 341 831
179 22 615
212 51 665
21 336 621
428 20 209
416 159 41
184 272 979
135 129 72
293 22 491
361 220 424
95 352 117
147 345 107
407 239 208
310 312 987
423 417 681
464 228 399
393 323 83
433 30 105
17 103 525
97 129 468
385 399 64
232 457 721
460 486 577
87 23 54
208 269 335
465 131 888
46 133 407
388 6 143
38 46 154
48 423 853
481 246 268
142 85 275
420 422 746
231 193 603
379 262 346
143 202 337
281 272 858
448 147 959
311 384 444
289 250 110
165 261 361
273 142 994
32 134 630
391 142 805
419 246 147
348 282 416
357 39 366
423 219 406
87 144 450
289 311 530
447 164 641
394 392 957
453 6 85
80 33 12
276 454 656
10 114 669
374 294 409
182 194 857
76 210 67
328 315 373
482 294 743
385 389 501
376 361 397
359 8 727
71 337 730
250 423 25
257 100 941
160 442 121
33 440 548
456 366 415
366 137 14
167 214 901
23 301 96
245 146 214
436 203 940
7 390 637
14 168 970
437 377 186
405 283 708
343 368 188
406 276 110
264 111 951
32 200 935
219 15 571
390 125 226
89 456 58
179 218 605
476 194 179
65 90 12
126 378 10
404 179 773
124 70 915
94 290 643
253 168 242
60 135 118
295 60 507
441 378 474
164 450 659
345 213 167
371 477 644
289 210 623
263 468 718
395 400 215
333 484 197
257 68 595
101 319 34
395 417 32
467 382 216
384 305 69
273 275 526
36 376 31
266 272 788
279 181 447
472 285 237
325 376 744
200 422 758
7 413 643
207 188 401
87 240 679
259 260 593
195 45 315
249 178 903
135 59 50
192 488 620
106 366 852
321 328 707
322 161 652
25 59 295
237 57 50
423 230 785
110 304 267
435 315 639
206 46 714
132 458 915
177 374 179
444 33 818
102 277 83
269 304 891
186 195 808
300 199 390
147 238 185
284 373 50
401 294 833
163 407 890
272 338 900
52 69 390
356 125 634
263 472 936
378 11 804
462 302 347
136 236 379
413 168 266
226 242 137
254 429 158
373 355 965
163 338 237
15 128 35
67 393 686
142 480 159
104 158 126
473 369 430
442 45 823
256 246 923
277 288 996
4 121 688
406 257 681
439 9 231
66 452 799
360 200 382
80 82 195
59 300 269
142 40 253
328 449 478
99 326 155
232 30 973
288 289 872
51 287 750
167 331 923
153 174 502
447 131 136
413 180 143
174 415 788
365 273 208
475 21 214
390 137 710
113 134 394
280 74 748
133 30 956
401 208 913
369 102 457
15 402 28
100 46 926
215 212 763
209 107 938
243 12 534
155 319 952
133 405 596
111 401 127
423 119 563
262 360 874
431 168 97
463 74 947
355 332 211
248 235 971
138 360 701
309 389 891
405 364 390
487 36 386
83 142 985
258 409 960
95 283 117
421 480 599
112 53 316
164 458 999
39 424 621
260 456 802
149 242 935
278 462 471
120 14 651
290 225 651
224 170 458
190 192 882
229 111 551
20 208 752
319 235 796
210 407 518
90 103 654
412 488 829
321 340 943
346 260 787
85 380 41
159 69 409
43 318 821
238 141 155
489 380 710
195 320 926
255 153 224
415 57 304
73 132 529
159 216 592
428 341 24
182 122 986
345 361 798
447 325 721
98 103 251
104 284 17
457 487 137
179 389 41
114 7 453
114 27 269
376 161 143
466 263 378
262 219 661
212 202 835
331 260 616
43 44 802
225 240 523
311 281 379
158 307 557
464 489 518
383 141 335
489 145 941
450 397 206
388 131 525
288 437 379
181 309 38
238 288 378
135 49 929
302 358 797
88 457 301
263 130 127
133 451 644
55 463 451
322 36 462
98 57 39
115 55 532
168 132 390
352 419 260
6 310 556
120 426 320
329 277 726
249 471 692
352 153 792
465 41 875
391 457 269
434 88 778
383 133 242
366 333 375
181 105 75
395 465 599
339 184 70
267 222 701
170 366 91
239 386 408
11 380 932
106 438 589
414 222 855
289 473 65
161 185 408
96 158 687
304 22 148
484 282 717
452 290 55
177 463 343
137 370 88
176 407 203
89 119 16
464 412 244
25 411 252
462 396 385
203 70 921
377 322 196
39 421 895
313 101 471
34 451 363
348 435 427
288 8 471
34 166 753
483 153 721
303 183 122
281 378 175
18 103 438
420 274 795
164 261 846
120 423 695
97 203 559
199 13 101
287 255 802
205 259 817
83 418 242
247 158 607
488 345 344
343 175 224
250 401 587
421 123 294
205 174 769
479 122 197
322 310 904
126 436 666
124 371 305
370 228 452
27 414 778
250 164 838
289 243 702
386 151 911
20 362 717
30 151 647
200 196 472
361 172 612
57 123 551
118 290 755
380 43 226
124 295 979
214 406 815
319 281 386
35 212 416
238 156 463
352 104 45
153 261 929
355 481 607
458 205 918
156 68 947
239 210 385
437 56 172
276 216 231
251 425 644
86 390 652
201 7 627
284 195 174
277 67 838
31 11 112
14 64 457
198 38 553
171 145 286
294 382 194
367 187 64
357 237 218
229 247 854
352 258 340
475 424 831
21 486 264
201 462 649
94 384 648
477 371 163
259 9 434
87 174 282
385 76 324
317 242 150
428 393 501
117 188 172
279 162 618
382 343 580
364 406 272
203 422 604
313 181 229
119 262 421
104 26 186
410 126 881
100 254 708
57 403 748
208 396 624
143 199 423
286 305 468
108 120 222
33 244 159
3 281 429
120 373 20
314 308 31
22 30 82
233 235 762
454 322 338
327 38 845
329 257 482
286 106 722
294 351 655
20 478 906
153 488 526
10 128 609
362 426 474
145 315 52
327 273 426
345 291 3
19 317 847
142 141 256
17 225 390
372 242 168
401 246 184
76 218 271
161 114 581
108 335 687
254 490 884
261 153 190
380 99 359
62 167 177
51 31 222
472 251 323
136 45 882
474 197 96
422 283 758
241 39 329
200 310 446
48 133 591
226 331 984
471 284 450
456 420 50
163 415 418
51 372 659
207 9 360
261 232 843
158 255 103
269 385 84
385 4 417
242 327 923
131 429 697
397 436 963
264 214 437
162 53 285
225 343 683
11 282 322
439 412 146
165 97 99
193 27 899
6 114 39
427 219 469
39 365 836
231 225 379
13 98 511
16 471 860
477 212 489
463 344 640
482 51 815
354 320 604
67 271 811
443 342 724
12 146 187
447 70 706
112 164 224
108 69 906
384 170 896
406 490 382
295 299 210
475 125 261
377 447 875
177 156 667
115 95 822
319 328 584
320 399 63
440 488 784
234 35 887
94 398 126
350 109 614
300 90 358
98 119 879
141 267 922
406 403 746
277 352 747
194 481 346
120 146 364
486 284 899
9 37 409
88 329 101
64 26 767
313 2 178
258 6 605
138 47 560
324 15 954
234 311 53
217 329 909
129 29 348
273 341 733
380 235 523
63 228 870
283 425 126
337 144 154
45 268 390
264 463 471
326 15 991
127 293 476
264 251 322
315 346 528
442 54 855
134 309 232
396 490 651
227 322 187
434 398 147
471 282 773
14 105 706
111 228 323
112 283 972
100 39 457
290 276 821
186 310 765
383 390 412
365 378 632
53 356 508
411 489 179
100 470 901
463 118 670
297 454 461
386 481 915
130 69 608
236 422 563
287 89 836
139 257 546
51 159 929
150 146 104
63 286 57
464 260 347
357 402 18
316 364 248
42 25 216
81 146 544
238 178 656
297 385 772
49 233 247
442 485 612
409 133 73
306 103 491
294 324 755
449 286 712
333 446 805
271 490 327
387 369 242
368 450 354
419 252 356
470 241 3
463 27 805
39 311 459
159 70 56
80 254 292
193 214 455
77 290 81
327 455 987
42 63 98
164 44 402
435 257 950
15 334 149
380 42 859
485 11 268
305 5 553
485 293 565
260 273 62
130 420 714
159 171 288
429 205 905
112 146 184
40 348 714
134 259 469
290 222 600
89 194 609
155 6 343
257 305
319 996
269 89
0 708
402 606
451 587
259 512
420 966
115 182
80 731
56 813
219 618
352 185
52 139
74 26
448 394
139 128
170 520
209 209
12 669
450 417
452 405
188 738
77 724
59 944
40 313
477 76
268 990
302 911
150 800
212 381
203 279
282 770
318 934
448 836
364 643
165 703
338 169
484 332
450 465
99 517
192 789
8 317
122 521
322 623
442 728
101 294
113 466
317 28
452 613
207 500
4 255
360 151
240 988
232 154
15 69
468 257
4 41
215 880
264 651
9 810
473 533
413 365
330 590
71 78
39 696
260 398
45 334
427 194
480 277
184 120
458 544
431 683
253 68
263 776
10 577
161 425
154 57
459 541
299 186
314 311
452 860
366 496
74 266
365 85
292 570
277 755
213 52
173 24
58 359
119 59
401 481
270 361
280 99
267 404
183 503
128 163
320 364
335 870
140 507
471 380
111 681
188 883
465 464
192 156
321 893
224 731
243 436
158 955
259 659
453 688
333 990
473 936
396 122
113 854
276 244
285 856
282 998
438 629
290 824
66 836
195 170
131 960
299 337
357 110
417 610
217 977
296 693
292 809
18 959
212 938
476 806
424 682
450 129
28 977
276 800
73 535
33 16
77 149
462 730
242 364
394 245
138 891
138 173
323 718
185 251
51 23
436 929
391 427
0 167
14 5
401 448
290 248
14 103
445 946
166 427
299 918
159 837
257 611
138 447
328 414
245 314
433 494
75 736
214 491
59 945
306 358
239 67
359 87
420 453
51 608
285 554
377 646
260 101
110 525
312 217
174 141
38 527
128 161
310 362
285 558
222 326
237 911
261 437
355 820
320 493
122 647
38 281
294 539
73 33
346 819
116 385
215 755
375 385
242 67
196 773
311 883
113 574
10 595
129 452
16 205
425 69
368 939
478 388
292 738
251 17
250 466
87 707
474 35
89 732
239 857
350 105
129 147
421 545
140 372
161 375
397 921
54 31
383 26
69 857
382 706
138 47
227 986
32 690
255 311
127 645
372 114
210 358
17 375
119 653
188 989
464 643
345 574
65 499
421 769
424 984
394 708
425 193
374 33
467 535
432 955
128 367
424 959
467 498
91 541
108 122
212 431
333 880
96 431
4 595
428 888
286 524
275 603
367 131
218 685
74 542
286 720
216 459
441 906
330 777
394 821
221 540
35 443
389 213
475 457
18 760
197 957
435 956
219 534
393 739
175 960
485 877
115 590
265 339
479 908
404 543
413 666
359 383
336 4
77 983
38 586
117 582
181 998
221 796
169 28
264 700
395 879
285 921
473 507
73 902
393 941
309 907
187 308
310 814
376 906
206 561
386 977
224 309
39 584
177 809
471 134
9 68
359 184
271 750
299 545
434 859
164 610
103 910
42 989
473 666
35 325
73 471
482 939
277 677
323 501
395 331
390 261
387 755
348 446
132 962
165 666
439 352
147 670
403 564
336 726
33 565
451 516
80 761
196 480
373 292
215 866
60 169
406 963
109 889
434 494
365 531
358 356
289 381
404 799
481 697
470 490
58 793
471 867
20 870
157 59
457 120
286 265
380 101
375 634
452 978
324 417
347 127
471 292
365 697
24 538
65 849
120 991
15 215
490 449
342 800
374 679
347 804
391 947
189 563
385 667
194 765
192 318
82 672
329 598
232 286
59 564
323 969
409 321
213 115
448 269
310 455
175 776
50 926
321 550
113 636
455 126
180 229
142 913
303 267
393 19
217 231
438 625
33 314
66 585
227 979
50 32
75 739
125 794
173 381
299 624
406 488
365 893
151 869
297 214
142 575
378 682
434 727
297 72
477 791
453 25
55 720
387 935
148 75
202 682
232 326
365 175
29 603
77 992
426 993
485 316
261 682
11 463
113 34
24 592
8 561
371 980
17 518
414 631
310 434
464 448
169 574
415 50
180 4
166 826
173 776
270 96
193 393
319 73
92 952
133 831
21 70
467 926
111 318
274 64
351 152
428 654
399 356
170 781
297 304
213 886
480 480
128 750
322 342
55 569
142 339
387 948
232 526
149 570
259 663
88 52
350 5
477 448
118 160
266 474
29 716
117 28
362 885
15 873
85 80
405 970
237 707
334 749
331 307
83 732
143 307
256 617
387 728
132 41
218 311
391 57
391 339
284 503
50 646
145 208
145 760
481 844
177 90
77 880
364 762
393 287
289 63
259 280
69 404
480 739
148 411
258 929
167 37
262 407
425 307
261 478
42 332
403 196
168 428
400 479
356 234
289 22
261 475
356 375
262 268
403 34
261 26
167 184
403 252
168 443
289 2
167 209
261 468
289 148
356 49
289 234
261 290
425 212
400 484
168 395
167 476
289 374
262 303
356 147
167 339
403 162
42 27
356 265
356 70
261 12
262 191
425 343
167 181
168 13
403 281
42 309
42 233
262 414
262 412
261 376
289 376
168 474
356 481
262 290
289 150
262 473
167 80
261 259
425 9
42 172
356 311
289 270
167 321
356 159
400 33
356 488
403 263
167 183
167 406
168 322
403 477
400 111
261 178
425 408
425 240
167 251
167 342
400 39
168 366
425 223
425 181
403 33
167 275
168 196
167 149
168 186
168 183
356 256
167 80
425 3
168 486
400 108
403 48
400 361
168 75
356 58
356 206
356 197
261 99
400 418
262 34
262 250
356 164
168 23
400 386
356 144
403 405
42 132
261 16
403 375
262 352
167 93
356 334
356 455
400 332
403 463
289 22
42 252
356 478
289 406
289 109
289 277
262 414
425 100
403 478
262 15
168 475
262 393
167 295
42 139
289 270
289 2
356 306
168 99
167 207
400 133
262 159
42 394
167 438
400 94
356 59
356 344
356 42
262 385
42 335
400 72
400 334
356 35
42 365
400 335
400 94
167 467
289 425
262 233
42 73
261 344
425 179
289 426
400 481
42 374
167 53
400 234
425 454
42 109
167 318
262 271
403 52
403 106
403 401
400 313
400 107
400 186
425 203
403 156
356 402
425 162
356 323
289 254
261 163
168 330
262 305
167 71
356 57
425 25
425 473
168 470
425 351
42 228
167 37
167 282
261 74
356 458
289 254
262 202
262 354
167 11
262 218
425 71
262 53
167 188
400 50
261 360
400 154
289 115
356 213
356 449
168 104
400 425
425 143
168 145
42 440
400 334
403 224
425 363
168 338
42 52
167 344
42 245
356 96
289 435
400 445
425 196
356 151
168 482
168 44
167 84
425 401
168 242
400 49
262 355
261 484
425 16
289 487
261 428
400 18
289 166
262 17
167 276
400 15
403 324
168 340
42 163
403 64
261 270
167 252
425 351
289 140
425 340
42 106
262 46
168 249
167 262
400 84
42 391
403 226
261 393
262 310
400 224
403 3
400 303
356 457
356 85
168 383
289 120
425 111
262 238
403 336
425 288
403 176
261 181
356 106
403 160
403 265
167 444
403 451
425 214
400 14
356 61
262 137
167 137
425 404
403 404
261 372
403 36
167 224
168 470
356 54
262 12
262 482
42 282
262 232
403 2
168 416
289 449
289 202
425 392
403 216
262 289
167 37
403 190
403 319
262 160
168 170
356 13
403 189
167 44
400 379
262 54
400 370
289 261
168 223
168 484
168 222
261 423
289 186
42 470
400 43
42 463
262 413
42 471
289 288
42 408
262 377
400 76
262 180
42 2
42 18
168 460
289 247
425 122
262 81
42 138
261 209
261 342
425 302
356 125
261 416
261 252
289 4
425 121
289 210
167 300
42 241
261 37
400 455
356 411
403 103
167 463
356 357
400 232
42 233
400 90
42 52
356 197
403 176
425 149
403 450
167 104
42 188
167 270
356 291
356 398
356 151
289 421
261 134
261 311
356 157
403 298
42 370
167 205
168 277
168 286
167 221
356 238
425 232
167 173
167 269
168 117
289 414
289 41
400 61
400 276
168 115
289 146
403 6
167 330
425 138
167 372
168 15
425 432
261 47
168 15
261 395
262 1
425 99
356 361
261 225
356 231
168 447
400 177
425 379
42 113
261 147
356 477
262 489
289 398
261 223
168 300
356 359
289 220
356 171
403 129
262 357
167 204
425 347
168 271
261 164
356 118
425 346
356 88
403 306
403 89
168 102
425 241
261 330
403 104
42 149
261 212
261 48
356 176
425 37
403 35
289 190
289 382
261 389
42 371
425 11
261 363
262 234
356 463
403 353
403 489
168 127
356 388
167 410
403 33
425 417
403 222
262 42
403 387
289 245
356 66
262 399
261 25
168 24
425 368
356 93
425 465
289 459
42 351
168 174
262 30
425 93
400 138
400 396
261 60
168 228
261 354
400 157
289 220
400 148
289 440
425 203
425 449
262 167
262 294
403 486
400 220
403 175
403 245
168 236
289 459
403 363
400 319
42 348
425 380
167 9
262 371
261 264
400 81
425 386
356 401
42 334
262 329
289 50
425 30
356 428
168 345
403 51
167 428
400 407
262 338
261 168
168 453
262 380
289 150
289 288
42 225
425 126
289 306
403 79
167 237
400 133
425 148
403 179
261 472
168 385
356 328
168 340
403 157
425 171
262 22
167 295
403 388
262 57
289 116
42 284
42 469
289 235
356 287
261 265
403 260
42 37
262 199
167 242
261 400
403 324
168 122
261 71
261 324
400 95
289 18
167 290
356 227
400 466
262 162
262 487
356 34
289 366
356 447
403 380
425 116
261 23
425 352
403 122
425 354
167 427
261 30
42 119
356 77
42 159
400 358
403 70
356 89
168 233
262 458
167 374
403 162
356 352
403 417
262 21
262 367
262 195
262 177
400 15
400 244
400 10
356 333
167 424
262 117
261 431
356 20
289 447
289 347
42 323
425 423
289 358
42 124
403 382
168 237
262 110
400 166
289 462
403 243
261 431
167 451
400 322
262 304
168 368
168 326
425 201
261 28
167 234
425 140
425 423
168 83
262 57
167 177
403 110
289 313
289 404
42 448
289 434
289 111
261 459
403 399
356 181
42 324
262 195
168 289
168 483
400 81
261 398
289 62
167 87
262 181
425 340
167 433
42 239
42 235
425 28
168 438
167 283
167 322
425 234
289 462
400 437
168 108
403 324
425 358
400 70
167 188
403 151
262 291
42 349
168 142
403 464
425 204
403 330
356 267
425 2
289 103
261 46
168 431
403 81
403 247
289 203
289 361
167 16
356 304
262 19
400 211
168 487
289 11
168 170
356 322
262 352
262 154
403 469
356 215
168 433
261 6
42 102
403 93
356 172
168 423
262 134
262 116
289 115
289 172
289 276
403 436
425 211
167 6
167 39
42 149
400 316
167 199
289 307
262 374
42 382
42 136
356 134
403 175
289 442
261 427
400 204
262 369
42 92
262 20
289 272
403 110
262 470
168 216
42 29
356 462
356 190
261 93
289 462
42 278
168 195
400 355
403 21
425 416
400 377
167 331
425 20
262 254
262 359
168 262
289 247
167 96
42 399
425 276
168 399
42 152
403 256
356 98
168 254
403 293
262 45
425 194
425 303
42 129
167 138
42 40
289 131
167 227
262 460
261 236
356 297
261 352
403 233
289 455
42 428
400 130
167 453
167 215
403 345
356 145
425 408
262 453
262 219
168 224
262 236
168 219
400 443
261 29
167 148
400 329
400 62
356 130
168 134
42 459
403 298
261 90
262 98
400 46
261 66
167 319
425 482
289 436
425 9
403 62
400 167
356 263
289 464
261 198
168 235
261 227
262 31
289 427
167 134
42 343
356 417
356 484
167 437
167 490
42 35
403 141
425 38
42 433
403 64
425 192
168 95
262 166
356 297
289 184
167 240
261 390
261 34
167 154
289 344
289 472
262 389
167 215
42 309
356 168
400 62
425 214
262 195
400 331
261 126
168 146
356 95
42 78
262 489
168 478
289 256
403 323
262 437
403 243
289 400
356 258
262 243
262 119
289 379
400 109
400 330
425 434
400 486
403 330
261 154
356 254
400 397
356 67
289 42
261 92
168 389
262 58
42 431
262 250
403 330
167 80
262 175
168 462
425 219
42 60
42 14
42 112
356 333
261 314
261 45
425 102
400 281
400 341
168 305
289 352
168 389
167 490
425 304
167 303
400 120
425 39
168 162
262 210
425 355
425 438
261 257
403 48
42 243
42 363
425 148
356 184
356 158
425 385
356 177
167 352
356 233
42 484
42 319
289 398
42 66
262 51
400 277
289 67
425 141
168 462
425 175
289 395
262 268
167 380
168 185
168 466
167 288
425 100
425 215
167 320
400 388
425 415
262 361
403 262
168 467
400 228
167 289
356 6
261 460
168 258
262 323
42 175
425 65
403 392
403 479
403 34
262 10
262 315
400 206
289 485
167 360
42 191
425 406
261 213
262 47
167 23
167 182
289 53
261 4
400 67
262 186
42 8
289 177
356 105
289 240
289 314
289 338
261 184
289 180
262 116
167 483
42 149
42 159
168 386
289 248
289 478
42 318
425 391
403 297
261 346
42 15
262 442
262 428
42 469
289 323
168 394
168 48
425 74
356 183
167 303
403 304
167 262
403 64
262 399
403 77
289 426
168 48
262 201
289 282
425 347
261 50
261 154
356 412
168 117
425 423
168 208
289 129
262 82
262 32
403 220
425 244
261 240
167 283
425 151
261 440
262 438
168 155
167 257
403 165
261 344
168 191
425 180
167 346
356 37
403 4
42 188
400 7
400 194
403 175
403 300
167 325
289 335
262 142
261 292
356 2
262 126
168 180
167 443
289 437
261 52
425 453
42 307
403 459
261 446
356 226
356 295
403 340
262 55
261 333
261 164
403 276
289 298
356 102
403 306
403 227
289 266
425 6
356 350
261 45
400 358
403 461
425 24
42 16
168 357
261 471
403 328
400 4
425 475
400 476
167 108
400 230
425 349
425 281
167 10
261 186
261 224
42 86
289 378
356 30
403 353
262 152
168 463
400 276
403 395
262 111
425 173
167 313
168 368
289 195
289 145
261 77
262 43
168 392
42 470
261 369
425 218
168 452
356 279
262 239
425 64
425 247
356 97
403 11
403 352
42 44
289 88
262 3
289 413
262 251
261 470
261 58
403 412
356 283
356 95
262 22
403 427
289 42
167 360
356 276
425 19
425 365
403 388
400 46
168 155
167 188
42 445
42 245
425 28
262 325
42 408
262 193
400 87
261 406
425 151
425 81
42 376
262 295
42 271
262 169
168 148
289 114
289 38
168 372
403 245
289 362
168 85
425 169
400 72
425 177
289 0
167 1
168 343
425 268
168 483
261 131
261 375
356 346
42 12
261 106
403 259
261 245
261 486
261 366
42 115
42 281
425 15
403 212
261 380
261 43
356 44
261 34
356 122
261 5
289 18
42 240
167 152
403 190
261 384
289 203
400 293
289 7
261 114
261 363
356 147
425 360
289 200
425 312
42 370
167 377
42 173
403 462
261 288
356 149
289 58
400 259
425 113
42 170
425 50
262 282
425 353
289 436
262 71
289 458
168 272
425 77
289 371
403 184
262 400
425 157
262 415
261 393
356 312
167 310
167 319
289 421
261 238
425 218
289 311
403 232
167 160
403 415
400 193
425 364
356 44
168 288
403 312
356 202
425 335
400 410
289 274
262 342
425 230
400 136
261 306
425 109
261 179
400 272
168 280
261 387
356 7
356 27
425 57
356 321
42 391
356 281
289 486
42 360
262 356
403 43
42 290
425 442
167 223
168 191
403 56
168 261
168 213
261 160
289 165
42 53
289 451
403 395
262 229
167 272
425 263
403 2
403 179
261 480
425 42
356 273
168 162
262 269
289 374
425 123
289 67
262 243
167 99
42 260
167 350
289 189
425 203
261 435
289 19
425 274
425 111
400 412
167 150
168 18
261 183
168 111
425 403
403 110
403 259
42 214
425 452
400 263
356 227
261 118
425 275
425 39
261 280
42 28
356 231
262 51
42 69
42 403
168 101
168 89
261 452
403 143
289 380
42 35
289 146
262 140
400 77
403 194
289 137
42 63
167 271
42 224
262 377
356 238
262 216
261 156
356 199
167 283
168 428
168 50
261 82
289 434
356 489
167 357
168 146
403 299
400 135
168 411
168 138
425 287
261 419
356 455
261 227
168 89
403 349
168 183
356 349
403 187
167 203
168 106
400 136
403 429
289 254
400 405
42 311
403 366
261 277
262 337
356 479
167 134
289 245
289 75
400 202
42 403
425 98
167 170
289 113
425 188
400 231
289 385
167 156
356 477
42 355
261 118
262 451
425 376
167 250
400 187
403 464
425 296
425 367
289 119
261 283
42 307
425 182
425 263
42 193
425 45
400 33
425 241
289 197
262 127
261 247
356 208
262 394
42 0
167 32
261 447
42 81
261 307
403 114
167 323
289 393
425 252
167 366
425 412
167 463
168 125
356 483
356 315
261 130
356 469
400 459
425 249
400 245
262 365
168 12
425 231
356 18
400 245
400 149
400 375
262 59
403 367
425 210
168 217
168 194
403 69
425 430
42 234
167 44
403 247
356 411
261 116
167 375
262 442
262 329
403 207
168 198
261 90
167 370
42 473
356 28
403 441
167 236
400 245
262 72
400 465
168 39
261 187
400 185
403 339
356 448
168 483
42 393
261 430
168 444
400 143
289 135
42 484
261 52
42 291
262 297
403 427
167 477
356 118
356 379
42 93
403 173
400 246
167 8
262 253
167 37
425 16
262 475
261 221
425 483
167 351
400 187
261 378
425 388
289 324
167 138
356 110
42 294
168 231
400 428
425 377
262 7
289 423
42 318
262 162
168 167
289 348
400 341
356 94
262 68
400 16
400 99
356 486
262 128
261 458
168 415
168 182
42 79
167 33
262 185
42 148
167 329
403 52
403 149
42 286
167 270
356 137
403 278
167 430
403 286
400 429
262 180
168 461
403 192
262 472
289 181
167 21
400 294
42 318
42 16
168 150
403 187
261 70
356 485
168 25
425 366
356 119
403 340
403 388
261 112
261 417
400 136
262 286
403 48
42 121
261 130
356 392
168 210
167 90
356 370
289 84
289 413
167 196
261 203
425 385
400 235
425 111
42 328
261 308
42 57
168 88
261 336
261 39
356 352
400 381
400 481
42 145
356 32
261 291
400 39
261 295
261 388
168 171
400 365
262 219
356 145
403 409
261 459
425 479
168 335
356 404
356 333
261 306
403 5
42 34
262 229
400 165
262 471
42 34
262 422
168 422
167 50
425 351
42 0
289 173
400 94
289 305
425 237
262 261
425 48
261 110
356 80
261 479
403 197
167 213
262 145
167 226
42 11
289 107
167 194
262 438
167 181
403 222
167 11
261 1
400 179
400 101
289 87
289 9
289 310
356 91
356 437
403 53
262 376
262 227
289 78
425 294
262 133
42 162
400 454
403 310
403 413
261 478
289 245
42 133
167 279
261 359
262 464
261 27
261 91
403 393
261 407
403 210
167 445
42 462
168 31
403 327
356 341
400 76
262 93
167 441
42 83
400 263
167 63
403 42
289 145
400 462
356 406
262 6
262 43
400 59
289 141
262 76
356 178
356 5
261 30
167 96
403 180
356 415
262 105
403 91
289 314
403 0
400 346
289 21
403 249
425 155
289 404
289 467
262 336
289 365
42 104
42 47
42 1
400 316
425 12
168 462
425 421
262 46
262 386
167 64
356 450
425 131
168 379
356 392
168 274
356 74
261 390
289 188
261 376
167 48
403 2
289 122
262 468
400 14
425 238
42 404
403 278
167 111
400 483
425 485
261 39
425 177
356 57
167 296
400 57
167 378
168 124
168 488
261 383
42 399
42 174
168 7
168 271
167 412
403 389
289 11
42 180
356 29
167 46
262 208
403 313
403 185
356 325
261 47
425 455
356 353
289 28
42 294
289 380
400 124
261 485
356 480
167 91
167 390
168 345
168 171
356 172
168 70
425 227
400 452
262 451
403 411
262 324
425 87
403 478
262 123
400 23
262 332
261 383
261 138
425 276
356 16
289 24
167 324
42 331
425 139
168 163
403 227
168 363
261 286
356 334
289 63
403 258
262 409
400 410
403 226
400 171
400 371
356 173
42 441
167 106
289 191
42 256
42 207
168 110
42 166
356 74
262 30
168 184
356 278
356 228
167 35
167 65
403 477
167 47
168 69
42 255
289 274
261 395
261 326
167 116
42 225
168 295
356 413
425 283
289 266
42 452
167 438
289 462
356 369
289 134
42 265
289 461
425 227
425 148
289 189
289 203
167 451
289 317
262 387
42 172
261 243
168 366
403 180
168 184
403 356
403 247
400 39
289 353
42 78
261 165
261 120
261 337
289 77
42 62
425 95
168 458
261 223
289 406
168 425
42 263
289 233
400 150
289 169
403 106
400 356
356 458
168 315
289 490
403 148
356 181
425 423
356 405
168 253
261 336
167 463
356 381
289 283
262 28
261 340
167 349
167 438
261 337
400 6
400 262
400 54
167 230
167 142
289 287
425 236
289 308
400 295
168 50
168 431
168 231
356 156
400 252
261 264
289 73
42 121
167 411
261 387
403 258
356 173
167 384
167 275
168 180
262 198
289 185
403 369
261 343
261 259
168 433
42 443
403 158
400 283
403 200
262 146
400 439
261 335
403 32
425 38
262 156
403 234
289 204
356 0
261 399
289 468
289 59
356 249
425 264
356 167
289 138
168 29
289 166
261 475
289 113
42 86
167 234
356 236
262 212
403 290
425 39
356 42
425 346
289 459
168 124
262 112
403 236
356 339
261 445
168 338
167 266
42 283
425 214
400 91
167 289
168 222
42 131
403 477
403 363
400 308
425 274
167 16
356 1
400 38
400 312
261 145
167 480
261 22
168 324
168 200
400 93
425 315
356 23
425 262
289 84
400 233
168 207
42 82
262 424
167 336
261 447
261 34
403 257
356 72
168 418
425 191
261 157
400 218
403 206
261 277
425 191
400 316
403 193
262 237
261 109
425 429
425 405
356 43
289 440
403 153
261 479
168 317
400 1
262 393
42 271
356 280
425 181
356 402
42 127
262 322
425 75
167 282
425 114
403 24
425 37
168 149
289 332
289 459
289 427
289 312
262 29
425 68
425 79
289 288
356 432
289 51
356 242
262 443
262 351
356 486
400 365
403 279
168 317
167 8
400 305
400 353
261 56
167 137
168 286
168 293
289 485
400 176
356 316
425 7
425 415
262 281
425 381
400 52
261 310
261 488
425 355
167 49
261 81
42 248
400 37
403 268
168 13
289 318
168 142
425 391
168 211
289 35
425 10
289 96
42 22
167 160
167 355
400 391
425 65
168 135
403 332
400 466
356 386
425 190
403 343
262 468
262 446
262 487
167 268
168 190
261 154
400 421
42 67
289 221
261 258
289 394
262 230
168 490
262 243
167 47
400 75
289 140
262 209
262 207
42 344
167 0
403 432
356 409
42 220
425 232
289 241
168 77
262 483
42 266
356 77
168 199
261 15
42 414
403 66
289 297
168 290
403 329
425 200
168 14
400 99
289 324
425 444
400 242
400 375
289 274
261 397
400 74
356 261
42 27
261 403
403 348
42 7
400 471
261 322
168 58
425 14
168 362
261 421
425 418
356 344
289 333
289 232
289 227
168 458
403 30
425 90
403 292
42 457
261 95
167 23
167 110
400 297
168 87
262 228
167 438
400 84
168 248
289 27
168 333
400 172
356 273
168 160
400 172
425 280
425 323
403 83
425 54
289 352
356 396
167 204
403 46
261 347
425 230
167 342
425 290
356 345
400 355
425 77
167 55
262 416
167 36
356 81
42 272
261 378
42 64
168 314
261 95
400 184
261 244
400 245
168 323
167 312
42 196
168 68
289 219
289 227
261 280
289 468
261 168
167 462
168 131
289 7
400 348
42 455
42 326
289 198
42 249
425 207
42 89
289 436
403 0
168 485
400 276
168 434
261 206
168 171
167 118
356 389
400 9
289 272
289 214
261 386
400 284
403 458
261 380
403 290
356 284
261 76
403 336
168 198
289 83
168 76
167 228
262 34
289 314
356 470
289 305
168 64
356 185
42 430
289 62
167 329
42 390
425 369
262 261
403 221
261 116
356 455
356 93
261 348
403 238
403 205
289 281
425 310
167 459
403 447
289 40
261 263
425 337
261 455
289 469
356 200
42 272
289 227
425 469
400 194
167 234
425 244
289 410
356 439
168 177
425 463
261 251
403 178
262 404
167 394
42 348
262 114
403 184
289 354
262 83
403 44
403 193
167 188
289 44
42 216
400 3
167 330
168 35
403 154
425 242
168 246
168 264
168 43
400 101
262 358
262 318
168 293
42 291
42 170
400 267
403 308
289 374
403 125
168 430
400 467
261 262
289 53
168 88
400 104
262 19
356 221
289 46
167 359
356 157
167 422
42 358
167 106
42 445
262 229
400 213
403 437
262 365
425 9
289 80
168 476
42 441
262 111
262 362
400 12
262 431
261 158
289 46
356 161
356 80
167 37
168 213
403 147
425 175
289 34
400 478
403 252
356 488
42 444
262 255
261 195
261 472
425 81
261 449
168 473
42 287
168 81
42 199
167 286
289 0
168 150
356 274
289 246
261 188
403 38
168 423
168 428
356 75
42 318
168 309
403 348
400 122
403 490
403 144
425 13
356 1
400 325
42 38
167 317
167 148
168 374
168 488
261 26
425 456
167 188
403 126
261 118
356 32
403 428
261 360
403 105
168 260
167 475
425 108
425 136
42 133
167 237
261 301
356 153
262 425
400 435
400 255
168 359
400 99
168 13
168 274
262 271
400 13
167 236
168 470
42 70
168 452
400 104
261 163
289 466
261 399
400 398
167 320
289 22
356 281
168 345
42 285
403 32
167 342
400 426
356 195
403 236
261 332
168 424
42 490
403 155
289 460
403 33
403 240
425 370
403 370
262 255
356 278
400 97
356 110
261 463
261 102
356 263
400 132
425 273
425 128
403 388
261 315
403 348
262 370
356 20
425 375
42 83
168 186
168 378
167 252
289 180
403 61
167 153
168 231
262 72
262 477
262 287
42 256
261 17
167 313
42 476
167 357
425 214
289 318
167 241
425 47
42 475
167 320
403 130
403 8
425 405
262 408
425 437
42 59
425 145
42 430
262 144
289 99
356 253
403 432
289 203
42 241
262 293
356 443
262 411
400 0
167 135
42 74
289 478
167 372
262 61
289 141
261 87
168 264
425 452
261 268
167 225
400 344
42 277
403 379
425 127
42 3
261 445
400 336
356 55
425 18
262 483
42 430
262 448
400 439
425 450
167 76
356 68
167 84
289 366
42 285
425 67
289 107
425 234
168 134
403 315
42 152
168 340
403 457
167 255
356 432
289 439
400 106
356 186
425 248
262 14
425 293
167 398
425 475
425 396
400 284
167 125
42 180
262 366
261 17
167 158
356 26
261 351
167 131
403 158
42 412
403 173
356 112
425 64
262 28
356 277
400 473
167 152
425 454
400 454
261 156
42 436
262 129
261 278
403 150
403 103
262 418
167 259
425 372
261 191
400 394
356 297
168 443
403 138
356 449
42 252
167 462
168 197
403 445
356 108
356 290
42 231
42 462
403 335
289 479
425 479
425 131
400 109
356 66
42 278
425 87
400 194
262 93
167 103
400 83
289 414
168 102
403 213
425 107
42 431
262 257
261 328
42 180
425 133
403 131
261 170
425 134
168 154
167 449
168 414
289 334
356 138
168 93
356 54
289 63
42 392
262 51
262 389
262 142
425 291
167 154
262 17
42 342
262 382
356 246
261 24
356 117
289 414
262 443
262 58
356 363
356 472
356 163
261 452
356 484
425 208
356 325
262 222
356 364
289 271
262 63
356 43
356 216
42 192
289 74
42 79
289 448
262 194
400 398
262 61
400 229
168 222
262 155
261 17
289 437
425 186
262 124
261 115
356 70
400 93
400 28
289 268
289 137
289 459
167 298
289 295
261 439
261 96
289 450
400 50
403 311
42 315
167 185
167 39
403 430
425 225
42 416
400 459
261 199
167 161
42 419
356 80
425 390
168 193
289 82
289 457
289 96
262 471
356 72
425 443
400 436
356 107
167 249
168 253
400 424
403 293
425 14
356 267
400 433
167 159
403 263
167 226
42 38
168 96
42 280
42 290
262 161
167 142
168 405
403 198
167 1
262 22
168 204
262 228
262 89
356 375
400 398
168 112
356 36
168 386
42 242
168 370
167 337
168 83
42 487
168 170
168 96
403 489
261 115
425 281
400 472
425 81
356 220
356 353
356 432
425 171
400 402
356 291
356 477
261 77
356 243
168 430
356 404
425 130
400 51
356 389
42 180
425 325
167 180
400 186
425 191
42 88
356 254
261 395
400 177
42 226
403 90
261 435
167 474
289 318
425 112
356 10
262 168
167 76
289 347
262 140
289 210
168 400
262 366
261 163
42 415
400 398
262 296
425 77
403 159
400 302
425 387
167 145
261 276
42 347
167 237
403 178
400 277
356 401
168 42
356 345
425 306
168 62
425 413
425 45
262 455
356 462
425 41
42 481
261 292
167 209
261 200
356 409
400 38
400 93
168 31
167 440
400 62
425 86
168 309
400 124
425 310
42 229
356 394
42 277
42 269
261 15
400 53
261 245
42 380
403 100
403 132
400 46
403 108
42 378
262 207
168 218
262 67
400 47
167 468
289 485
262 181
167 0
261 18
356 378
425 344
356 366
168 368
425 208
261 255
42 439
425 201
261 448
262 441
289 146
425 74
167 456
262 400
289 20
167 240
261 8
167 266
261 20
262 467
42 401
168 305
356 261
289 313
289 343
356 350
289 236
400 283
167 197
167 261
356 473
168 378
168 288
403 469
261 207
425 129
289 262
400 315
167 138
168 218
167 174
356 7
400 380
168 216
356 72
262 34
400 207
356 129
289 95
403 431
403 414
400 365
289 188
403 338
42 1
167 166
262 7
400 251
167 236
400 486
425 293
261 410
261 48
425 258
167 193
289 165
168 290
403 292
168 82
289 404
425 410
42 313
403 206
400 287
261 120
356 197
167 40
403 203
403 88
168 87
400 407
425 248
356 445
168 39
262 453
425 364
42 220
425 31
400 180
168 340
403 181
42 216
168 32
261 297
425 67
167 250
356 12
289 417
403 144
425 241
400 122
42 288
403 192
167 176
167 73
168 267
168 91
261 357
400 312
167 56
261 469
262 441
168 349
167 232
400 460
356 99
