274 900 3787
225 237 444
258 46 763
262 51 392
27 4 159
7 29 570
82 177 153
187 60 340
42 269 274
198 159 143
61 236 456
112 79 760
151 154 610
229 34 950
28 233 710
122 19 109
244 113 316
245 42 725
60 216 71
188 68 287
26 232 2
30 217 329
133 117 157
20 126 426
261 15 905
59 122 453
192 86 429
124 243 222
149 0 227
154 136 423
166 213 93
156 148 846
233 34 342
65 196 412
16 8 879
27 183 102
248 117 808
223 165 785
27 28 638
8 22 409
199 115 950
98 184 398
86 52 894
247 233 710
94 260 12
217 52 513
172 77 259
171 64 621
271 30 641
49 10 737
234 223 166
141 228 420
18 168 31
171 245 225
128 80 203
153 36 532
252 28 368
272 0 691
68 54 288
137 116 309
184 210 189
147 111 739
111 181 4
18 224 253
77 256 419
222 28 319
71 47 502
123 127 361
31 180 821
85 81 573
243 74 30
89 246 743
56 134 147
26 267 290
102 223 306
185 68 980
135 18 123
135 65 194
3 54 409
190 222 720
175 177 360
142 115 985
92 101 901
75 106 631
219 115 443
223 157 789
4 169 434
239 249 699
68 104 182
129 35 231
261 249 859
223 93 910
107 233 25
126 234 853
63 110 483
127 93 73
111 140 992
172 132 474
170 109 477
96 14 661
48 49 973
89 198 559
262 73 433
254 143 590
69 59 510
262 174 685
64 218 532
155 99 731
155 7 406
32 264 947
195 222 458
55 154 345
69 42 937
225 39 181
218 111 477
259 155 666
195 41 391
158 141 895
160 188 454
33 231 297
216 239 483
38 154 916
59 156 525
170 188 378
239 233 98
59 164 710
144 141 309
183 114 537
70 162 167
229 254 480
240 26 127
96 87 603
67 249 14
210 75 526
6 89 135
183 24 809
220 74 73
43 249 274
68 222 743
248 95 983
37 4 759
245 81 691
156 92 331
226 130 674
156 147 525
258 231 750
166 90 629
80 116 506
2 66 718
5 250 158
144 172 29
181 159 163
54 53 673
218 239 225
179 146 901
19 45 5
130 96 778
13 114 926
119 49 973
140 198 34
185 75 469
15 59 214
177 68 895
39 12 638
38 234 992
34 270 563
69 84 893
93 154 81
5 138 299
236 253 698
170 123 987
88 244 166
188 131 194
178 150 784
7 110 187
199 80 873
56 253 992
132 123 346
174 57 429
102 162 67
32 144 953
229 65 32
158 248 616
273 128 664
195 5 342
157 19 458
37 125 1
216 117 346
249 240 725
270 255 922
100 198 873
194 162 259
106 81 58
156 113 314
223 122 20
181 16 571
141 199 93
198 3 434
185 64 55
273 30 95
78 61 413
247 37 493
220 148 847
219 105 588
24 140 294
144 4 822
253 47 120
8 128 882
268 241 230
17 33 92
34 266 831
50 24 558
249 33 333
229 258 901
272 246 206
247 175 165
0 55 501
166 268 277
13 265 578
136 184 309
197 234 928
131 244 555
187 29 663
199 147 58
114 235 122
50 82 794
267 246 141
7 191 741
262 203 371
91 88 996
119 158 342
50 84 521
111 173 713
128 113 881
12 8 700
43 217 32
94 174 622
26 8 441
157 136 459
238 194 211
266 40 224
99 267 771
250 124 519
136 58 247
259 133 407
118 217 689
178 15 279
85 169 131
244 259 961
175 94 499
39 1 43
209 1 286
153 247 369
26 220 401
157 139 894
103 48 185
115 98 130
152 48 713
113 194 299
268 19 382
105 167 821
185 138 664
46 163 84
44 167 846
190 46 963
71 171 93
212 119 486
85 106 412
26 268 513
95 215 184
30 200 926
91 271 670
8 34 21
8 39 709
86 261 354
2 228 590
222 105 269
20 261 357
150 185 313
55 211 861
95 199 674
87 116 663
56 135 97
254 265 119
43 114 350
17 196 29
180 160 81
6 59 65
259 152 210
271 236 103
243 107 560
12 216 353
79 252 307
94 63 112
161 133 508
257 131 699
13 129 780
216 189 271
177 243 797
268 227 984
20 263 178
118 37 164
43 115 89
201 57 390
74 79 748
150 68 301
212 36 954
130 120 613
82 99 291
158 161 218
24 46 532
212 97 372
40 266 269
128 103 860
184 61 146
67 13 594
96 4 31
123 17 306
71 99 75
228 52 748
162 182 273
89 66 419
166 117 501
212 185 286
181 273 974
72 162 437
61 107 845
1 82 793
73 44 164
263 12 566
21 97 445
155 4 402
185 151 548
261 193 168
203 104 613
269 117 328
169 107 462
256 242 223
23 67 462
53 182 827
58 72 436
54 175 619
58 150 952
168 230 782
32 255 259
68 124 704
47 269 536
58 79 519
131 55 349
253 230 704
212 255 609
149 57 948
0 48 248
219 96 181
115 66 668
108 17 349
199 35 735
53 218 374
26 251 213
178 80 63
134 81 163
151 73 238
239 56 713
39 244 312
167 22 467
156 42 177
146 191 708
150 102 233
21 130 184
90 273 966
67 86 863
174 22 850
137 204 773
213 56 202
244 171 682
4 211 744
198 178 238
102 98 996
9 204 263
64 70 201
138 59 471
71 127 321
44 151 933
184 242 923
147 240 480
102 273 357
169 254 748
263 41 743
136 18 65
92 221 765
222 5 910
173 101 332
140 2 641
90 71 361
248 163 87
272 206 971
107 188 10
245 125 883
127 236 852
1 121 531
65 178 5
50 112 178
55 118 463
146 112 624
80 137 914
35 270 851
68 141 885
179 139 860
200 57 674
234 142 324
229 115 813
224 36 247
6 182 720
59 86 191
13 31 435
249 148 452
47 263 679
240 69 29
12 134 54
187 65 954
237 181 755
22 143 569
52 42 717
159 127 373
219 89 173
188 91 74
8 76 542
225 127 872
40 252 743
190 159 212
122 233 755
79 64 842
212 45 542
114 93 662
164 264 823
272 202 694
54 128 159
86 24 886
156 112 616
230 138 169
244 40 18
26 215 234
249 12 710
173 207 864
139 255 790
45 89 726
272 10 402
18 151 676
251 73 236
76 202 692
204 106 690
61 245 345
132 124 453
116 249 309
21 252 291
154 78 646
146 74 365
264 20 162
268 233 756
106 55 555
177 24 732
135 101 738
73 34 68
23 271 694
251 141 476
81 43 355
192 155 330
251 120 299
265 13 311
125 198 881
147 55 973
197 47 648
37 0 586
97 71 210
128 75 147
222 13 663
236 209 426
160 253 163
229 69 892
163 225 211
10 215 327
229 269 9
24 261 941
265 120 960
22 7 502
223 161 403
78 26 402
119 219 42
216 167 33
256 208 75
64 98 1000
169 151 3
258 101 521
183 20 691
9 143 627
51 151 103
117 213 496
123 146 987
32 239 726
111 224 195
205 57 455
96 233 136
113 178 581
223 65 124
179 106 475
147 71 116
236 57 363
187 177 116
202 221 97
85 150 562
17 48 875
64 106 481
6 235 295
62 8 473
220 56 444
97 219 654
128 244 201
19 61 902
257 168 511
168 82 308
70 91 786
70 106 361
31 121 952
153 171 437
27 22 262
135 271 432
133 43 198
85 193 245
30 88 810
94 258 71
203 155 322
140 124 99
193 118 659
243 73 460
4 163 441
77 59 628
222 29 254
204 101 617
164 138 427
204 134 198
68 17 58
126 200 651
41 235 950
12 114 955
13 61 27
77 194 501
108 194 111
16 250 473
104 233 396
206 188 127
9 82 255
85 87 368
100 228 585
199 15 425
13 131 984
176 263 577
163 114 120
253 270 848
96 149 369
36 143 305
58 206 173
82 157 983
217 99 472
160 143 207
118 179 657
61 39 972
271 98 236
105 114 855
91 171 59
21 149 468
104 29 888
111 161 189
56 6 133
124 162 783
182 115 781
35 272 594
68 189 940
168 215 644
126 58 196
132 75 700
20 137 13
25 217 168
144 34 854
83 264 391
121 191 256
100 209 893
53 265 388
91 137 245
74 267 283
136 51 92
93 158 52
254 260 828
127 136 641
13 4 242
19 222 653
198 174 771
208 200 569
215 156 147
123 89 418
184 233 124
214 236 160
96 123 261
226 94 918
31 61 322
193 195 762
155 229 513
248 100 839
178 64 352
193 166 757
142 164 229
241 94 104
234 22 365
88 261 277
131 189 542
133 24 681
66 62 670
56 93 778
20 224 304
215 34 137
202 64 283
91 78 257
44 248 638
91 234 670
222 109 232
46 134 314
189 220 641
7 243 786
210 67 189
151 181 982
200 165 280
45 229 258
95 141 689
17 22 918
40 135 877
123 240 615
11 225 678
174 177 790
128 267 713
154 238 748
55 113 52
184 139 620
184 115 308
251 270 642
145 262 150
138 177 516
142 123 308
92 251 695
266 173 834
112 10 824
93 261 736
72 146 410
118 85 222
218 20 99
195 89 954
24 204 37
50 111 705
97 125 391
265 273 379
212 52 762
66 4 977
80 219 631
40 175 11
24 1 828
196 90 405
209 173 14
183 8 943
104 124 639
85 231 359
207 102 908
235 227 984
62 61 491
209 46 295
155 53 440
49 250 114
16 107 32
271 209 103
221 11 872
154 261 93
56 59 93
32 97 475
6 128 640
262 267 945
57 110 15
69 46 989
148 95 439
180 58 822
217 94 774
179 120 639
130 111 24
185 86 66
267 137 240
184 70 842
17 108 787
25 243 195
271 48 390
248 259 996
24 270 611
129 177 190
248 181 696
131 165 656
197 238 744
233 245 49
187 146 743
248 192 573
182 186 522
158 104 691
108 15 526
97 193 833
140 82 621
119 148 884
17 184 921
138 125 620
260 37 147
124 78 483
67 229 575
14 74 613
163 180 376
137 32 926
77 168 442
154 54 626
84 27 336
21 193 636
95 56 442
41 170 221
101 179 583
147 72 565
230 44 269
272 114 301
98 211 942
135 181 83
75 243 248
55 232 864
23 18 798
248 138 814
155 126 403
101 7 4
95 195 697
188 119 545
237 170 373
151 62 527
31 129 766
128 218 892
121 151 526
236 135 380
163 85 503
106 207 595
166 42 714
107 18 754
73 258 534
205 181 1000
203 152 146
76 19 805
174 143 198
86 43 313
145 234 25
241 81 429
133 273 267
241 118 741
18 106 396
270 136 271
11 75 485
91 71 819
16 157 728
171 228 299
100 161 633
194 135 20
48 65 104
217 2 894
260 125 806
115 116 477
113 33 128
270 81 229
76 108 386
109 273 0
248 61 283
245 260 185
213 9 765
134 53 351
92 68 424
118 125 438
11 246 127
193 80 380
42 130 758
133 243 441
81 195 483
16 195 958
202 189 77
76 116 359
222 96 38
228 95 868
152 18 636
160 171 350
132 186 977
5 163 850
247 122 820
122 16 809
74 257 416
260 257 157
17 65 927
31 256 568
106 178 513
153 104 987
30 260 495
43 146 328
32 199 673
8 86 979
96 258 637
74 68 312
66 255 355
54 187 162
43 200 139
15 104 285
21 211 605
117 260 916
37 138 911
273 122 197
124 27 487
76 15 314
192 165 910
8 222 364
244 158 98
139 136 953
35 25 622
31 117 148
222 18 165
183 212 660
59 108 905
146 209 654
75 256 547
39 216 294
258 166 125
120 29 416
223 158 605
61 254 372
257 72 564
252 217 417
191 195 265
164 271 641
105 271 621
46 264 95
162 207 997
66 122 835
267 199 48
148 179 728
194 96 88
153 262 686
228 179 445
120 13 657
272 208 794
20 12 452
171 62 600
3 208 828
158 114 244
198 153 80
266 86 176
68 36 185
194 73 437
262 70 291
40 241 558
164 129 896
184 2 138
22 120 850
20 232 444
126 73 264
197 45 258
167 78 268
225 23 884
169 95 673
85 62 788
30 175 29
54 3 105
112 72 93
54 247 356
234 273 228
131 53 191
257 105 266
12 24 356
237 93 1000
248 178 877
156 117 566
16 206 788
213 20 379
29 55 400
37 194 886
190 260 317
133 97 998
141 226 425
217 83 66
175 51 222
32 241 609
267 139 862
154 122 810
228 229 372
120 214 203
179 208 419
247 116 621
36 220 689
9 136 983
28 237 856
4 61 909
85 180 975
248 878
178 23
26 739
138 536
228 449
242 622
197 623
10 301
257 79
174 417
222 989
246 147
108 135
102 273
65 646
105 751
66 492
19 301
140 929
93 609
99 687
60 302
108 348
53 412
195 83
77 27
174 311
41 333
30 797
186 368
128 273
228 73
55 422
184 653
220 480
75 480
16 581
79 325
152 697
265 907
106 816
119 55
35 569
171 179
34 777
106 95
45 355
90 438
130 570
197 257
101 498
53 973
102 155
249 912
263 205
265 498
209 94
43 857
171 788
269 433
16 870
12 987
157 909
22 652
130 779
106 392
151 238
118 835
71 50
114 717
131 306
36 334
226 251
14 546
23 192
85 220
178 102
29 852
65 684
23 547
262 56
106 845
229 199
122 221
193 550
185 438
108 197
27 475
107 953
100 885
61 760
272 801
244 480
241 691
132 308
249 375
188 204
110 138
145 238
24 947
75 598
63 542
9 429
0 969
80 821
32 969
67 822
192 976
225 100
32 480
80 452
238 35
43 67
119 842
265 929
257 86
149 995
185 152
181 819
206 946
212 691
113 277
37 167
168 712
51 366
67 922
215 228
101 687
151 268
221 446
269 827
58 349
216 272
271 375
72 337
102 394
53 796
34 839
97 869
134 930
208 12
238 869
118 747
256 433
111 221
198 178
226 576
209 75
23 375
121 974
208 806
138 1
63 824
9 535
76 887
171 667
223 568
155 891
243 586
171 419
145 566
149 931
107 90
120 898
29 462
110 101
196 684
250 612
23 911
198 77
75 238
271 334
134 323
24 280
15 863
230 82
164 890
89 176
173 274
167 302
159 586
212 436
239 164
119 484
240 510
138 467
259 745
59 6
127 568
183 567
89 987
21 780
186 419
69 490
232 355
44 12
0 225
40 35
194 479
85 544
25 970
80 784
44 759
194 263
222 386
114 273
151 906
110 154
36 252
70 658
40 739
73 944
92 226
166 984
216 710
36 152
127 911
31 650
254 459
272 493
212 127
203 962
35 891
154 65
262 875
199 353
175 859
31 459
160 325
263 325
131 863
233 666
1 680
168 61
170 161
103 883
267 308
12 665
98 99
62 930
214 237
9 217
162 643
107 134
167 939
38 223
132 770
65 45
229 212
139 540
251 884
94 254
232 615
233 504
195 475
28 68
242 144
30 366
144 119
45 307
251 951
55 932
153 171
250 638
113 755
108 907
192 920
219 235
147 226
55 710
16 150
98 314
184 186
206 150
117 223
117 273
117 62
117 14
117 240
117 114
117 175
117 81
117 23
117 41
117 253
117 58
117 161
117 157
117 41
117 164
117 129
117 38
117 69
117 69
117 222
117 193
117 227
117 85
117 99
117 30
117 163
117 30
117 199
117 127
117 253
117 193
117 170
117 185
117 155
117 180
117 214
117 59
117 9
117 158
117 54
117 241
117 241
117 206
117 244
117 78
117 97
117 273
117 167
117 38
117 169
117 176
117 258
117 2
117 85
117 102
117 20
117 144
117 198
117 33
117 106
117 41
117 57
117 241
117 55
117 161
117 4
117 186
117 103
117 187
117 198
117 170
117 242
117 22
117 247
117 10
117 263
117 126
117 87
117 158
117 184
117 185
117 98
117 180
117 78
117 215
117 227
117 159
117 232
117 44
117 176
117 246
117 52
117 38
117 21
117 255
117 45
117 27
117 221
117 40
117 133
117 166
117 174
117 203
117 258
117 259
117 136
117 3
117 48
117 5
117 124
117 125
117 78
117 173
117 181
117 127
117 219
117 202
117 127
117 55
117 214
117 214
117 16
117 217
117 28
117 235
117 273
117 4
117 74
117 12
117 222
117 95
117 65
117 127
117 156
117 224
117 184
117 31
117 79
117 118
117 241
117 237
117 15
117 63
117 70
117 267
117 156
117 135
117 216
117 184
117 85
117 260
117 63
117 170
117 206
117 72
117 19
117 231
117 71
117 84
117 1
117 240
117 110
117 14
117 119
117 2
117 9
117 250
117 242
117 129
117 130
117 141
117 123
117 209
117 216
117 252
117 18
117 267
117 200
117 113
117 87
117 107
117 208
117 36
117 200
117 91
117 27
117 255
117 17
117 71
117 206
117 264
117 121
117 137
117 80
117 262
117 127
117 240
117 157
117 95
117 114
117 20
117 110
117 104
117 59
117 191
117 32
117 66
117 194
117 267
117 272
117 239
117 208
117 138
117 19
117 36
117 247
117 101
117 239
117 157
117 225
117 252
117 146
117 237
117 63
117 41
117 63
117 18
117 255
117 133
117 232
117 168
117 114
117 42
117 33
117 93
117 86
117 64
117 97
117 259
117 93
117 163
117 209
117 54
117 9
117 189
117 161
117 200
117 212
117 168
117 165
117 105
117 89
117 114
117 67
117 66
117 149
117 134
117 5
117 72
117 189
117 196
117 183
117 245
117 3
117 130
117 83
117 254
117 124
117 239
117 235
117 72
117 216
117 168
117 64
117 66
117 152
117 210
117 269
117 96
117 99
117 269
117 257
117 175
117 61
117 125
117 101
117 238
117 200
117 90
117 152
117 257
117 273
117 48
117 216
117 35
117 176
117 19
117 136
117 63
117 176
117 114
117 187
117 196
117 130
117 7
117 246
117 157
117 207
117 144
117 249
117 121
117 138
117 111
117 239
117 44
117 190
117 73
117 192
117 137
117 256
117 132
117 245
117 18
117 153
117 30
117 22
117 258
117 48
117 32
117 146
117 224
117 155
117 20
117 91
117 206
117 156
117 43
117 9
117 102
117 22
117 32
117 14
117 174
117 28
117 54
117 174
117 114
117 267
117 244
117 193
117 47
117 24
117 160
117 11
117 47
117 65
117 271
117 124
117 50
117 178
117 92
117 98
117 88
117 240
117 201
117 64
117 267
117 49
117 70
117 66
117 173
117 209
117 226
117 73
117 68
117 253
117 81
117 54
117 112
117 124
117 97
117 184
117 5
117 60
117 197
117 20
117 204
117 146
117 49
117 78
117 190
117 198
117 37
117 152
117 242
117 23
117 42
117 74
117 116
117 50
117 17
117 246
117 183
117 24
117 252
117 162
117 27
117 113
117 255
117 250
117 124
117 27
117 260
117 268
117 1
117 48
117 246
117 26
117 166
117 186
117 52
117 235
117 212
117 179
117 179
117 245
117 38
117 73
117 187
117 0
117 97
117 120
117 131
117 13
117 145
117 1
117 184
117 235
117 101
117 235
117 209
117 185
117 174
117 254
117 21
117 66
117 171
117 126
117 146
117 161
117 271
117 69
117 220
117 130
117 273
117 4
117 180
117 51
117 95
117 29
117 102
117 190
117 47
117 237
117 244
117 79
117 170
117 100
117 121
117 187
117 62
117 183
117 105
117 29
117 88
117 223
117 80
117 74
117 222
117 272
117 156
117 72
117 47
117 120
117 185
117 193
117 244
117 50
117 21
117 23
117 222
117 21
117 204
117 89
117 255
117 111
117 20
117 246
117 134
117 45
117 41
117 30
117 150
117 236
117 190
117 188
117 46
117 170
117 229
117 217
117 12
117 195
117 244
117 126
117 35
117 87
117 223
117 124
117 183
117 245
117 24
117 81
117 138
117 254
117 153
117 253
117 144
117 12
117 250
117 21
117 60
117 213
117 189
117 213
117 140
117 269
117 175
117 194
117 221
117 94
117 31
117 87
117 115
117 47
117 256
117 80
117 136
117 151
117 102
117 123
117 152
117 67
117 209
117 79
117 118
117 78
117 44
117 127
117 226
117 12
117 39
117 34
117 33
117 270
117 151
117 263
117 108
117 103
117 30
117 41
117 163
117 90
117 198
117 251
117 14
117 240
117 68
117 62
117 196
117 51
117 150
117 2
117 73
117 56
117 266
117 272
117 261
117 233
117 261
117 112
117 97
117 205
117 14
117 145
117 242
117 243
117 157
117 162
117 77
117 105
117 132
117 76
117 14
117 206
117 128
117 189
117 120
117 127
117 110
117 187
117 25
117 203
117 222
117 44
117 240
117 23
117 208
117 158
117 212
117 210
117 44
117 48
117 214
117 187
117 119
117 140
117 82
117 202
117 122
117 73
117 168
117 66
117 143
117 83
117 169
117 200
117 236
117 188
117 35
117 102
117 72
117 56
117 151
117 190
117 216
117 167
117 82
117 257
117 1
117 191
117 104
117 171
117 142
117 185
117 263
117 55
117 207
117 183
117 135
117 160
117 206
117 175
117 145
117 53
117 106
117 104
117 48
117 255
117 205
117 24
117 263
117 32
117 94
117 139
117 167
117 14
117 158
117 65
117 91
117 166
117 62
117 89
117 54
117 189
117 211
117 156
117 167
117 151
117 255
117 255
117 68
117 219
117 173
117 102
117 72
117 176
117 14
117 102
117 85
117 75
117 243
117 188
117 53
117 75
117 125
117 108
117 236
117 125
117 178
117 122
117 152
117 89
117 30
117 137
117 165
117 10
117 200
117 113
117 219
117 185
117 92
117 131
117 249
117 230
117 101
117 182
117 163
117 21
117 253
117 65
117 217
117 208
117 57
117 209
117 65
117 83
117 36
117 160
117 48
117 16
117 250
117 146
117 247
117 119
117 109
117 126
117 218
117 120
117 133
117 217
117 80
117 134
117 237
117 6
117 203
117 147
117 266
117 111
117 92
117 195
117 233
117 71
117 182
117 269
117 63
117 97
117 112
117 4
117 150
117 168
117 160
117 145
117 53
117 89
117 145
117 137
117 34
117 211
117 205
117 19
117 206
117 49
117 140
117 32
117 109
117 244
117 95
117 104
117 40
117 78
117 56
117 159
117 168
117 25
117 266
117 273
117 109
117 172
117 81
117 90
117 21
117 114
117 195
117 74
117 171
117 128
117 244
117 172
117 67
117 150
117 26
117 155
117 208
117 250
117 268
117 94
117 272
117 123
117 112
117 201
117 263
117 39
117 169
117 163
117 254
117 167
117 244
117 236
117 147
117 259
117 6
117 24
117 153
117 236
117 8
117 195
117 268
117 58
117 55
117 202
117 240
117 271
117 55
117 12
117 272
117 193
117 259
117 250
117 146
117 58
117 28
117 239
117 264
117 236
117 249
117 132
117 75
117 69
117 253
117 231
117 105
117 86
117 0
117 168
117 6
117 118
117 174
117 250
117 148
117 97
117 75
117 60
117 254
117 199
117 225
117 19
117 218
117 92
117 27
117 39
117 83
117 154
117 52
117 59
117 83
117 29
117 263
117 85
117 137
117 195
117 207
117 159
117 271
117 184
117 78
117 8
117 145
117 79
117 54
117 220
117 36
117 258
117 158
117 128
117 122
117 106
117 106
117 177
117 105
117 156
117 125
117 165
117 157
117 152
117 50
117 108
117 155
117 149
117 31
117 105
117 168
117 159
117 65
117 266
117 40
117 139
117 45
117 18
117 238
117 81
117 216
117 144
117 227
117 232
117 102
117 100
117 165
117 125
117 10
117 160
117 172
117 75
117 254
117 67
117 202
117 172
117 168
117 235
117 182
117 127
117 226
117 157
117 212
117 191
117 168
117 8
117 120
117 197
117 147
117 235
117 142
117 189
117 161
117 209
117 230
117 124
117 208
117 55
117 95
117 73
117 137
117 103
117 118
117 63
117 14
117 119
117 101
117 133
117 127
117 18
117 184
117 126
117 15
117 115
117 101
117 74
117 179
117 160
117 122
117 90
117 257
117 162
117 262
117 225
117 69
117 245
117 76
117 221
117 149
117 95
117 143
117 79
117 261
117 266
117 91
117 261
117 124
117 80
117 4
117 6
117 217
117 36
117 138
117 4
117 253
117 94
117 88
117 237
117 211
117 165
117 162
117 39
117 91
117 214
117 243
117 44
117 121
117 228
117 160
117 26
117 227
117 3
117 42
117 55
117 245
117 75
117 87
117 226
117 104
117 72
117 26
117 222
117 203
117 89
117 14
117 27
117 70
117 151
117 194
117 213
117 167
117 262
117 96
117 131
117 264
117 248
117 259
117 267
117 251
117 180
117 174
117 188
117 120
117 16
117 128
117 181
117 57
117 171
117 107
117 247
117 120
117 227
117 123
117 29
117 68
117 227
117 1
117 96
117 189
117 190
117 131
117 235
117 260
117 197
117 148
117 224
117 34
117 149
117 76
117 33
117 70
117 123
117 154
117 217
117 101
117 247
117 114
117 47
117 1
117 133
117 177
117 256
117 1
117 214
117 189
117 181
117 133
117 113
117 113
117 208
117 66
117 6
117 84
117 62
117 32
117 133
117 258
117 178
117 166
117 242
117 217
117 207
117 214
117 51
117 31
117 244
117 63
117 224
117 270
117 141
117 262
117 265
117 144
117 260
117 1
117 101
117 118
117 238
117 231
117 18
117 90
117 127
117 73
117 202
117 43
117 178
117 150
117 185
117 207
117 72
117 10
117 229
117 253
117 88
117 29
117 139
117 202
117 93
117 8
117 216
117 225
117 259
117 12
117 6
117 5
117 154
117 78
117 135
117 269
117 72
117 49
117 113
117 208
117 249
117 114
117 1
117 246
117 177
117 15
117 0
117 252
117 64
117 238
117 107
117 94
117 48
117 123
117 154
117 124
117 132
117 86
117 209
117 142
117 10
117 138
117 206
117 34
117 35
117 244
117 180
117 99
117 144
117 121
117 258
117 26
117 120
117 244
117 137
117 78
117 217
117 158
117 238
117 212
117 119
117 21
117 123
117 158
117 161
117 142
117 32
117 185
117 239
117 152
117 133
117 36
117 272
117 265
117 243
117 264
117 196
117 273
117 236
117 245
117 16
117 266
117 45
117 110
117 76
117 200
117 143
117 69
117 106
117 214
117 264
117 51
117 227
117 88
117 33
117 223
117 86
117 176
117 57
117 227
117 95
117 40
117 41
117 26
117 53
117 57
117 236
117 270
117 70
117 55
117 233
117 151
117 75
117 172
117 217
117 25
117 94
117 268
117 48
117 156
117 92
117 261
117 76
117 151
117 24
117 226
117 20
117 200
117 71
117 101
117 89
117 224
117 108
117 222
117 142
117 250
117 58
117 71
117 230
117 22
117 9
117 184
117 176
117 215
117 190
117 45
117 229
117 9
117 49
117 134
117 77
117 254
117 262
117 224
117 262
117 103
117 241
117 197
117 253
117 129
117 256
117 85
117 126
117 139
117 187
117 113
117 59
117 220
117 6
117 120
117 17
117 265
117 12
117 255
117 224
117 22
117 49
117 192
117 273
117 53
117 82
117 151
117 156
117 148
117 168
117 65
117 188
117 139
117 273
117 263
117 212
117 210
117 148
117 20
117 226
117 267
117 102
117 179
117 212
117 218
117 77
117 224
117 16
117 244
117 85
117 233
117 79
117 271
117 268
117 64
117 91
117 258
117 248
117 272
117 128
117 227
117 29
117 178
117 155
117 65
117 223
117 215
117 246
117 259
117 1
117 229
117 175
117 182
117 120
117 45
117 187
117 205
117 83
117 82
117 197
117 84
117 13
117 50
117 58
117 184
117 64
117 74
117 171
117 205
117 124
117 177
117 27
117 189
117 24
117 148
117 32
117 4
117 53
117 15
117 236
117 97
117 191
117 182
117 243
117 251
117 111
117 222
117 102
117 142
117 4
117 235
117 165
117 134
117 27
117 144
117 3
117 118
117 26
117 234
117 17
117 116
117 207
117 46
117 255
117 96
117 219
117 69
117 61
117 259
117 24
117 202
117 40
117 34
117 71
117 210
117 167
117 37
117 162
117 26
117 174
117 271
117 223
117 101
117 32
117 173
117 140
117 73
117 77
117 63
117 219
117 135
117 148
117 94
117 272
117 81
117 90
117 99
117 149
117 148
117 273
117 183
117 229
117 214
117 193
117 21
117 69
117 190
117 24
117 11
117 206
117 107
117 158
117 94
117 56
117 98
117 13
117 183
117 93
117 35
117 57
117 14
117 210
117 133
117 251
117 195
117 97
117 51
117 199
117 23
117 128
117 245
117 224
117 131
117 12
117 90
117 175
117 245
117 68
117 125
117 267
117 172
117 96
117 86
117 77
117 183
117 74
117 264
117 97
117 211
117 131
117 93
117 57
117 16
117 68
117 119
117 28
117 250
117 55
117 240
117 243
117 142
117 39
117 116
117 216
117 35
117 75
117 178
117 223
117 150
117 229
117 105
117 88
117 143
117 42
117 121
117 87
117 227
117 197
117 243
117 148
117 103
117 179
117 225
117 169
117 183
117 124
117 101
117 55
117 39
117 104
117 28
117 241
117 54
117 87
117 264
117 104
117 180
117 162
117 161
117 145
117 2
117 112
117 104
117 267
117 187
117 152
117 47
117 263
117 232
117 179
117 144
117 172
117 142
117 86
117 197
117 268
117 207
117 1
117 184
117 204
117 13
117 63
117 236
117 80
117 202
117 152
117 87
117 53
117 266
117 2
117 9
117 33
117 61
117 199
117 243
117 67
117 41
117 61
117 218
117 116
117 19
117 184
117 23
117 106
117 195
117 233
117 89
117 89
117 32
117 152
117 216
117 205
117 124
117 226
117 115
117 63
117 64
117 103
117 115
117 211
117 124
117 204
117 120
117 260
117 256
117 42
117 239
117 211
117 87
117 166
117 172
117 229
117 29
117 134
117 42
117 221
117 143
117 149
117 19
117 16
117 189
117 149
117 183
117 73
117 143
117 95
117 250
117 109
117 161
117 128
117 7
117 121
117 104
117 244
117 77
117 1
117 59
117 242
117 20
117 254
117 228
117 160
117 204
117 263
117 44
117 154
117 242
117 221
117 93
117 122
117 252
117 220
117 202
117 45
117 73
117 238
117 17
117 205
117 23
117 212
117 178
117 170
117 197
117 143
117 126
117 190
117 153
117 251
117 269
117 158
117 90
117 233
117 216
117 183
117 85
117 240
117 250
117 267
117 188
117 101
117 112
117 109
117 262
117 264
117 236
117 248
117 195
117 125
117 137
117 90
117 249
117 109
117 129
117 25
117 212
117 161
117 40
117 32
117 187
117 226
117 223
117 40
117 97
117 265
117 94
117 155
117 30
117 135
117 134
117 128
117 221
117 182
117 122
117 212
117 235
117 10
117 17
117 226
117 153
117 3
117 91
117 235
117 91
117 141
117 161
117 104
117 188
117 59
117 22
117 184
117 98
117 175
117 139
117 120
117 169
117 81
117 245
117 269
117 261
117 49
117 42
117 118
117 106
117 80
117 101
117 127
117 206
117 222
117 204
117 192
117 252
117 141
117 122
117 163
117 213
117 251
117 156
117 104
117 88
117 234
117 90
117 255
117 20
117 153
117 248
117 242
117 59
117 207
117 105
117 267
117 134
117 4
117 101
117 263
117 145
117 5
117 73
117 218
117 259
117 55
117 187
117 181
117 112
117 137
117 69
117 206
117 49
117 43
117 221
117 183
117 181
117 3
117 87
117 138
117 160
117 5
117 240
117 96
117 65
117 23
117 76
117 192
117 74
117 258
117 54
117 123
117 186
117 32
117 241
117 111
117 107
117 79
117 273
117 201
117 236
117 32
117 149
117 63
117 193
117 25
117 147
117 102
117 36
117 162
117 207
117 30
117 85
117 220
117 187
117 208
117 217
117 273
117 50
117 29
117 189
117 25
117 179
117 154
117 102
117 110
117 243
117 240
117 170
117 176
117 30
117 269
117 267
117 210
117 112
117 192
117 3
117 136
117 66
117 238
117 189
117 248
117 162
117 256
117 146
117 213
117 253
117 196
117 272
117 61
117 141
117 7
117 3
117 9
117 164
117 125
117 99
117 77
117 212
117 15
117 84
117 125
117 273
117 6
117 174
117 171
117 151
117 55
117 224
117 240
117 57
117 99
117 205
117 94
117 190
117 159
117 166
117 155
117 197
117 223
117 271
117 64
117 73
117 247
117 215
117 225
117 261
117 268
117 164
117 273
117 272
117 253
117 261
117 90
117 41
117 78
117 32
117 224
117 66
117 265
117 30
117 134
117 56
117 146
117 17
117 67
117 248
117 25
117 263
117 65
117 187
117 147
117 61
117 75
117 177
117 46
117 84
117 204
117 201
117 37
117 231
117 74
117 260
117 197
117 107
117 228
117 168
117 3
117 155
117 39
117 212
117 162
117 29
117 39
117 131
117 71
117 124
117 116
117 181
117 195
117 222
117 21
117 81
117 56
117 239
117 42
117 156
117 133
117 121
117 182
117 29
117 43
117 241
117 33
117 212
117 65
117 33
117 190
117 199
117 164
117 215
117 80
117 269
117 271
117 211
117 255
117 103
117 127
117 13
117 228
117 109
117 245
117 165
117 188
117 61
117 11
117 103
117 74
117 32
117 242
117 206
117 130
117 124
117 12
117 84
117 164
117 95
117 94
117 254
117 231
117 147
117 159
117 197
117 223
117 178
117 267
117 90
117 44
117 33
117 32
117 7
117 232
117 42
117 271
117 164
117 273
117 56
117 102
117 70
117 241
117 245
117 213
117 249
117 221
117 14
117 30
117 106
117 9
117 108
117 170
117 114
117 175
117 106
117 81
117 172
117 165
117 114
117 116
117 39
117 87
117 167
117 115
117 58
117 91
117 152
117 63
117 27
117 20
117 205
117 233
117 59
117 186
117 120
117 69
117 128
117 159
117 87
117 3
117 94
117 176
117 267
117 207
117 228
117 15
117 105
117 99
117 161
117 269
117 271
117 230
117 192
117 119
117 64
117 213
117 239
117 166
117 218
117 217
117 110
117 156
117 97
117 165
117 42
117 127
117 51
117 58
117 227
117 54
117 116
117 165
117 32
117 149
117 254
117 163
117 158
117 185
117 198
117 111
117 202
117 41
117 26
117 264
117 186
117 258
117 94
117 238
117 271
117 254
117 46
117 140
117 269
117 101
117 44
117 134
117 18
117 242
117 33
117 167
117 87
117 56
117 76
117 243
117 166
117 190
117 143
117 12
117 62
117 270
117 1
117 22
117 195
117 222
117 240
117 102
117 118
117 237
117 220
117 88
117 25
117 39
117 78
117 247
117 55
117 184
117 86
117 123
117 192
117 137
117 144
117 72
117 158
117 105
117 208
117 17
117 271
117 126
117 189
117 206
117 152
117 182
117 264
117 40
117 101
117 230
117 36
117 160
117 26
117 174
117 211
117 157
117 271
117 124
117 208
117 192
117 123
117 65
117 239
117 169
117 244
117 268
117 125
117 242
117 217
117 199
117 73
117 208
117 259
117 148
117 189
117 36
117 67
117 61
117 175
117 270
117 224
117 11
117 94
117 116
117 53
117 36
117 236
117 11
117 130
117 183
117 242
117 44
117 92
117 219
117 5
117 159
117 20
117 256
117 185
117 229
117 233
117 168
117 252
117 106
117 57
117 121
117 193
117 101
117 185
117 190
117 50
117 266
117 211
117 50
117 157
117 54
117 26
117 251
117 134
117 47
117 162
117 230
117 257
117 12
117 27
117 228
117 108
117 134
117 19
117 90
117 186
117 121
117 123
117 207
117 163
117 5
117 74
117 33
117 147
117 254
117 252
117 110
117 254
117 81
117 238
117 16
117 132
117 15
117 183
117 9
117 57
117 1
117 272
117 200
117 26
117 2
117 21
117 170
117 47
117 120
117 202
117 180
117 272
117 252
117 74
117 149
117 263
117 90
117 217
117 60
117 24
117 160
117 26
117 114
117 89
117 114
117 213
117 179
117 131
117 158
117 242
117 40
117 129
117 83
117 22
117 215
117 5
117 254
117 197
117 56
117 120
117 135
117 72
117 72
117 86
117 225
117 90
117 123
117 64
117 133
117 3
117 211
117 118
117 104
117 159
117 110
117 251
117 51
117 267
117 82
117 157
117 71
117 254
117 221
117 106
117 155
117 199
117 118
117 174
117 268
117 114
117 242
117 150
117 76
117 17
117 231
117 103
117 35
117 206
117 90
117 165
117 192
117 16
117 62
117 98
117 211
117 132
117 224
117 20
117 207
117 90
117 138
117 168
117 82
117 133
117 57
117 80
117 208
117 244
117 181
117 133
117 2
117 112
117 129
117 228
117 75
117 111
117 88
117 129
117 108
117 28
117 261
117 176
117 30
117 35
117 135
117 164
117 168
117 13
117 47
117 179
117 10
117 194
117 7
117 167
117 32
117 183
117 17
117 250
117 52
117 123
117 53
117 188
117 153
117 209
117 162
117 238
117 200
117 3
117 172
117 153
117 145
117 57
117 93
117 217
117 28
117 137
117 18
117 56
117 260
117 62
117 234
117 249
117 148
117 12
117 33
117 13
117 185
117 160
117 72
117 264
117 97
117 234
117 12
117 35
117 68
117 137
117 111
117 261
117 24
117 196
117 120
117 120
117 42
117 204
117 155
117 252
117 137
117 123
117 217
117 150
117 145
117 154
117 38
117 6
117 155
117 30
117 161
117 246
117 242
117 157
117 168
117 141
117 175
117 139
117 113
117 44
117 20
117 6
117 194
117 55
117 232
117 1
117 154
117 264
117 95
117 132
117 36
117 159
117 62
117 74
117 192
117 74
117 43
117 186
117 256
117 76
117 247
117 54
117 228
117 78
117 234
117 251
117 34
117 219
117 162
117 230
117 270
117 192
117 139
117 214
117 168
117 120
117 44
117 180
117 216
117 211
117 143
117 161
117 20
117 4
117 188
117 260
117 57
117 190
117 263
117 187
117 163
117 206
117 57
117 26
117 86
117 28
117 29
117 18
117 268
117 12
117 76
117 147
117 270
117 183
117 190
117 121
117 126
117 213
117 85
117 223
117 143
117 62
117 148
117 191
117 230
117 221
117 161
117 74
117 94
117 231
117 101
117 146
117 35
117 250
117 39
117 238
117 151
117 171
117 10
117 119
117 273
117 127
117 204
117 232
117 57
117 154
117 147
117 247
117 52
117 92
117 52
117 50
117 127
117 34
117 59
117 2
117 199
117 250
117 29
117 8
117 186
117 173
117 168
117 9
117 149
117 210
117 233
117 109
117 97
117 220
117 134
117 190
117 10
117 193
117 105
117 264
117 204
117 254
117 260
117 249
117 122
117 251
117 42
117 22
117 141
117 130
117 187
117 166
117 116
117 39
117 239
117 149
117 78
117 132
117 246
117 234
117 93
117 65
117 202
117 243
117 127
117 114
117 112
117 194
117 94
117 86
117 119
117 20
117 188
117 138
117 81
117 147
117 251
117 28
117 146
117 14
117 81
117 12
117 172
117 261
117 28
117 25
117 60
117 7
117 186
117 87
117 208
117 186
117 167
117 132
117 125
117 105
117 108
117 118
117 179
117 264
117 15
117 18
117 249
117 183
117 172
117 116
117 215
117 56
117 62
117 34
117 170
117 238
117 259
117 102
117 6
117 9
117 197
117 202
117 190
117 105
117 239
117 214
117 150
117 78
117 1
117 80
117 219
117 84
117 11
117 11
117 50
117 224
117 270
117 247
117 176
117 25
117 96
117 36
117 207
117 251
117 100
117 176
117 253
117 207
117 233
117 72
117 190
117 125
117 254
117 85
117 164
117 115
117 210
117 113
117 164
117 246
117 222
117 31
117 106
117 69
117 269
117 236
117 48
117 48
117 224
117 241
117 126
117 12
117 184
117 229
117 21
117 109
117 241
117 103
117 238
117 51
117 235
117 67
117 207
117 147
117 39
117 87
117 269
117 132
117 154
117 52
117 19
117 186
117 94
117 158
117 217
117 249
117 132
117 5
117 162
117 266
117 205
117 245
117 148
117 209
117 174
117 78
117 126
117 203
117 122
117 125
117 63
117 115
117 10
117 225
117 147
117 185
117 156
117 194
117 221
117 157
117 81
117 31
117 14
117 273
117 2
117 154
117 128
117 55
117 209
117 146
117 203
117 236
117 231
117 53
117 221
117 247
117 47
117 70
117 37
117 157
117 9
117 198
117 12
117 47
117 234
117 91
117 209
117 168
117 195
117 81
117 77
117 120
117 257
117 208
117 262
117 69
117 74
117 170
117 108
117 79
117 242
117 147
117 172
117 238
117 27
117 14
117 16
117 135
117 21
117 259
117 260
117 185
117 106
117 110
117 196
117 144
117 210
117 11
117 183
117 174
117 59
117 263
117 166
117 208
117 18
117 8
117 215
117 144
117 259
117 17
117 132
117 46
117 85
117 12
117 23
117 233
117 158
117 159
117 41
117 129
117 243
117 237
117 237
117 272
117 141
117 24
117 170
117 239
117 147
117 107
117 165
117 197
117 68
117 93
117 238
117 72
117 161
117 87
117 233
117 162
117 179
117 93
117 181
117 69
117 94
117 67
117 167
117 232
117 61
117 130
117 90
117 40
117 186
117 257
117 121
117 5
117 68
117 190
117 199
117 0
117 126
117 59
117 60
117 57
117 49
117 70
117 186
117 59
117 27
117 120
117 171
117 270
117 139
117 150
117 89
117 47
117 89
117 261
117 163
117 167
117 90
117 104
117 90
117 80
117 132
117 137
117 67
117 12
117 144
117 111
117 140
117 100
117 126
117 201
117 243
117 208
117 202
117 236
117 24
117 239
117 113
117 209
117 11
117 217
117 36
117 2
117 255
117 189
117 253
117 75
117 236
117 268
117 179
117 166
117 9
117 163
117 55
117 216
117 172
117 61
117 75
117 215
117 109
117 190
117 68
117 112
117 210
117 102
117 227
117 38
117 49
117 80
117 111
117 127
117 154
117 16
117 22
117 48
117 245
117 98
117 258
117 212
117 164
117 28
117 79
117 108
117 33
117 157
117 152
117 164
117 77
117 82
117 62
117 75
117 27
117 24
117 104
117 160
117 256
117 10
117 222
117 261
117 168
117 148
117 73
117 75
117 197
117 205
117 105
117 28
117 212
117 195
117 62
117 61
117 29
117 156
117 152
117 110
117 2
117 45
117 97
117 129
117 55
117 207
117 272
117 81
117 107
117 151
117 16
117 251
117 211
117 209
117 220
117 84
117 71
117 118
117 4
117 272
117 213
117 168
117 24
117 67
117 141
117 31
117 16
117 110
117 161
117 240
117 22
117 169
117 156
117 96
117 174
117 114
117 85
117 36
117 141
117 155
117 185
117 179
117 65
117 10
117 70
117 48
117 115
117 114
117 48
117 38
117 5
117 146
117 41
117 110
117 226
117 13
117 35
117 212
117 14
117 253
117 259
117 164
117 105
117 187
117 77
117 34
117 70
117 86
117 42
117 133
117 62
117 3
117 1
117 9
117 20
117 27
117 153
117 145
117 85
117 126
117 251
117 20
117 105
117 224
117 63
117 29
117 199
117 114
117 113
117 209
117 155
117 219
117 13
117 95
117 236
117 69
117 62
117 146
117 44
117 57
117 154
117 61
117 95
117 244
117 202
117 65
117 69
117 169
117 124
117 66
117 166
117 28
117 57
117 99
117 143
117 205
117 235
117 134
117 2
117 207
117 93
117 235
117 53
117 227
117 44
117 160
117 85
117 36
117 2
117 163
117 241
117 227
117 28
117 123
117 105
117 152
117 98
117 272
117 40
117 212
117 8
117 111
117 21
117 20
117 75
117 173
117 185
117 100
117 23
117 201
117 0
117 161
117 155
117 115
117 174
117 268
117 86
117 209
117 90
117 178
117 226
117 56
117 245
117 263
117 29
117 253
117 75
117 97
117 48
117 246
117 110
117 33
117 172
117 236
117 32
117 118
117 218
117 259
117 257
117 42
117 200
117 21
117 220
117 2
117 194
117 130
117 28
117 110
117 208
117 101
117 127
117 64
117 157
117 36
117 79
117 121
117 252
117 68
117 34
117 255
117 24
117 164
117 163
117 73
117 95
117 32
117 79
117 89
117 152
117 92
117 32
117 217
117 204
117 204
117 97
117 87
117 180
117 199
117 183
117 20
117 268
117 44
117 165
117 164
117 82
117 229
117 73
117 87
117 30
117 186
117 138
117 134
117 1
117 130
117 85
117 174
117 248
117 246
117 101
117 71
117 150
117 40
117 97
117 157
117 205
117 19
117 253
117 111
117 152
117 52
117 273
117 144
117 170
117 184
117 70
117 115
117 140
117 6
117 172
117 102
117 165
117 182
117 205
117 170
117 245
117 85
117 74
117 264
117 123
117 61
117 80
117 110
117 1
117 61
117 79
117 52
117 100
117 140
117 188
117 34
117 19
117 200
117 151
117 223
117 232
117 241
117 188
117 203
117 66
117 186
117 190
117 21
117 130
117 45
117 246
117 102
117 24
117 196
117 98
117 137
117 235
117 7
117 214
117 193
117 184
117 208
117 190
117 169
117 103
117 106
117 25
117 127
117 190
117 223
117 187
117 233
117 268
117 37
117 193
117 89
117 257
117 20
117 72
117 172
117 265
117 118
117 57
117 93
117 238
117 149
117 206
117 102
117 7
117 122
117 164
117 239
117 175
117 5
117 238
117 207
117 190
117 8
117 268
117 193
117 106
117 9
117 135
117 82
117 13
117 161
117 242
117 1
117 150
117 3
117 246
117 37
117 0
117 194
117 204
117 71
117 85
117 7
117 215
117 144
117 43
117 176
117 7
117 249
117 188
117 210
117 108
117 240
117 83
117 233
117 126
117 155
117 43
117 105
117 217
117 212
117 30
117 52
117 179
117 64
117 135
117 238
117 219
117 189
117 19
117 181
117 7
117 145
117 13
117 28
117 241
117 147
117 169
117 8
117 147
117 210
117 269
117 94
117 175
117 41
117 190
117 114
117 271
117 1
117 185
117 219
117 9
117 9
117 124
117 94
117 224
117 121
117 35
117 240
117 113
117 118
117 266
117 213
117 186
117 148
117 105
117 131
117 213
117 232
117 26
117 159
117 158
117 137
117 109
117 97
117 50
117 210
117 121
117 11
117 215
117 131
117 160
117 1
117 189
117 155
117 166
117 240
117 232
117 22
117 226
117 0
117 18
117 226
117 73
117 109
117 178
117 181
117 90
117 101
117 34
117 41
117 159
117 126
117 262
117 55
117 121
117 181
117 19
117 242
117 147
117 109
117 234
117 167
117 29
117 73
117 185
117 108
117 247
117 186
117 227
117 177
117 30
117 17
117 72
117 48
117 59
117 126
117 38
117 89
117 6
117 238
117 206
117 11
117 59
117 20
117 215
117 180
117 143
117 35
117 83
117 195
117 179
117 210
117 264
117 79
117 240
117 128
117 98
117 17
117 206
117 130
117 203
117 124
117 250
117 38
117 36
117 77
117 98
117 272
117 101
117 94
117 257
117 19
117 16
117 105
117 2
117 33
117 125
117 139
117 230
117 194
117 81
117 61
117 249
117 244
117 50
117 170
117 248
117 94
117 207
117 136
117 153
117 208
117 14
117 95
117 165
117 102
117 51
117 27
117 21
117 3
117 31
117 4
117 155
117 126
117 96
117 146
117 193
117 175
117 94
117 251
117 252
117 179
117 186
117 183
117 83
117 198
117 141
117 94
117 125
117 261
117 134
117 194
117 80
117 253
117 54
117 182
117 268
117 245
117 79
117 269
117 26
117 86
117 151
117 239
117 124
117 232
117 76
117 100
117 260
117 40
117 87
117 7
117 132
117 148
117 101
117 37
117 35
117 54
117 20
117 65
117 97
117 43
117 91
117 89
117 209
117 261
117 31
117 131
117 86
117 140
117 145
117 102
117 45
117 40
117 124
117 95
117 85
117 205
117 188
117 116
117 40
117 4
117 59
117 40
117 227
117 151
117 232
117 8
117 131
117 37
117 255
117 145
117 253
117 115
117 87
117 46
117 273
117 87
117 241
117 92
117 24
117 87
117 34
117 221
117 47
117 231
117 237
117 126
117 94
117 173
117 267
117 215
117 32
117 24
117 90
117 43
117 65
117 188
117 186
117 220
117 82
117 106
117 97
117 97
117 5
117 12
117 196
117 30
117 13
117 151
117 222
117 231
117 215
117 185
117 118
117 239
117 187
117 100
117 125
117 153
117 193
117 251
117 93
117 94
117 257
117 247
117 225
117 174
117 108
117 155
117 124
117 74
117 229
117 154
117 126
117 13
117 125
117 141
117 77
117 74
117 223
117 258
117 131
117 23
117 187
117 156
117 220
117 123
117 271
117 169
117 271
117 265
117 197
117 225
117 215
117 128
117 271
117 158
117 161
117 85
117 154
117 46
117 138
117 225
117 239
117 126
117 34
117 153
117 45
117 38
117 42
117 247
117 259
117 189
117 266
117 217
117 263
117 166
117 168
117 152
117 122
117 220
117 160
117 217
117 21
117 1
117 84
117 63
117 176
117 28
117 76
117 273
117 139
